# Pathway	mg_Vega_112_41031-B05_TAGCGCTCGTAAGGAG_L001_kneaddata_concat	mg_Vega_115_41031-B08_CGGAGCCTGTAAGGAG_L001_kneaddata_concat	mg_Vega_123_41031-C04_TAGCGCTCACTGCATA_L001_kneaddata_concat	mg_Vega_126_41031-C07_CGGAGCCTACTGCATA_L001_kneaddata_concat	mg_Vega_134_41031-D03_TAGCGCTCTATCCTCT_L001_kneaddata_concat	mg_Vega_137_41031-D06_CGGAGCCTTATCCTCT_L001_kneaddata_concat
UNMAPPED	167978	242808	257969	234668	233058	222220
UNINTEGRATED	781729	701209	692630	711911	717380	727075
UNINTEGRATED|g__Agathobaculum.s__Agathobaculum_butyriciproducens	1949.83	6223.08	2028.77	1026.48	2509.89	2056.88
UNINTEGRATED|g__Akkermansia.s__Akkermansia_muciniphila	0	1866.84	1120.24	11937.2	10967.6	13765
UNINTEGRATED|g__Alistipes.s__Alistipes_finegoldii	4351.51	0	2955	21910.1	52781.7	8957.53
UNINTEGRATED|g__Alistipes.s__Alistipes_indistinctus	0	0	0	1256.09	1060.59	506.145
UNINTEGRATED|g__Alistipes.s__Alistipes_putredinis	3011.08	6038.17	5779.94	8356.96	44674.1	16598.9
UNINTEGRATED|g__Alistipes.s__Alistipes_putredinis_CAG_67	266.213	1700.52	1380.02	1430.9	9329.22	4320.13
UNINTEGRATED|g__Alistipes.s__Alistipes_sp_An31A	0	811.872	0	0	0	0
UNINTEGRATED|g__Anaerostipes.s__Anaerostipes_hadrus	12090.8	0	6550.45	13719.8	4723.67	9740.22
UNINTEGRATED|g__Bacteroides.s__Bacteroides_caccae	7046.62	0	0	3098.21	7244.15	0
UNINTEGRATED|g__Bacteroides.s__Bacteroides_cellulosilyticus	11220.3	0	0	12154.5	0	10988.7
UNINTEGRATED|g__Bacteroides.s__Bacteroides_clarus	0	1180.42	0	2667.07	4763.98	0
UNINTEGRATED|g__Bacteroides.s__Bacteroides_coprocola	46610.6	0	0	0	0	0
UNINTEGRATED|g__Bacteroides.s__Bacteroides_coprocola_CAG_162	30112.2	0	0	0	0	0
UNINTEGRATED|g__Bacteroides.s__Bacteroides_dorei	0	4434.05	13859.2	9456.58	60305.2	41643.6
UNINTEGRATED|g__Bacteroides.s__Bacteroides_eggerthii	0	0	11971	4452.44	34350.7	0
UNINTEGRATED|g__Bacteroides.s__Bacteroides_faecis	0	0	0	0	4113.05	0
UNINTEGRATED|g__Bacteroides.s__Bacteroides_finegoldii	0	0	0	1555.37	0	0
UNINTEGRATED|g__Bacteroides.s__Bacteroides_fragilis	0	0	0	0	0	22039.7
UNINTEGRATED|g__Bacteroides.s__Bacteroides_fragilis_CAG_47	0	0	0	0	0	901.267
UNINTEGRATED|g__Bacteroides.s__Bacteroides_massiliensis	9525.99	2095.24	6807.38	0	7440.86	0
UNINTEGRATED|g__Bacteroides.s__Bacteroides_ovatus	35213.9	0	0	9918.45	25134.6	9114.73
UNINTEGRATED|g__Bacteroides.s__Bacteroides_plebeius	0	2391.84	0	2286.9	0	0
UNINTEGRATED|g__Bacteroides.s__Bacteroides_plebeius_CAG_211	0	800.574	0	661.796	0	0
UNINTEGRATED|g__Bacteroides.s__Bacteroides_salyersiae	5148.15	0	2967.54	1092.15	0	0
UNINTEGRATED|g__Bacteroides.s__Bacteroides_sp_CAG_144	0	0	2662.73	0	1283.06	0
UNINTEGRATED|g__Bacteroides.s__Bacteroides_sp_CAG_598	0	7018.28	0	0	0	0
UNINTEGRATED|g__Bacteroides.s__Bacteroides_sp_CAG_633	0	1381.42	0	0	0	0
UNINTEGRATED|g__Bacteroides.s__Bacteroides_stercoris	0	0	3975.08	3037.13	0	12069.9
UNINTEGRATED|g__Bacteroides.s__Bacteroides_thetaiotaomicron	15988.1	0	12444.4	0	0	7195.63
UNINTEGRATED|g__Bacteroides.s__Bacteroides_uniformis	25292.7	8488.85	26892.6	10939.7	36825.5	28572.3
UNINTEGRATED|g__Bacteroides.s__Bacteroides_uniformis_CAG_3	3668.17	2376.72	7347.81	3301.58	9841.84	7848.81
UNINTEGRATED|g__Bacteroides.s__Bacteroides_vulgatus	72176.8	15145.9	27111.3	7518.26	0	0
UNINTEGRATED|g__Bacteroides.s__Bacteroides_vulgatus_CAG_6	18513	3857.25	6139.18	1722.78	0	0
UNINTEGRATED|g__Bacteroides.s__Bacteroides_xylanisolvens	0	0	5779.33	0	10458.1	7004.45
UNINTEGRATED|g__Barnesiella.s__Barnesiella_intestinihominis	914.252	731.174	1220.04	1077.23	17180.2	3360.49
UNINTEGRATED|g__Barnesiella.s__Barnesiella_viscericola	0	0	3623.57	0	0	0
UNINTEGRATED|g__Bifidobacterium.s__Bifidobacterium_adolescentis	0	1881.77	0	0	0	21551.8
UNINTEGRATED|g__Bifidobacterium.s__Bifidobacterium_longum	6894.46	459.037	17687.3	3558.58	4474.89	25048.9
UNINTEGRATED|g__Bifidobacterium.s__Bifidobacterium_longum_CAG_69	1870.73	84.4323	5072.09	1042.15	1314.66	6271.57
UNINTEGRATED|g__Bifidobacterium.s__Bifidobacterium_pseudocatenulatum	0	0	8102.89	1406.7	0	9219.51
UNINTEGRATED|g__Bilophila.s__Bilophila_wadsworthia	0	0	0	0	3025.19	0
UNINTEGRATED|g__Blastocystis.s__Blastocystis_sp_subtype_1	0	0	1022.12	0	0	0
UNINTEGRATED|g__Blautia.s__Blautia_obeum	23043.1	54183.5	22381.2	0	14835.2	11334.7
UNINTEGRATED|g__Blautia.s__Blautia_wexlerae	8199.67	0	0	11167.2	0	5196.79
UNINTEGRATED|g__Blautia.s__Ruminococcus_torques	0	24872.6	21763.6	23218.9	9317.2	7898.52
UNINTEGRATED|g__Butyricimonas.s__Butyricimonas_virosa	0	525.882	0	645.235	0	0
UNINTEGRATED|g__Butyrivibrio.s__Butyrivibrio_crossotus	0	0	10921.6	0	0	0
UNINTEGRATED|g__Butyrivibrio.s__Butyrivibrio_crossotus_CAG_259	0	0	3615.27	0	0	0
UNINTEGRATED|g__Butyrivibrio.s__Butyrivibrio_sp_CAG_318	0	2493.21	0	0	0	0
UNINTEGRATED|g__Clostridium.s__Clostridium_sp_CAG_167	0	0	1484.19	0	0	0
UNINTEGRATED|g__Clostridium.s__Clostridium_sp_CAG_253	0	0	0	386.748	0	0
UNINTEGRATED|g__Clostridium.s__Clostridium_sp_CAG_411	0	0	379.266	0	0	0
UNINTEGRATED|g__Clostridium.s__Clostridium_sp_CAG_58	0	815.097	0	0	0	0
UNINTEGRATED|g__Clostridium.s__Clostridium_sp_CAG_632	0	0	6071	0	0	0
UNINTEGRATED|g__Coprobacter.s__Coprobacter_fastidiosus	0	0	0	0	0	258.951
UNINTEGRATED|g__Coprococcus.s__Coprococcus_catus	1108.5	2950.85	1959.18	2062.03	1705.98	2132.47
UNINTEGRATED|g__Coprococcus.s__Coprococcus_comes	6138.98	6262.66	5784.33	8435.62	3225.66	4009.24
UNINTEGRATED|g__Coprococcus.s__Coprococcus_comes_CAG_19	701.223	793.115	1404.85	2161.29	536.281	894.73
UNINTEGRATED|g__Coprococcus.s__Coprococcus_eutactus	0	0	0	7713.99	3560.93	4756.86
UNINTEGRATED|g__Coprococcus.s__Coprococcus_eutactus_CAG_665	0	0	0	196.707	81.4998	156.207
UNINTEGRATED|g__Desulfovibrio.s__Desulfovibrio_piger	0	5949.67	0	3297.85	0	0
UNINTEGRATED|g__Dialister.s__Dialister_invisus	0	0	0	0	11697.7	0
UNINTEGRATED|g__Dialister.s__Dialister_invisus_CAG_218	0	0	0	0	10624	0
UNINTEGRATED|g__Dialister.s__Dialister_sp_CAG_357	0	0	0	0	0	7934.45
UNINTEGRATED|g__Dialister.s__Dialister_succinatiphilus	0	0	0	6392.17	0	0
UNINTEGRATED|g__Dorea.s__Dorea_formicigenerans	4444.56	7473.53	3950.68	0	1635.92	3684.91
UNINTEGRATED|g__Dorea.s__Dorea_formicigenerans_CAG_28	275.133	1195.49	194.152	0	125.009	231.668
UNINTEGRATED|g__Dorea.s__Dorea_longicatena	0	11300.1	4607.42	3797.77	3261.26	3173.09
UNINTEGRATED|g__Dorea.s__Dorea_longicatena_CAG_42	0	9357.22	602.426	376.8	843.67	1504.04
UNINTEGRATED|g__Dorea.s__Dorea_sp_CAG_317	0	857.257	0	0	0	0
UNINTEGRATED|g__Eggerthella.s__Eggerthella_lenta	623.885	0	0	0	658.643	0
UNINTEGRATED|g__Escherichia.s__Escherichia_coli	0	0	0	67090.3	0	0
UNINTEGRATED|g__Eubacterium.s__Eubacterium_eligens	4754.93	0	1508.43	2555.15	933.052	1345.16
UNINTEGRATED|g__Eubacterium.s__Eubacterium_eligens_CAG_72	3610.21	0	278.413	855.754	149.082	169.544
UNINTEGRATED|g__Eubacterium.s__Eubacterium_hallii	5439.15	5324.19	6369.69	2866.81	2795.28	4569.52
UNINTEGRATED|g__Eubacterium.s__Eubacterium_hallii_CAG_12	1105.91	580.444	2189.93	403.623	824.016	2118.25
UNINTEGRATED|g__Eubacterium.s__Eubacterium_ramulus	2814.51	0	2755.69	5371.53	1612.13	2164
UNINTEGRATED|g__Eubacterium.s__Eubacterium_sp_CAG_180	0	0	0	10833.7	0	0
UNINTEGRATED|g__Eubacterium.s__Eubacterium_sp_CAG_274	0	0	1644.75	0	0	0
UNINTEGRATED|g__Eubacterium.s__Eubacterium_sp_CAG_38	809.708	314.04	1643.96	0	0	272.826
UNINTEGRATED|g__Eubacterium.s__Eubacterium_ventriosum	0	0	4871.39	3301.5	0	0
UNINTEGRATED|g__Faecalibacterium.s__Faecalibacterium_prausnitzii	104767	138226	61379.5	15335.4	22014.3	22274.2
UNINTEGRATED|g__Faecalitalea.s__Faecalitalea_cylindroides	0	1132.24	0	0	0	0
UNINTEGRATED|g__Firmicutes_unclassified.s__Firmicutes_bacterium_CAG_110	0	1014.72	8221.38	2876.72	0	3380.81
UNINTEGRATED|g__Firmicutes_unclassified.s__Firmicutes_bacterium_CAG_170	0	0	0	189.815	1306.53	0
UNINTEGRATED|g__Firmicutes_unclassified.s__Firmicutes_bacterium_CAG_83	0	449.759	0	926.816	0	0
UNINTEGRATED|g__Firmicutes_unclassified.s__Firmicutes_bacterium_CAG_94	0	2225.86	488.419	0	0	0
UNINTEGRATED|g__Firmicutes_unclassified.s__Firmicutes_bacterium_CAG_95	0	1679.93	0	3192.33	0	0
UNINTEGRATED|g__Flavonifractor.s__Flavonifractor_plautii	0	2879.47	0	0	0	0
UNINTEGRATED|g__Fusicatenibacter.s__Fusicatenibacter_saccharivorans	9271.02	15727.7	7245.8	27010.4	10597.2	3161.11
UNINTEGRATED|g__Gemmiger.s__Gemmiger_formicilis	11739.6	8782.64	5366.53	8191.68	3187.68	1924
UNINTEGRATED|g__Intestinibacter.s__Intestinibacter_bartlettii	0	0	0	468.305	0	0
UNINTEGRATED|g__Lachnospira.s__Lachnospira_pectinoschiza	0	0	3510.78	0	0	1427.88
UNINTEGRATED|g__Lachnospiraceae_unclassified.s__Eubacterium_rectale	76973.7	0	0	14927.3	5948.94	0
UNINTEGRATED|g__Lawsonibacter.s__Lawsonibacter_asaccharolyticus	0	1974.61	0	0	0	0
UNINTEGRATED|g__Megamonas.s__Megamonas_funiformis	0	8387.35	0	0	0	0
UNINTEGRATED|g__Megamonas.s__Megamonas_funiformis_CAG_377	0	7480.12	0	0	0	0
UNINTEGRATED|g__Megamonas.s__Megamonas_hypermegale	0	7345	0	0	0	0
UNINTEGRATED|g__Methanobrevibacter.s__Methanobrevibacter_smithii	0	401.924	1327.89	0	2443.63	1700.32
UNINTEGRATED|g__Methanobrevibacter.s__Methanobrevibacter_smithii_CAG_186	0	240.163	961.486	0	2189.08	1394.56
UNINTEGRATED|g__Monoglobus.s__Monoglobus_pectinilyticus	0	0	0	0	0	1494.7
UNINTEGRATED|g__Odoribacter.s__Odoribacter_laneus	0	0	1197.97	0	0	0
UNINTEGRATED|g__Odoribacter.s__Odoribacter_laneus_CAG_561	0	0	880.448	0	0	0
UNINTEGRATED|g__Oscillibacter.s__Oscillibacter_sp_CAG_241	0	1729.88	1567.41	0	0	0
UNINTEGRATED|g__Oxalobacter.s__Oxalobacter_formigenes	0	0	0	935.595	0	0
UNINTEGRATED|g__Parabacteroides.s__Parabacteroides_distasonis	19743.9	3418.93	10672.2	2337.11	28000	11512.7
UNINTEGRATED|g__Parabacteroides.s__Parabacteroides_goldsteinii	0	0	2079.88	0	0	0
UNINTEGRATED|g__Parabacteroides.s__Parabacteroides_merdae	10349.3	1882.89	7522.09	2818.12	0	0
UNINTEGRATED|g__Parabacteroides.s__Parabacteroides_sp_CAG_409	0	3227.81	0	0	0	0
UNINTEGRATED|g__Paraprevotella.s__Paraprevotella_clara	0	2532.62	0	0	0	0
UNINTEGRATED|g__Paraprevotella.s__Paraprevotella_clara_CAG_116	0	1510.34	0	0	0	0
UNINTEGRATED|g__Paraprevotella.s__Paraprevotella_xylaniphila	2510.21	558.004	0	0	3632.34	0
UNINTEGRATED|g__Parasutterella.s__Parasutterella_excrementihominis	0	0	0	0	2886.65	868.637
UNINTEGRATED|g__Phascolarctobacterium.s__Phascolarctobacterium_faecium	6482.67	0	0	0	0	0
UNINTEGRATED|g__Phascolarctobacterium.s__Phascolarctobacterium_sp_CAG_266	0	10581.7	3357.78	0	0	0
UNINTEGRATED|g__Prevotella.s__Prevotella_copri	0	7290.58	0	0	0	0
UNINTEGRATED|g__Prevotella.s__Prevotella_copri_CAG_164	0	4610.15	0	0	0	0
UNINTEGRATED|g__Prevotella.s__Prevotella_sp_CAG_279	0	3542.81	0	0	0	54422.8
UNINTEGRATED|g__Prevotella.s__Prevotella_sp_CAG_485	0	0	0	2598.56	0	0
UNINTEGRATED|g__Roseburia.s__Roseburia_faecis	0	2032.8	17470.5	0	0	17367.1
UNINTEGRATED|g__Roseburia.s__Roseburia_hominis	0	8403.35	0	5684.17	3366.86	2365.32
UNINTEGRATED|g__Roseburia.s__Roseburia_intestinalis	0	3448.03	2527.65	2203.02	0	4700.19
UNINTEGRATED|g__Roseburia.s__Roseburia_intestinalis_CAG_13	0	350.226	291.129	289.261	0	861.121
UNINTEGRATED|g__Roseburia.s__Roseburia_inulinivorans	3030.92	6306.36	2842.2	4270.53	0	5593.78
UNINTEGRATED|g__Roseburia.s__Roseburia_inulinivorans_CAG_15	200.403	1031.92	109.657	558.195	0	1167.53
UNINTEGRATED|g__Roseburia.s__Roseburia_sp_CAG_182	0	0	0	6900.81	295.358	0
UNINTEGRATED|g__Roseburia.s__Roseburia_sp_CAG_471	4723.34	0	0	0	367.681	1114.66
UNINTEGRATED|g__Ruminococcaceae_unclassified.s__Eubacterium_siraeum	0	0	4578.27	2717.13	1372.38	18359
UNINTEGRATED|g__Ruminococcus.s__Ruminococcus_bicirculans	5741.26	2341.99	0	3166.6	0	1231.73
UNINTEGRATED|g__Ruminococcus.s__Ruminococcus_bromii	0	54016.4	22894.1	12485.2	11829.5	25178.9
UNINTEGRATED|g__Ruminococcus.s__Ruminococcus_callidus	0	0	0	8063.41	0	0
UNINTEGRATED|g__Ruminococcus.s__Ruminococcus_lactaris	0	0	4518.55	13254.6	1771.3	1170.38
UNINTEGRATED|g__Ruthenibacterium.s__Ruthenibacterium_lactatiformans	0	2096.59	0	1610.8	2011.02	1602.64
UNINTEGRATED|g__Streptococcus.s__Streptococcus_salivarius	0	0	0	480.833	0	0
UNINTEGRATED|g__Streptococcus.s__Streptococcus_salivarius_CAG_79	0	0	0	98.2613	0	0
UNINTEGRATED|g__Streptococcus.s__Streptococcus_thermophilus	0	0	0	659.643	0	0
UNINTEGRATED|g__Streptococcus.s__Streptococcus_thermophilus_CAG_236	0	0	0	111.872	0	0
UNINTEGRATED|unclassified	115674	187840	191589	173580	169072	150678
1CMET2-PWY: N10-formyl-tetrahydrofolate biosynthesis	448.815	456.545	434.364	425.796	560.554	469.97
1CMET2-PWY: N10-formyl-tetrahydrofolate biosynthesis|g__Akkermansia.s__Akkermansia_muciniphila	0	1.71915	1.19201	11.9822	11.5882	12.1099
1CMET2-PWY: N10-formyl-tetrahydrofolate biosynthesis|g__Alistipes.s__Alistipes_finegoldii	4.28256	0	3.96314	19.7967	53.3909	5.69705
1CMET2-PWY: N10-formyl-tetrahydrofolate biosynthesis|g__Alistipes.s__Alistipes_indistinctus	0	0	0	2.05496	1.81097	0.927801
1CMET2-PWY: N10-formyl-tetrahydrofolate biosynthesis|g__Alistipes.s__Alistipes_putredinis	0.577775	2.79305	4.03399	5.18647	33.5538	10.9986
1CMET2-PWY: N10-formyl-tetrahydrofolate biosynthesis|g__Alistipes.s__Alistipes_putredinis_CAG_67	0	0	1.41467	0	0	0.449209
1CMET2-PWY: N10-formyl-tetrahydrofolate biosynthesis|g__Alistipes.s__Alistipes_sp_An31A	0	1.41163	0	0	0	0
1CMET2-PWY: N10-formyl-tetrahydrofolate biosynthesis|g__Anaerostipes.s__Anaerostipes_hadrus	14.095	0	5.25692	11.8356	4.12648	8.91722
1CMET2-PWY: N10-formyl-tetrahydrofolate biosynthesis|g__Bacteroides.s__Bacteroides_caccae	0.81652	0	0	1.05051	1.72894	0
1CMET2-PWY: N10-formyl-tetrahydrofolate biosynthesis|g__Bacteroides.s__Bacteroides_cellulosilyticus	0	0	0	0	0	2.26934
1CMET2-PWY: N10-formyl-tetrahydrofolate biosynthesis|g__Bacteroides.s__Bacteroides_clarus	0	0.511636	0	1.65848	2.80826	0
1CMET2-PWY: N10-formyl-tetrahydrofolate biosynthesis|g__Bacteroides.s__Bacteroides_coprocola	42.9193	0	0	0	0	0
1CMET2-PWY: N10-formyl-tetrahydrofolate biosynthesis|g__Bacteroides.s__Bacteroides_coprocola_CAG_162	22.3117	0	0	0	0	0
1CMET2-PWY: N10-formyl-tetrahydrofolate biosynthesis|g__Bacteroides.s__Bacteroides_dorei	0	0.881484	4.21138	5.54171	36.0296	23.7597
1CMET2-PWY: N10-formyl-tetrahydrofolate biosynthesis|g__Bacteroides.s__Bacteroides_eggerthii	0	0	8.59538	4.10341	32.8596	0
1CMET2-PWY: N10-formyl-tetrahydrofolate biosynthesis|g__Bacteroides.s__Bacteroides_faecis	0	0	0	0	1.81615	0
1CMET2-PWY: N10-formyl-tetrahydrofolate biosynthesis|g__Bacteroides.s__Bacteroides_finegoldii	0	0	0	0.392374	0	0
1CMET2-PWY: N10-formyl-tetrahydrofolate biosynthesis|g__Bacteroides.s__Bacteroides_fragilis	0	0	0	0	0	1.28251
1CMET2-PWY: N10-formyl-tetrahydrofolate biosynthesis|g__Bacteroides.s__Bacteroides_fragilis_CAG_47	0	0	0	0	0	1.15386
1CMET2-PWY: N10-formyl-tetrahydrofolate biosynthesis|g__Bacteroides.s__Bacteroides_massiliensis	9.37438	1.17459	5.87795	0	7.27897	0
1CMET2-PWY: N10-formyl-tetrahydrofolate biosynthesis|g__Bacteroides.s__Bacteroides_ovatus	10.0836	0	0	3.25596	11.4501	2.18463
1CMET2-PWY: N10-formyl-tetrahydrofolate biosynthesis|g__Bacteroides.s__Bacteroides_plebeius_CAG_211	0	1.87455	0	1.53863	0	0
1CMET2-PWY: N10-formyl-tetrahydrofolate biosynthesis|g__Bacteroides.s__Bacteroides_salyersiae	2.51894	0	1.55158	0.434819	0	0
1CMET2-PWY: N10-formyl-tetrahydrofolate biosynthesis|g__Bacteroides.s__Bacteroides_sp_CAG_598	0	9.02167	0	0	0	0
1CMET2-PWY: N10-formyl-tetrahydrofolate biosynthesis|g__Bacteroides.s__Bacteroides_sp_CAG_633	0	1.34032	0	0	0	0
1CMET2-PWY: N10-formyl-tetrahydrofolate biosynthesis|g__Bacteroides.s__Bacteroides_stercoris	0	0	0.912841	1.33557	0	6.63941
1CMET2-PWY: N10-formyl-tetrahydrofolate biosynthesis|g__Bacteroides.s__Bacteroides_thetaiotaomicron	4.83883	0	4.57658	0	0	2.38608
1CMET2-PWY: N10-formyl-tetrahydrofolate biosynthesis|g__Bacteroides.s__Bacteroides_uniformis	4.22288	2.61343	9.96029	4.8978	12.8025	8.32851
1CMET2-PWY: N10-formyl-tetrahydrofolate biosynthesis|g__Bacteroides.s__Bacteroides_uniformis_CAG_3	2.78738	2.07539	8.04015	3.46143	11.6602	8.75125
1CMET2-PWY: N10-formyl-tetrahydrofolate biosynthesis|g__Bacteroides.s__Bacteroides_vulgatus	31.4198	5.70148	9.37806	2.89976	0	0
1CMET2-PWY: N10-formyl-tetrahydrofolate biosynthesis|g__Bacteroides.s__Bacteroides_vulgatus_CAG_6	26.2141	6.29667	8.51892	1.93824	0	0
1CMET2-PWY: N10-formyl-tetrahydrofolate biosynthesis|g__Bacteroides.s__Bacteroides_xylanisolvens	0	0	1.54989	0	1.48141	3.25538
1CMET2-PWY: N10-formyl-tetrahydrofolate biosynthesis|g__Barnesiella.s__Barnesiella_intestinihominis	1.0795	0.993065	0.517286	1.25019	22.7461	3.67838
1CMET2-PWY: N10-formyl-tetrahydrofolate biosynthesis|g__Barnesiella.s__Barnesiella_viscericola	0	0	5.08768	0	0	0
1CMET2-PWY: N10-formyl-tetrahydrofolate biosynthesis|g__Bifidobacterium.s__Bifidobacterium_longum	1.14525	0	4.17259	0	0	0
1CMET2-PWY: N10-formyl-tetrahydrofolate biosynthesis|g__Bifidobacterium.s__Bifidobacterium_longum_CAG_69	2.72072	0	10.8332	2.06533	2.78236	14.6429
1CMET2-PWY: N10-formyl-tetrahydrofolate biosynthesis|g__Bifidobacterium.s__Bifidobacterium_pseudocatenulatum	0	0	9.26083	1.2731	0	10.5783
1CMET2-PWY: N10-formyl-tetrahydrofolate biosynthesis|g__Blautia.s__Blautia_obeum	10.0079	42.8463	7.85319	0	11.5756	5.91384
1CMET2-PWY: N10-formyl-tetrahydrofolate biosynthesis|g__Blautia.s__Blautia_wexlerae	2.92311	0	0	6.97229	0	0.257031
1CMET2-PWY: N10-formyl-tetrahydrofolate biosynthesis|g__Blautia.s__Ruminococcus_torques	0	17.6618	30.7968	18.6128	10.0642	6.73205
1CMET2-PWY: N10-formyl-tetrahydrofolate biosynthesis|g__Butyricimonas.s__Butyricimonas_virosa	0	0.53994	0	0.698652	0	0
1CMET2-PWY: N10-formyl-tetrahydrofolate biosynthesis|g__Butyrivibrio.s__Butyrivibrio_crossotus	0	0	7.57627	0	0	0
1CMET2-PWY: N10-formyl-tetrahydrofolate biosynthesis|g__Butyrivibrio.s__Butyrivibrio_crossotus_CAG_259	0	0	5.5836	0	0	0
1CMET2-PWY: N10-formyl-tetrahydrofolate biosynthesis|g__Butyrivibrio.s__Butyrivibrio_sp_CAG_318	0	2.602	0	0	0	0
1CMET2-PWY: N10-formyl-tetrahydrofolate biosynthesis|g__Coprococcus.s__Coprococcus_catus	0.538388	2.57342	1.44334	1.80005	2.0369	2.53723
1CMET2-PWY: N10-formyl-tetrahydrofolate biosynthesis|g__Coprococcus.s__Coprococcus_comes	0.954677	0.99633	1.3039	2.05978	0.583124	0.915095
1CMET2-PWY: N10-formyl-tetrahydrofolate biosynthesis|g__Coprococcus.s__Coprococcus_comes_CAG_19	0.90711	1.00259	2.043	3.19566	0.935128	1.01966
1CMET2-PWY: N10-formyl-tetrahydrofolate biosynthesis|g__Coprococcus.s__Coprococcus_eutactus	0	0	0	7.38589	3.26676	4.92066
1CMET2-PWY: N10-formyl-tetrahydrofolate biosynthesis|g__Dialister.s__Dialister_sp_CAG_357	0	0	0	0	0	10.1137
1CMET2-PWY: N10-formyl-tetrahydrofolate biosynthesis|g__Dialister.s__Dialister_succinatiphilus	0	0	0	6.95059	0	0
1CMET2-PWY: N10-formyl-tetrahydrofolate biosynthesis|g__Dorea.s__Dorea_formicigenerans	0.168152	1.23664	0	0	0.076848	0.251208
1CMET2-PWY: N10-formyl-tetrahydrofolate biosynthesis|g__Dorea.s__Dorea_formicigenerans_CAG_28	0.367813	0.602261	0	0	0	0.24062
1CMET2-PWY: N10-formyl-tetrahydrofolate biosynthesis|g__Dorea.s__Dorea_longicatena	0	0	0.217879	0.443983	1.05429	0.479651
1CMET2-PWY: N10-formyl-tetrahydrofolate biosynthesis|g__Dorea.s__Dorea_longicatena_CAG_42	0	11.5575	0.643515	0.241405	0.911239	1.83787
1CMET2-PWY: N10-formyl-tetrahydrofolate biosynthesis|g__Dorea.s__Dorea_sp_CAG_317	0	1.1403	0	0	0	0
1CMET2-PWY: N10-formyl-tetrahydrofolate biosynthesis|g__Escherichia.s__Escherichia_coli	0	0	0	14.3543	0	0
1CMET2-PWY: N10-formyl-tetrahydrofolate biosynthesis|g__Eubacterium.s__Eubacterium_hallii	1.97237	1.11172	0.679782	0.487392	0.828059	0.458474
1CMET2-PWY: N10-formyl-tetrahydrofolate biosynthesis|g__Eubacterium.s__Eubacterium_hallii_CAG_12	1.63062	0	2.82455	0.55323	1.30526	2.60102
1CMET2-PWY: N10-formyl-tetrahydrofolate biosynthesis|g__Eubacterium.s__Eubacterium_ramulus	0.718962	0	0.502667	0	0	0.783006
1CMET2-PWY: N10-formyl-tetrahydrofolate biosynthesis|g__Eubacterium.s__Eubacterium_ventriosum	0	0	0.548773	0.37911	0	0
1CMET2-PWY: N10-formyl-tetrahydrofolate biosynthesis|g__Flavonifractor.s__Flavonifractor_plautii	0	0.427815	0	0	0	0
1CMET2-PWY: N10-formyl-tetrahydrofolate biosynthesis|g__Lachnospiraceae_unclassified.s__Eubacterium_rectale	67.1752	0	0	0.238994	0.236876	0
1CMET2-PWY: N10-formyl-tetrahydrofolate biosynthesis|g__Odoribacter.s__Odoribacter_laneus	0	0	1.04497	0	0	0
1CMET2-PWY: N10-formyl-tetrahydrofolate biosynthesis|g__Odoribacter.s__Odoribacter_laneus_CAG_561	0	0	0.81585	0	0	0
1CMET2-PWY: N10-formyl-tetrahydrofolate biosynthesis|g__Oxalobacter.s__Oxalobacter_formigenes	0	0	0	1.21691	0	0
1CMET2-PWY: N10-formyl-tetrahydrofolate biosynthesis|g__Parabacteroides.s__Parabacteroides_distasonis	3.94717	1.05947	4.42561	0	13.1465	3.39938
1CMET2-PWY: N10-formyl-tetrahydrofolate biosynthesis|g__Parabacteroides.s__Parabacteroides_goldsteinii	0	0	0.805729	0	0	0
1CMET2-PWY: N10-formyl-tetrahydrofolate biosynthesis|g__Parabacteroides.s__Parabacteroides_merdae	1.72151	0.551914	2.90439	0.988772	0	0
1CMET2-PWY: N10-formyl-tetrahydrofolate biosynthesis|g__Parabacteroides.s__Parabacteroides_sp_CAG_409	0	3.41	0	0	0	0
1CMET2-PWY: N10-formyl-tetrahydrofolate biosynthesis|g__Paraprevotella.s__Paraprevotella_clara	0	1.14111	0	0	0	0
1CMET2-PWY: N10-formyl-tetrahydrofolate biosynthesis|g__Paraprevotella.s__Paraprevotella_clara_CAG_116	0	1.2927	0	0	0	0
1CMET2-PWY: N10-formyl-tetrahydrofolate biosynthesis|g__Paraprevotella.s__Paraprevotella_xylaniphila	2.18658	0	0	0	3.43686	0
1CMET2-PWY: N10-formyl-tetrahydrofolate biosynthesis|g__Prevotella.s__Prevotella_sp_CAG_279	0	4.05445	0	0	0	63.918
1CMET2-PWY: N10-formyl-tetrahydrofolate biosynthesis|g__Roseburia.s__Roseburia_faecis	0	0.9849	15.6783	0	0	17.475
1CMET2-PWY: N10-formyl-tetrahydrofolate biosynthesis|g__Roseburia.s__Roseburia_hominis	0	6.38784	0	3.48193	2.22485	0.709682
1CMET2-PWY: N10-formyl-tetrahydrofolate biosynthesis|g__Roseburia.s__Roseburia_intestinalis	0	0.0968843	0.416359	0.185696	0	0.923831
1CMET2-PWY: N10-formyl-tetrahydrofolate biosynthesis|g__Roseburia.s__Roseburia_intestinalis_CAG_13	0	0.156212	0.244024	0.399126	0	0.716565
1CMET2-PWY: N10-formyl-tetrahydrofolate biosynthesis|g__Roseburia.s__Roseburia_inulinivorans	0.210568	1.3757	0	0.51175	0	0.636623
1CMET2-PWY: N10-formyl-tetrahydrofolate biosynthesis|g__Roseburia.s__Roseburia_inulinivorans_CAG_15	0	0	0	0.728315	0	1.52472
1CMET2-PWY: N10-formyl-tetrahydrofolate biosynthesis|g__Roseburia.s__Roseburia_sp_CAG_471	6.22827	0	0	0	0	1.72563
1CMET2-PWY: N10-formyl-tetrahydrofolate biosynthesis|g__Ruminococcaceae_unclassified.s__Eubacterium_siraeum	0	0	4.36179	2.49629	0.989814	20.1943
1CMET2-PWY: N10-formyl-tetrahydrofolate biosynthesis|g__Ruminococcus.s__Ruminococcus_lactaris	0	0	1.90299	8.7504	0.527862	0.372179
1CMET2-PWY: N10-formyl-tetrahydrofolate biosynthesis|g__Streptococcus.s__Streptococcus_thermophilus	0	0	0	0.157239	0	0
1CMET2-PWY: N10-formyl-tetrahydrofolate biosynthesis|g__Streptococcus.s__Streptococcus_thermophilus_CAG_236	0	0	0	0.116241	0	0
1CMET2-PWY: N10-formyl-tetrahydrofolate biosynthesis|unclassified	76.9847	150.327	161.582	130.477	146.865	97.4742
3-HYDROXYPHENYLACETATE-DEGRADATION-PWY: 4-hydroxyphenylacetate degradation	0	0	0	0.0858544	0	0
3-HYDROXYPHENYLACETATE-DEGRADATION-PWY: 4-hydroxyphenylacetate degradation|unclassified	0	0	0	0.0848897	0	0
AEROBACTINSYN-PWY: aerobactin biosynthesis	0	0	0	4.70342	0	0
AEROBACTINSYN-PWY: aerobactin biosynthesis|g__Escherichia.s__Escherichia_coli	0	0	0	4.60889	0	0
ALLANTOINDEG-PWY: superpathway of allantoin degradation in yeast	0	4.27352	11.926	12.22	0	4.95692
ALLANTOINDEG-PWY: superpathway of allantoin degradation in yeast|unclassified	0	0	1.20128	0	0	0
ANAEROFRUCAT-PWY: homolactic fermentation	209.656	256.031	308.602	279.045	289.799	330.977
ANAEROFRUCAT-PWY: homolactic fermentation|g__Escherichia.s__Escherichia_coli	0	0	0	24.5934	0	0
ANAEROFRUCAT-PWY: homolactic fermentation|unclassified	28.9354	83.8044	71.7794	69.1191	63.6621	62.987
ANAGLYCOLYSIS-PWY: glycolysis III (from glucose)	508.669	319.031	469.972	378.068	446.479	485.956
ANAGLYCOLYSIS-PWY: glycolysis III (from glucose)|g__Anaerostipes.s__Anaerostipes_hadrus	0	0	0	11.2373	0	0
ANAGLYCOLYSIS-PWY: glycolysis III (from glucose)|g__Bacteroides.s__Bacteroides_cellulosilyticus	0.568383	0	0	0.245023	0	2.82576
ANAGLYCOLYSIS-PWY: glycolysis III (from glucose)|g__Bacteroides.s__Bacteroides_fragilis	0	0	0	0	0	1.12739
ANAGLYCOLYSIS-PWY: glycolysis III (from glucose)|g__Bacteroides.s__Bacteroides_fragilis_CAG_47	0	0	0	0	0	0.915625
ANAGLYCOLYSIS-PWY: glycolysis III (from glucose)|g__Bacteroides.s__Bacteroides_salyersiae	2.52894	0	1.64042	0.665372	0	0
ANAGLYCOLYSIS-PWY: glycolysis III (from glucose)|g__Bifidobacterium.s__Bifidobacterium_longum	3.14337	0	8.36514	1.64329	2.14167	9.17187
ANAGLYCOLYSIS-PWY: glycolysis III (from glucose)|g__Bifidobacterium.s__Bifidobacterium_longum_CAG_69	1.89178	0	8.73539	1.17857	0	11.1569
ANAGLYCOLYSIS-PWY: glycolysis III (from glucose)|g__Bifidobacterium.s__Bifidobacterium_pseudocatenulatum	0	0	9.7992	1.71082	0	11.5267
ANAGLYCOLYSIS-PWY: glycolysis III (from glucose)|g__Dorea.s__Dorea_longicatena	0	0	0.541183	0	0	0.266296
ANAGLYCOLYSIS-PWY: glycolysis III (from glucose)|g__Dorea.s__Dorea_longicatena_CAG_42	0	11.176	0.743037	0	0.74344	1.9824
ANAGLYCOLYSIS-PWY: glycolysis III (from glucose)|g__Escherichia.s__Escherichia_coli	0	0	0	27.3058	0	0
ANAGLYCOLYSIS-PWY: glycolysis III (from glucose)|g__Parabacteroides.s__Parabacteroides_distasonis	4.30498	1.6435	6.39045	0.279509	16.8101	4.33115
ANAGLYCOLYSIS-PWY: glycolysis III (from glucose)|g__Parabacteroides.s__Parabacteroides_goldsteinii	0	0	0.803762	0	0	0
ANAGLYCOLYSIS-PWY: glycolysis III (from glucose)|g__Streptococcus.s__Streptococcus_salivarius	0	0	0	0.275409	0	0
ANAGLYCOLYSIS-PWY: glycolysis III (from glucose)|g__Streptococcus.s__Streptococcus_salivarius_CAG_79	0	0	0	0.371875	0	0
ANAGLYCOLYSIS-PWY: glycolysis III (from glucose)|g__Streptococcus.s__Streptococcus_thermophilus	0	0	0	0.258046	0	0
ANAGLYCOLYSIS-PWY: glycolysis III (from glucose)|unclassified	56.0893	115.916	98.5129	84.3722	79.7573	71.1196
ARG+POLYAMINE-SYN: superpathway of arginine and polyamine biosynthesis	15.2512	91.3023	36.6261	126.529	32.296	82.2098
ARG+POLYAMINE-SYN: superpathway of arginine and polyamine biosynthesis|g__Escherichia.s__Escherichia_coli	0	0	0	21.2217	0	0
ARG+POLYAMINE-SYN: superpathway of arginine and polyamine biosynthesis|unclassified	4.86943	19.0718	7.09525	22.8346	10.3463	4.44312
ARGDEG-PWY: superpathway of L-arginine, putrescine, and 4-aminobutanoate degradation	0	0	0	0.226453	0.625146	0
ARGDEG-PWY: superpathway of L-arginine, putrescine, and 4-aminobutanoate degradation|unclassified	0	0	0	0.214154	0.530165	0
ARGININE-SYN4-PWY: L-ornithine de novo  biosynthesis	262.127	68.6692	104.148	63.4693	176.456	97.2709
ARGININE-SYN4-PWY: L-ornithine de novo  biosynthesis|g__Bacteroides.s__Bacteroides_caccae	0.744412	0	0	0.806935	1.32944	0
ARGININE-SYN4-PWY: L-ornithine de novo  biosynthesis|g__Bacteroides.s__Bacteroides_cellulosilyticus	3.71418	0	0	5.53833	0	4.26047
ARGININE-SYN4-PWY: L-ornithine de novo  biosynthesis|g__Bacteroides.s__Bacteroides_clarus	0	0.530959	0	1.4711	2.32904	0
ARGININE-SYN4-PWY: L-ornithine de novo  biosynthesis|g__Bacteroides.s__Bacteroides_coprocola	16.3728	0	0	0	0	0
ARGININE-SYN4-PWY: L-ornithine de novo  biosynthesis|g__Bacteroides.s__Bacteroides_coprocola_CAG_162	56.3111	0	0	0	0	0
ARGININE-SYN4-PWY: L-ornithine de novo  biosynthesis|g__Bacteroides.s__Bacteroides_dorei	0	0.961223	4.09696	4.67641	32.9603	21.2433
ARGININE-SYN4-PWY: L-ornithine de novo  biosynthesis|g__Bacteroides.s__Bacteroides_eggerthii	0	0	9.94567	3.21279	30.6465	0
ARGININE-SYN4-PWY: L-ornithine de novo  biosynthesis|g__Bacteroides.s__Bacteroides_faecis	0	0	0	0	1.40312	0
ARGININE-SYN4-PWY: L-ornithine de novo  biosynthesis|g__Bacteroides.s__Bacteroides_finegoldii	0	0	0	0.427343	0	0
ARGININE-SYN4-PWY: L-ornithine de novo  biosynthesis|g__Bacteroides.s__Bacteroides_fragilis	0	0	0	0	0	1.00827
ARGININE-SYN4-PWY: L-ornithine de novo  biosynthesis|g__Bacteroides.s__Bacteroides_fragilis_CAG_47	0	0	0	0	0	0.99689
ARGININE-SYN4-PWY: L-ornithine de novo  biosynthesis|g__Bacteroides.s__Bacteroides_massiliensis	9.15714	1.51559	7.39494	0	7.42691	0
ARGININE-SYN4-PWY: L-ornithine de novo  biosynthesis|g__Bacteroides.s__Bacteroides_ovatus	10.3681	0	0	3.00804	12.2148	2.16769
ARGININE-SYN4-PWY: L-ornithine de novo  biosynthesis|g__Bacteroides.s__Bacteroides_plebeius	0	2.76991	0	0.436266	0	0
ARGININE-SYN4-PWY: L-ornithine de novo  biosynthesis|g__Bacteroides.s__Bacteroides_salyersiae	2.505	0	1.67359	0.696482	0	0
ARGININE-SYN4-PWY: L-ornithine de novo  biosynthesis|g__Bacteroides.s__Bacteroides_sp_CAG_598	0	7.81497	0	0	0	0
ARGININE-SYN4-PWY: L-ornithine de novo  biosynthesis|g__Bacteroides.s__Bacteroides_stercoris	0	0	1.00899	0.713363	0	7.30832
ARGININE-SYN4-PWY: L-ornithine de novo  biosynthesis|g__Bacteroides.s__Bacteroides_thetaiotaomicron	4.69976	0	3.97945	0	0	1.95116
ARGININE-SYN4-PWY: L-ornithine de novo  biosynthesis|g__Bacteroides.s__Bacteroides_uniformis	4.235	2.55383	7.84841	2.68657	12.1736	9.76799
ARGININE-SYN4-PWY: L-ornithine de novo  biosynthesis|g__Bacteroides.s__Bacteroides_uniformis_CAG_3	2.55621	1.88407	6.62885	4.29754	7.76913	5.87599
ARGININE-SYN4-PWY: L-ornithine de novo  biosynthesis|g__Bacteroides.s__Bacteroides_vulgatus	37.0849	8.61373	12.1711	3.24293	0	0
ARGININE-SYN4-PWY: L-ornithine de novo  biosynthesis|g__Bacteroides.s__Bacteroides_vulgatus_CAG_6	16.5537	3.27366	4.64124	1.68984	0	0
ARGININE-SYN4-PWY: L-ornithine de novo  biosynthesis|g__Bacteroides.s__Bacteroides_xylanisolvens	0	0	1.48129	0	0.578519	2.69976
ARGININE-SYN4-PWY: L-ornithine de novo  biosynthesis|g__Escherichia.s__Escherichia_coli	0	0	0	12.2977	0	0
ARGININE-SYN4-PWY: L-ornithine de novo  biosynthesis|g__Parabacteroides.s__Parabacteroides_distasonis	4.02413	1.3093	3.59598	0.2238	12.0657	3.38403
ARGININE-SYN4-PWY: L-ornithine de novo  biosynthesis|g__Paraprevotella.s__Paraprevotella_clara	0	1.67017	0	0	0	0
ARGININE-SYN4-PWY: L-ornithine de novo  biosynthesis|g__Paraprevotella.s__Paraprevotella_clara_CAG_116	0	1.82665	0	0	0	0
ARGININE-SYN4-PWY: L-ornithine de novo  biosynthesis|g__Paraprevotella.s__Paraprevotella_xylaniphila	2.36624	0.112941	0	0	3.16861	0
ARGININE-SYN4-PWY: L-ornithine de novo  biosynthesis|unclassified	0.364783	7.82804	2.83636	1.84852	6.81155	0
ARGORNPROST-PWY: arginine, ornithine and proline interconversion	3.99898	25.1627	17.8003	42.5683	27.6785	31.3607
ARGORNPROST-PWY: arginine, ornithine and proline interconversion|unclassified	1.09071	14.0882	15.3288	12.9491	9.02115	5.19145
ARGSYN-PWY: L-arginine biosynthesis I (via L-ornithine)	507.872	808.889	534.705	486.074	407.664	473.483
ARGSYN-PWY: L-arginine biosynthesis I (via L-ornithine)|g__Agathobaculum.s__Agathobaculum_butyriciproducens	5.54476	8.48092	2.91901	1.6691	2.01445	3.03011
ARGSYN-PWY: L-arginine biosynthesis I (via L-ornithine)|g__Alistipes.s__Alistipes_finegoldii	4.97365	0	2.71716	16.9599	54.9308	0
ARGSYN-PWY: L-arginine biosynthesis I (via L-ornithine)|g__Anaerostipes.s__Anaerostipes_hadrus	13.9039	0	4.86558	10.0556	4.2252	7.95024
ARGSYN-PWY: L-arginine biosynthesis I (via L-ornithine)|g__Bifidobacterium.s__Bifidobacterium_adolescentis	0	1.20098	0	0	0	15.5603
ARGSYN-PWY: L-arginine biosynthesis I (via L-ornithine)|g__Bifidobacterium.s__Bifidobacterium_longum	1.79604	0	3.60245	0.858303	0.410432	4.40606
ARGSYN-PWY: L-arginine biosynthesis I (via L-ornithine)|g__Bifidobacterium.s__Bifidobacterium_longum_CAG_69	3.62904	0.244116	12.9024	2.56381	3.1712	15.0029
ARGSYN-PWY: L-arginine biosynthesis I (via L-ornithine)|g__Bifidobacterium.s__Bifidobacterium_pseudocatenulatum	0	0	0	0	0	8.51036
ARGSYN-PWY: L-arginine biosynthesis I (via L-ornithine)|g__Blautia.s__Blautia_obeum	4.99668	19.1668	7.02413	0	1.88263	2.90676
ARGSYN-PWY: L-arginine biosynthesis I (via L-ornithine)|g__Blautia.s__Blautia_wexlerae	8.74631	0	0	13.9089	0	3.41394
ARGSYN-PWY: L-arginine biosynthesis I (via L-ornithine)|g__Blautia.s__Ruminococcus_torques	0	17.5225	30.5615	23.8899	10.0823	6.4692
ARGSYN-PWY: L-arginine biosynthesis I (via L-ornithine)|g__Butyrivibrio.s__Butyrivibrio_crossotus	0	0	11.8903	0	0	0
ARGSYN-PWY: L-arginine biosynthesis I (via L-ornithine)|g__Butyrivibrio.s__Butyrivibrio_crossotus_CAG_259	0	0	4.42083	0	0	0
ARGSYN-PWY: L-arginine biosynthesis I (via L-ornithine)|g__Butyrivibrio.s__Butyrivibrio_sp_CAG_318	0	3.10139	0	0	0	0
ARGSYN-PWY: L-arginine biosynthesis I (via L-ornithine)|g__Clostridium.s__Clostridium_sp_CAG_167	0	0	1.8895	0	0	0
ARGSYN-PWY: L-arginine biosynthesis I (via L-ornithine)|g__Clostridium.s__Clostridium_sp_CAG_632	0	0	7.30161	0	0	0
ARGSYN-PWY: L-arginine biosynthesis I (via L-ornithine)|g__Coprococcus.s__Coprococcus_catus	0.391142	3.47777	2.17513	2.05086	2.29105	2.38422
ARGSYN-PWY: L-arginine biosynthesis I (via L-ornithine)|g__Coprococcus.s__Coprococcus_comes	0.805007	1.09839	1.76496	2.2175	0.712643	0.801006
ARGSYN-PWY: L-arginine biosynthesis I (via L-ornithine)|g__Coprococcus.s__Coprococcus_comes_CAG_19	0.888931	1.10247	1.82118	1.91581	0.708326	0.989214
ARGSYN-PWY: L-arginine biosynthesis I (via L-ornithine)|g__Desulfovibrio.s__Desulfovibrio_piger	0	5.09242	0	2.95571	0	0
ARGSYN-PWY: L-arginine biosynthesis I (via L-ornithine)|g__Dorea.s__Dorea_formicigenerans	0.166637	2.06968	0.189203	0	0	0.623387
ARGSYN-PWY: L-arginine biosynthesis I (via L-ornithine)|g__Dorea.s__Dorea_formicigenerans_CAG_28	0.260559	1.77685	0.132133	0	0	0.25862
ARGSYN-PWY: L-arginine biosynthesis I (via L-ornithine)|g__Dorea.s__Dorea_longicatena	0	1.30358	0.380374	0.310137	1.00248	0.971214
ARGSYN-PWY: L-arginine biosynthesis I (via L-ornithine)|g__Dorea.s__Dorea_longicatena_CAG_42	0	11.9282	0.947421	0.288191	1.18812	1.9329
ARGSYN-PWY: L-arginine biosynthesis I (via L-ornithine)|g__Dorea.s__Dorea_sp_CAG_317	0	1.18547	0	0	0	0
ARGSYN-PWY: L-arginine biosynthesis I (via L-ornithine)|g__Escherichia.s__Escherichia_coli	0	0	0	23.9575	0	0
ARGSYN-PWY: L-arginine biosynthesis I (via L-ornithine)|g__Eubacterium.s__Eubacterium_eligens	3.50998	0	0.274949	1.91532	0.347975	0.350209
ARGSYN-PWY: L-arginine biosynthesis I (via L-ornithine)|g__Eubacterium.s__Eubacterium_eligens_CAG_72	4.83065	0	0.46612	1.92931	0.229681	0.25809
ARGSYN-PWY: L-arginine biosynthesis I (via L-ornithine)|g__Eubacterium.s__Eubacterium_hallii	2.19445	2.65942	2.08714	0.478711	0.998736	2.28205
ARGSYN-PWY: L-arginine biosynthesis I (via L-ornithine)|g__Eubacterium.s__Eubacterium_hallii_CAG_12	1.87027	0.508915	4.21138	0.839733	1.12941	2.66905
ARGSYN-PWY: L-arginine biosynthesis I (via L-ornithine)|g__Eubacterium.s__Eubacterium_ramulus	0.766529	0	1.22631	2.52378	0.493324	1.11336
ARGSYN-PWY: L-arginine biosynthesis I (via L-ornithine)|g__Eubacterium.s__Eubacterium_sp_CAG_274	0	0	3.40847	0	0	0
ARGSYN-PWY: L-arginine biosynthesis I (via L-ornithine)|g__Eubacterium.s__Eubacterium_sp_CAG_38	1.0186	0.330114	1.92183	0	0	0.397327
ARGSYN-PWY: L-arginine biosynthesis I (via L-ornithine)|g__Eubacterium.s__Eubacterium_ventriosum	0	0	0.846213	0.50138	0	0
ARGSYN-PWY: L-arginine biosynthesis I (via L-ornithine)|g__Faecalibacterium.s__Faecalibacterium_prausnitzii	119.495	130.467	59.7943	12.6732	12.9974	19.2744
ARGSYN-PWY: L-arginine biosynthesis I (via L-ornithine)|g__Firmicutes_unclassified.s__Firmicutes_bacterium_CAG_94	0	3.07064	0.574919	0	0	0
ARGSYN-PWY: L-arginine biosynthesis I (via L-ornithine)|g__Flavonifractor.s__Flavonifractor_plautii	0	1.25405	0	0	0	0
ARGSYN-PWY: L-arginine biosynthesis I (via L-ornithine)|g__Fusicatenibacter.s__Fusicatenibacter_saccharivorans	6.82059	13.4509	4.97494	27.1097	10.5788	1.4236
ARGSYN-PWY: L-arginine biosynthesis I (via L-ornithine)|g__Gemmiger.s__Gemmiger_formicilis	22.8138	18.5275	9.63755	15.2093	5.64329	3.16776
ARGSYN-PWY: L-arginine biosynthesis I (via L-ornithine)|g__Intestinibacter.s__Intestinibacter_bartlettii	0	0	0	0.462794	0	0
ARGSYN-PWY: L-arginine biosynthesis I (via L-ornithine)|g__Lachnospira.s__Lachnospira_pectinoschiza	0	0	2.78491	0	0	0.658329
ARGSYN-PWY: L-arginine biosynthesis I (via L-ornithine)|g__Lachnospiraceae_unclassified.s__Eubacterium_rectale	72.1952	0	0	7.01136	0.913254	0
ARGSYN-PWY: L-arginine biosynthesis I (via L-ornithine)|g__Megamonas.s__Megamonas_funiformis	0	23.0062	0	0	0	0
ARGSYN-PWY: L-arginine biosynthesis I (via L-ornithine)|g__Methanobrevibacter.s__Methanobrevibacter_smithii	0	0.79222	2.10766	0	4.45546	2.90491
ARGSYN-PWY: L-arginine biosynthesis I (via L-ornithine)|g__Methanobrevibacter.s__Methanobrevibacter_smithii_CAG_186	0	0.484966	1.70789	0	3.46363	1.87784
ARGSYN-PWY: L-arginine biosynthesis I (via L-ornithine)|g__Oxalobacter.s__Oxalobacter_formigenes	0	0	0	1.34738	0	0
ARGSYN-PWY: L-arginine biosynthesis I (via L-ornithine)|g__Parasutterella.s__Parasutterella_excrementihominis	0	0	0	0	3.69273	1.37728
ARGSYN-PWY: L-arginine biosynthesis I (via L-ornithine)|g__Phascolarctobacterium.s__Phascolarctobacterium_faecium	7.45624	0	0	0	0	0
ARGSYN-PWY: L-arginine biosynthesis I (via L-ornithine)|g__Phascolarctobacterium.s__Phascolarctobacterium_sp_CAG_266	0	19.2982	5.36291	0	0	0
ARGSYN-PWY: L-arginine biosynthesis I (via L-ornithine)|g__Roseburia.s__Roseburia_faecis	0	0.99633	14.9066	0	0	16.3285
ARGSYN-PWY: L-arginine biosynthesis I (via L-ornithine)|g__Roseburia.s__Roseburia_hominis	0	6.38348	0	3.41199	1.81125	0.85183
ARGSYN-PWY: L-arginine biosynthesis I (via L-ornithine)|g__Roseburia.s__Roseburia_intestinalis	0	0.374474	0.299408	0.179426	0	0.741976
ARGSYN-PWY: L-arginine biosynthesis I (via L-ornithine)|g__Roseburia.s__Roseburia_intestinalis_CAG_13	0	0.456663	0.244586	0.0870602	0	1.00113
ARGSYN-PWY: L-arginine biosynthesis I (via L-ornithine)|g__Roseburia.s__Roseburia_inulinivorans	0	1.58961	0	0	0	1.01542
ARGSYN-PWY: L-arginine biosynthesis I (via L-ornithine)|g__Roseburia.s__Roseburia_sp_CAG_182	0	0	0	9.546	0	0
ARGSYN-PWY: L-arginine biosynthesis I (via L-ornithine)|g__Roseburia.s__Roseburia_sp_CAG_471	6.64911	0	0	0	0.663713	1.99087
ARGSYN-PWY: L-arginine biosynthesis I (via L-ornithine)|g__Ruminococcaceae_unclassified.s__Eubacterium_siraeum	0	0	3.95443	2.20472	0.741425	19.2887
ARGSYN-PWY: L-arginine biosynthesis I (via L-ornithine)|g__Ruminococcus.s__Ruminococcus_bicirculans	6.27857	2.98164	0	3.18529	0	1.38945
ARGSYN-PWY: L-arginine biosynthesis I (via L-ornithine)|g__Ruminococcus.s__Ruminococcus_bromii	0	112.87	43.6457	23.6893	25.2076	46.7967
ARGSYN-PWY: L-arginine biosynthesis I (via L-ornithine)|g__Ruminococcus.s__Ruminococcus_callidus	0	0	0	5.09218	0	0
ARGSYN-PWY: L-arginine biosynthesis I (via L-ornithine)|g__Ruminococcus.s__Ruminococcus_lactaris	0	0	1.97862	10.1233	0.684437	0.466415
ARGSYN-PWY: L-arginine biosynthesis I (via L-ornithine)|g__Streptococcus.s__Streptococcus_salivarius	0	0	0	0.31906	0	0
ARGSYN-PWY: L-arginine biosynthesis I (via L-ornithine)|g__Streptococcus.s__Streptococcus_salivarius_CAG_79	0	0	0	0.295426	0	0
ARGSYN-PWY: L-arginine biosynthesis I (via L-ornithine)|unclassified	103.197	245.188	193.499	162.569	159.016	155.059
ARGSYNBSUB-PWY: L-arginine biosynthesis II (acetyl cycle)	506.451	831.07	539.938	506.4	403.445	481.826
ARGSYNBSUB-PWY: L-arginine biosynthesis II (acetyl cycle)|g__Agathobaculum.s__Agathobaculum_butyriciproducens	5.20664	9.0791	3.10484	1.98816	2.03949	3.2432
ARGSYNBSUB-PWY: L-arginine biosynthesis II (acetyl cycle)|g__Akkermansia.s__Akkermansia_muciniphila	0	1.94449	1.10795	14.1117	13.5238	16.9564
ARGSYNBSUB-PWY: L-arginine biosynthesis II (acetyl cycle)|g__Anaerostipes.s__Anaerostipes_hadrus	14.6589	0	5.37472	10.5847	4.35558	8.14877
ARGSYNBSUB-PWY: L-arginine biosynthesis II (acetyl cycle)|g__Bifidobacterium.s__Bifidobacterium_adolescentis	0	1.49409	0	0	0	16.3899
ARGSYNBSUB-PWY: L-arginine biosynthesis II (acetyl cycle)|g__Bifidobacterium.s__Bifidobacterium_longum	2.53591	0.0386449	4.59035	1.28661	0.972545	6.07637
ARGSYNBSUB-PWY: L-arginine biosynthesis II (acetyl cycle)|g__Bifidobacterium.s__Bifidobacterium_longum_CAG_69	4.45526	0.228604	12.7711	2.44106	2.91591	13.4683
ARGSYNBSUB-PWY: L-arginine biosynthesis II (acetyl cycle)|g__Bifidobacterium.s__Bifidobacterium_pseudocatenulatum	0	0	8.46325	1.39489	0	8.34095
ARGSYNBSUB-PWY: L-arginine biosynthesis II (acetyl cycle)|g__Bilophila.s__Bilophila_wadsworthia	0	0	0	0	2.34516	0
ARGSYNBSUB-PWY: L-arginine biosynthesis II (acetyl cycle)|g__Blautia.s__Blautia_obeum	9.63312	38.1659	10.5836	0	6.63656	4.56065
ARGSYNBSUB-PWY: L-arginine biosynthesis II (acetyl cycle)|g__Blautia.s__Blautia_wexlerae	9.95306	0	0	15.53	0	4.97492
ARGSYNBSUB-PWY: L-arginine biosynthesis II (acetyl cycle)|g__Blautia.s__Ruminococcus_torques	0	19.8926	32.2747	27.1929	10.6151	6.95017
ARGSYNBSUB-PWY: L-arginine biosynthesis II (acetyl cycle)|g__Butyrivibrio.s__Butyrivibrio_crossotus	0	0	12.0921	0	0	0
ARGSYNBSUB-PWY: L-arginine biosynthesis II (acetyl cycle)|g__Butyrivibrio.s__Butyrivibrio_crossotus_CAG_259	0	0	5.55183	0	0	0
ARGSYNBSUB-PWY: L-arginine biosynthesis II (acetyl cycle)|g__Butyrivibrio.s__Butyrivibrio_sp_CAG_318	0	3.08996	0	0	0	0
ARGSYNBSUB-PWY: L-arginine biosynthesis II (acetyl cycle)|g__Clostridium.s__Clostridium_sp_CAG_167	0	0	1.95444	0	0	0
ARGSYNBSUB-PWY: L-arginine biosynthesis II (acetyl cycle)|g__Clostridium.s__Clostridium_sp_CAG_253	0	0	0	0.559259	0	0
ARGSYNBSUB-PWY: L-arginine biosynthesis II (acetyl cycle)|g__Clostridium.s__Clostridium_sp_CAG_632	0	0	7.8009	0	0	0
ARGSYNBSUB-PWY: L-arginine biosynthesis II (acetyl cycle)|g__Coprococcus.s__Coprococcus_catus	0.483549	3.82339	2.34662	2.31903	2.69429	2.73417
ARGSYNBSUB-PWY: L-arginine biosynthesis II (acetyl cycle)|g__Coprococcus.s__Coprococcus_comes	1.0686	1.24208	2.10963	4.12101	0.888213	1.17874
ARGSYNBSUB-PWY: L-arginine biosynthesis II (acetyl cycle)|g__Coprococcus.s__Coprococcus_comes_CAG_19	0.820459	0.9253	1.66347	2.57563	0.838708	0.952419
ARGSYNBSUB-PWY: L-arginine biosynthesis II (acetyl cycle)|g__Coprococcus.s__Coprococcus_eutactus	0	0	0	0	0.911527	0
ARGSYNBSUB-PWY: L-arginine biosynthesis II (acetyl cycle)|g__Desulfovibrio.s__Desulfovibrio_piger	0	5.46825	0	3.20073	0	0
ARGSYNBSUB-PWY: L-arginine biosynthesis II (acetyl cycle)|g__Dorea.s__Dorea_formicigenerans	0.275102	1.93088	0.212818	0	0.189386	0.528887
ARGSYNBSUB-PWY: L-arginine biosynthesis II (acetyl cycle)|g__Dorea.s__Dorea_formicigenerans_CAG_28	0.232685	1.96517	0.166431	0	0.114552	0.370326
ARGSYNBSUB-PWY: L-arginine biosynthesis II (acetyl cycle)|g__Dorea.s__Dorea_longicatena	0	2.84149	0.683155	0.356682	1.01169	1.21898
ARGSYNBSUB-PWY: L-arginine biosynthesis II (acetyl cycle)|g__Dorea.s__Dorea_longicatena_CAG_42	0	12.884	1.07112	0.545513	1.41982	2.21534
ARGSYNBSUB-PWY: L-arginine biosynthesis II (acetyl cycle)|g__Dorea.s__Dorea_sp_CAG_317	0	1.30903	0	0	0	0
ARGSYNBSUB-PWY: L-arginine biosynthesis II (acetyl cycle)|g__Eggerthella.s__Eggerthella_lenta	0.318428	0	0	0	1.00939	0
ARGSYNBSUB-PWY: L-arginine biosynthesis II (acetyl cycle)|g__Escherichia.s__Escherichia_coli	0	0	0	22.0065	0	0
ARGSYNBSUB-PWY: L-arginine biosynthesis II (acetyl cycle)|g__Eubacterium.s__Eubacterium_eligens	3.84416	0	0.282258	2.13382	0.404675	0.433327
ARGSYNBSUB-PWY: L-arginine biosynthesis II (acetyl cycle)|g__Eubacterium.s__Eubacterium_eligens_CAG_72	5.91288	0	0.437725	2.04145	0.333871	0.303885
ARGSYNBSUB-PWY: L-arginine biosynthesis II (acetyl cycle)|g__Eubacterium.s__Eubacterium_hallii	2.18203	2.23433	2.41522	0.421796	1.0658	2.77043
ARGSYNBSUB-PWY: L-arginine biosynthesis II (acetyl cycle)|g__Eubacterium.s__Eubacterium_hallii_CAG_12	1.92905	1.22303	3.85631	0.898336	1.40226	2.48137
ARGSYNBSUB-PWY: L-arginine biosynthesis II (acetyl cycle)|g__Eubacterium.s__Eubacterium_ramulus	0.845606	0	1.17148	2.29516	0.486704	1.09377
ARGSYNBSUB-PWY: L-arginine biosynthesis II (acetyl cycle)|g__Eubacterium.s__Eubacterium_sp_CAG_274	0	0	4.28392	0	0	0
ARGSYNBSUB-PWY: L-arginine biosynthesis II (acetyl cycle)|g__Eubacterium.s__Eubacterium_sp_CAG_38	1.1101	0.427543	2.0728	0	0	0.427768
ARGSYNBSUB-PWY: L-arginine biosynthesis II (acetyl cycle)|g__Eubacterium.s__Eubacterium_ventriosum	0	0	0.760467	0.569388	0	0
ARGSYNBSUB-PWY: L-arginine biosynthesis II (acetyl cycle)|g__Faecalibacterium.s__Faecalibacterium_prausnitzii	122.033	133.064	56.9102	11.9239	12.7677	18.7959
ARGSYNBSUB-PWY: L-arginine biosynthesis II (acetyl cycle)|g__Firmicutes_unclassified.s__Firmicutes_bacterium_CAG_94	0	3.21079	0.552147	0	0	0
ARGSYNBSUB-PWY: L-arginine biosynthesis II (acetyl cycle)|g__Firmicutes_unclassified.s__Firmicutes_bacterium_CAG_95	0	2.07403	0	4.18058	0	0
ARGSYNBSUB-PWY: L-arginine biosynthesis II (acetyl cycle)|g__Flavonifractor.s__Flavonifractor_plautii	0	1.36482	0	0	0	0
ARGSYNBSUB-PWY: L-arginine biosynthesis II (acetyl cycle)|g__Fusicatenibacter.s__Fusicatenibacter_saccharivorans	7.89555	14.7455	5.2676	31.1483	11.8945	1.4911
ARGSYNBSUB-PWY: L-arginine biosynthesis II (acetyl cycle)|g__Gemmiger.s__Gemmiger_formicilis	23.5449	18.9861	9.64767	15.6212	5.99299	3.37423
ARGSYNBSUB-PWY: L-arginine biosynthesis II (acetyl cycle)|g__Intestinibacter.s__Intestinibacter_bartlettii	0	0	0	0.591817	0	0
ARGSYNBSUB-PWY: L-arginine biosynthesis II (acetyl cycle)|g__Lachnospira.s__Lachnospira_pectinoschiza	0	0	3.13296	0	0	0.683211
ARGSYNBSUB-PWY: L-arginine biosynthesis II (acetyl cycle)|g__Lachnospiraceae_unclassified.s__Eubacterium_rectale	76.8038	0	0	7.84724	0.943187	0
ARGSYNBSUB-PWY: L-arginine biosynthesis II (acetyl cycle)|g__Lawsonibacter.s__Lawsonibacter_asaccharolyticus	0	2.40496	0	0	0	0
ARGSYNBSUB-PWY: L-arginine biosynthesis II (acetyl cycle)|g__Megamonas.s__Megamonas_funiformis	0	35.071	0	0	0	0
ARGSYNBSUB-PWY: L-arginine biosynthesis II (acetyl cycle)|g__Methanobrevibacter.s__Methanobrevibacter_smithii	0	0.974559	2.20549	0	5.14709	2.90438
ARGSYNBSUB-PWY: L-arginine biosynthesis II (acetyl cycle)|g__Methanobrevibacter.s__Methanobrevibacter_smithii_CAG_186	0	0.368487	1.806	0	2.73659	2.66932
ARGSYNBSUB-PWY: L-arginine biosynthesis II (acetyl cycle)|g__Oxalobacter.s__Oxalobacter_formigenes	0	0	0	1.52223	0	0
ARGSYNBSUB-PWY: L-arginine biosynthesis II (acetyl cycle)|g__Parasutterella.s__Parasutterella_excrementihominis	0	0	0	0	4.05711	1.45139
ARGSYNBSUB-PWY: L-arginine biosynthesis II (acetyl cycle)|g__Phascolarctobacterium.s__Phascolarctobacterium_faecium	7.97493	0	0	0	0	0
ARGSYNBSUB-PWY: L-arginine biosynthesis II (acetyl cycle)|g__Phascolarctobacterium.s__Phascolarctobacterium_sp_CAG_266	0	19.6343	5.42841	0	0	0
ARGSYNBSUB-PWY: L-arginine biosynthesis II (acetyl cycle)|g__Roseburia.s__Roseburia_faecis	0	1.1373	15.2023	0	0	17.0109
ARGSYNBSUB-PWY: L-arginine biosynthesis II (acetyl cycle)|g__Roseburia.s__Roseburia_hominis	0	6.33286	0	3.63796	1.88004	0.854213
ARGSYNBSUB-PWY: L-arginine biosynthesis II (acetyl cycle)|g__Roseburia.s__Roseburia_intestinalis	0	0.424549	0.31993	0.280474	0	0.886507
ARGSYNBSUB-PWY: L-arginine biosynthesis II (acetyl cycle)|g__Roseburia.s__Roseburia_intestinalis_CAG_13	0	0.524155	0.303062	0.124199	0	1.10542
ARGSYNBSUB-PWY: L-arginine biosynthesis II (acetyl cycle)|g__Roseburia.s__Roseburia_inulinivorans	0	1.5926	0	0	0	1.1851
ARGSYNBSUB-PWY: L-arginine biosynthesis II (acetyl cycle)|g__Roseburia.s__Roseburia_inulinivorans_CAG_15	0.546265	2.12329	0.144222	0.964897	0	2.11449
ARGSYNBSUB-PWY: L-arginine biosynthesis II (acetyl cycle)|g__Roseburia.s__Roseburia_sp_CAG_182	0	0	0	9.6345	0.504549	0
ARGSYNBSUB-PWY: L-arginine biosynthesis II (acetyl cycle)|g__Roseburia.s__Roseburia_sp_CAG_471	7.02601	0	0	0	0.765314	2.1894
ARGSYNBSUB-PWY: L-arginine biosynthesis II (acetyl cycle)|g__Ruminococcaceae_unclassified.s__Eubacterium_siraeum	0	0	4.35926	2.45674	0.85828	20.0482
ARGSYNBSUB-PWY: L-arginine biosynthesis II (acetyl cycle)|g__Ruminococcus.s__Ruminococcus_bicirculans	6.76485	3.14548	0	3.40765	0	1.38628
ARGSYNBSUB-PWY: L-arginine biosynthesis II (acetyl cycle)|g__Ruminococcus.s__Ruminococcus_bromii	0	117.391	45.4425	24.7557	25.8762	48.4056
ARGSYNBSUB-PWY: L-arginine biosynthesis II (acetyl cycle)|g__Ruminococcus.s__Ruminococcus_callidus	0	0	0	4.95037	0	0
ARGSYNBSUB-PWY: L-arginine biosynthesis II (acetyl cycle)|g__Ruminococcus.s__Ruminococcus_lactaris	0	0	2.09557	9.90774	0.706023	0.43015
ARGSYNBSUB-PWY: L-arginine biosynthesis II (acetyl cycle)|g__Streptococcus.s__Streptococcus_salivarius	0	0	0	0.304349	0	0
ARGSYNBSUB-PWY: L-arginine biosynthesis II (acetyl cycle)|g__Streptococcus.s__Streptococcus_salivarius_CAG_79	0	0	0	0.318337	0	0
ARGSYNBSUB-PWY: L-arginine biosynthesis II (acetyl cycle)|g__Streptococcus.s__Streptococcus_thermophilus	0	0	0	0.193896	0	0
ARGSYNBSUB-PWY: L-arginine biosynthesis II (acetyl cycle)|g__Streptococcus.s__Streptococcus_thermophilus_CAG_236	0	0	0	0.159409	0	0
ARGSYNBSUB-PWY: L-arginine biosynthesis II (acetyl cycle)|unclassified	100.62	255.579	201.713	169.559	168.553	162.713
ARO-PWY: chorismate biosynthesis I	600.983	777.011	574.637	527.118	490.262	545.132
ARO-PWY: chorismate biosynthesis I|g__Agathobaculum.s__Agathobaculum_butyriciproducens	3.04824	9.09624	2.76861	1.01868	2.37596	2.34108
ARO-PWY: chorismate biosynthesis I|g__Alistipes.s__Alistipes_finegoldii	3.1258	0	1.55608	21.364	44.9046	7.80783
ARO-PWY: chorismate biosynthesis I|g__Anaerostipes.s__Anaerostipes_hadrus	14.7583	0	7.61957	15.0908	5.4352	11.3112
ARO-PWY: chorismate biosynthesis I|g__Bacteroides.s__Bacteroides_cellulosilyticus	3.96565	0	0	4.25872	0	5.69757
ARO-PWY: chorismate biosynthesis I|g__Bifidobacterium.s__Bifidobacterium_longum	0.610496	0	3.03006	0.220665	0.405539	4.2835
ARO-PWY: chorismate biosynthesis I|g__Bifidobacterium.s__Bifidobacterium_longum_CAG_69	4.05351	0	5.98478	2.97379	1.10523	2.85938
ARO-PWY: chorismate biosynthesis I|g__Bifidobacterium.s__Bifidobacterium_pseudocatenulatum	0	0	9.46634	1.44481	0	10.5788
ARO-PWY: chorismate biosynthesis I|g__Blautia.s__Blautia_obeum	14.4898	50.5744	12.7162	0	13.7411	7.84568
ARO-PWY: chorismate biosynthesis I|g__Blautia.s__Blautia_wexlerae	5.31026	0	0	9.87687	0	3.5897
ARO-PWY: chorismate biosynthesis I|g__Blautia.s__Ruminococcus_torques	0	18.816	33.9686	25.6051	9.63047	6.29396
ARO-PWY: chorismate biosynthesis I|g__Butyrivibrio.s__Butyrivibrio_crossotus	0	0	12.6805	0	0	0
ARO-PWY: chorismate biosynthesis I|g__Butyrivibrio.s__Butyrivibrio_crossotus_CAG_259	0	0	3.62381	0	0	0
ARO-PWY: chorismate biosynthesis I|g__Butyrivibrio.s__Butyrivibrio_sp_CAG_318	0	3.1237	0	0	0	0
ARO-PWY: chorismate biosynthesis I|g__Clostridium.s__Clostridium_sp_CAG_632	0	0	8.4208	0	0	0
ARO-PWY: chorismate biosynthesis I|g__Coprococcus.s__Coprococcus_catus	0.764711	3.7031	1.45796	2.20496	2.2283	3.19185
ARO-PWY: chorismate biosynthesis I|g__Coprococcus.s__Coprococcus_comes	0.970735	1.35203	2.1563	3.70114	0.940884	0.388856
ARO-PWY: chorismate biosynthesis I|g__Coprococcus.s__Coprococcus_comes_CAG_19	1.20796	1.43367	2.21084	3.88805	1.05803	1.58454
ARO-PWY: chorismate biosynthesis I|g__Coprococcus.s__Coprococcus_eutactus	0	0	0	6.21938	2.30314	3.64053
ARO-PWY: chorismate biosynthesis I|g__Dialister.s__Dialister_sp_CAG_357	0	0	0	0	0	10.844
ARO-PWY: chorismate biosynthesis I|g__Dorea.s__Dorea_formicigenerans	0	0.454213	0	0	0	0
ARO-PWY: chorismate biosynthesis I|g__Dorea.s__Dorea_longicatena	0	0	0	0.381039	0.891955	0.581563
ARO-PWY: chorismate biosynthesis I|g__Escherichia.s__Escherichia_coli	0	0	0	22.0513	0	0
ARO-PWY: chorismate biosynthesis I|g__Eubacterium.s__Eubacterium_eligens	1.39127	0	0	1.68019	0.282352	0
ARO-PWY: chorismate biosynthesis I|g__Eubacterium.s__Eubacterium_hallii	2.28414	0	0	0	1.31332	0.198266
ARO-PWY: chorismate biosynthesis I|g__Eubacterium.s__Eubacterium_hallii_CAG_12	1.171	0	2.8223	0.49511	0.918722	3.42823
ARO-PWY: chorismate biosynthesis I|g__Eubacterium.s__Eubacterium_ramulus	1.03527	0	0	0	0	0.713917
ARO-PWY: chorismate biosynthesis I|g__Eubacterium.s__Eubacterium_sp_CAG_274	0	0	3.06717	0	0	0
ARO-PWY: chorismate biosynthesis I|g__Eubacterium.s__Eubacterium_sp_CAG_38	0.87045	0	2.00505	0	0	0
ARO-PWY: chorismate biosynthesis I|g__Eubacterium.s__Eubacterium_ventriosum	0	0	0.618213	0.334494	0	0
ARO-PWY: chorismate biosynthesis I|g__Faecalibacterium.s__Faecalibacterium_prausnitzii	0	0	13.6848	3.57236	0	0
ARO-PWY: chorismate biosynthesis I|g__Flavonifractor.s__Flavonifractor_plautii	0	0.87332	0	0	0	0
ARO-PWY: chorismate biosynthesis I|g__Fusicatenibacter.s__Fusicatenibacter_saccharivorans	5.82956	14.4823	4.56421	27.3355	10.9697	1.25657
ARO-PWY: chorismate biosynthesis I|g__Intestinibacter.s__Intestinibacter_bartlettii	0	0	0	0.511268	0	0
ARO-PWY: chorismate biosynthesis I|g__Lachnospira.s__Lachnospira_pectinoschiza	0	0	3.27577	0	0	0.627887
ARO-PWY: chorismate biosynthesis I|g__Lachnospiraceae_unclassified.s__Eubacterium_rectale	83.1657	0	0	9.61135	1.52113	0
ARO-PWY: chorismate biosynthesis I|g__Monoglobus.s__Monoglobus_pectinilyticus	0	0	0	0	0	1.40295
ARO-PWY: chorismate biosynthesis I|g__Oxalobacter.s__Oxalobacter_formigenes	0	0	0	1.05365	0	0
ARO-PWY: chorismate biosynthesis I|g__Parabacteroides.s__Parabacteroides_distasonis	4.14501	1.41544	4.82116	0.32943	13.16	3.20773
ARO-PWY: chorismate biosynthesis I|g__Parabacteroides.s__Parabacteroides_merdae	1.57669	0	3.00898	1.11683	0	0
ARO-PWY: chorismate biosynthesis I|g__Parasutterella.s__Parasutterella_excrementihominis	0	0	0	0	3.23424	0.861889
ARO-PWY: chorismate biosynthesis I|g__Roseburia.s__Roseburia_faecis	0	0.995514	14.8998	0	0	17.7135
ARO-PWY: chorismate biosynthesis I|g__Roseburia.s__Roseburia_hominis	0	7.42472	0	3.83282	1.92983	0.893919
ARO-PWY: chorismate biosynthesis I|g__Roseburia.s__Roseburia_intestinalis	0	0.228059	0.300813	0.290603	0	1.31666
ARO-PWY: chorismate biosynthesis I|g__Roseburia.s__Roseburia_intestinalis_CAG_13	0	0.266976	0.305311	0	0	0.63927
ARO-PWY: chorismate biosynthesis I|g__Roseburia.s__Roseburia_inulinivorans	0.46628	2.54022	0.131571	0.755085	0	2.76276
ARO-PWY: chorismate biosynthesis I|g__Roseburia.s__Roseburia_inulinivorans_CAG_15	0.649277	0	0.0938987	0.472681	0	2.13752
ARO-PWY: chorismate biosynthesis I|g__Ruminococcaceae_unclassified.s__Eubacterium_siraeum	0	0	4.65895	2.46204	1.22007	21.8008
ARO-PWY: chorismate biosynthesis I|g__Ruminococcus.s__Ruminococcus_callidus	0	0	0	4.8679	0	0
ARO-PWY: chorismate biosynthesis I|g__Ruminococcus.s__Ruminococcus_lactaris	0	0	2.50996	11.9297	0.617087	0.531269
ARO-PWY: chorismate biosynthesis I|g__Streptococcus.s__Streptococcus_salivarius_CAG_79	0	0	0	0.382245	0	0
ARO-PWY: chorismate biosynthesis I|g__Streptococcus.s__Streptococcus_thermophilus	0	0	0	0.111418	0	0
ARO-PWY: chorismate biosynthesis I|g__Streptococcus.s__Streptococcus_thermophilus_CAG_236	0	0	0	0.130711	0	0
ARO-PWY: chorismate biosynthesis I|unclassified	106.346	223.844	191.173	176.953	166.547	151.525
ASPASN-PWY: superpathway of L-aspartate and L-asparagine biosynthesis	196.262	156.588	151.804	199.614	237.951	168.93
ASPASN-PWY: superpathway of L-aspartate and L-asparagine biosynthesis|g__Bacteroides.s__Bacteroides_cellulosilyticus	3.26911	0	0	4.26909	0	4.68665
ASPASN-PWY: superpathway of L-aspartate and L-asparagine biosynthesis|g__Bacteroides.s__Bacteroides_clarus	0	0.596818	0	1.71829	2.0582	0
ASPASN-PWY: superpathway of L-aspartate and L-asparagine biosynthesis|g__Bacteroides.s__Bacteroides_dorei	0	0.809365	4.691	5.61237	32.7655	21.3844
ASPASN-PWY: superpathway of L-aspartate and L-asparagine biosynthesis|g__Bacteroides.s__Bacteroides_eggerthii	0	0	7.49222	2.96945	29.0681	0
ASPASN-PWY: superpathway of L-aspartate and L-asparagine biosynthesis|g__Bacteroides.s__Bacteroides_fragilis	0	0	0	0	0	1.57475
ASPASN-PWY: superpathway of L-aspartate and L-asparagine biosynthesis|g__Bacteroides.s__Bacteroides_fragilis_CAG_47	0	0	0	0	0	1.07207
ASPASN-PWY: superpathway of L-aspartate and L-asparagine biosynthesis|g__Bacteroides.s__Bacteroides_massiliensis	7.94766	1.00177	6.12956	0	6.50013	0
ASPASN-PWY: superpathway of L-aspartate and L-asparagine biosynthesis|g__Bacteroides.s__Bacteroides_stercoris	0	0	1.18835	1.50752	0	7.72683
ASPASN-PWY: superpathway of L-aspartate and L-asparagine biosynthesis|g__Bacteroides.s__Bacteroides_uniformis	3.32455	1.60104	5.84899	2.2462	10.1068	8.12839
ASPASN-PWY: superpathway of L-aspartate and L-asparagine biosynthesis|g__Bacteroides.s__Bacteroides_uniformis_CAG_3	1.92208	0.436252	6.40057	3.28104	4.97411	4.43015
ASPASN-PWY: superpathway of L-aspartate and L-asparagine biosynthesis|g__Bacteroides.s__Bacteroides_vulgatus	27.8917	6.96261	8.07079	2.54717	0	0
ASPASN-PWY: superpathway of L-aspartate and L-asparagine biosynthesis|g__Bacteroides.s__Bacteroides_vulgatus_CAG_6	25.9005	4.62024	6.70054	2.38463	0	0
ASPASN-PWY: superpathway of L-aspartate and L-asparagine biosynthesis|g__Blautia.s__Blautia_obeum	7.7986	26.4698	8.10003	0	6.05689	4.56092
ASPASN-PWY: superpathway of L-aspartate and L-asparagine biosynthesis|g__Blautia.s__Blautia_wexlerae	1.15494	0	0	8.51815	0	1.71875
ASPASN-PWY: superpathway of L-aspartate and L-asparagine biosynthesis|g__Blautia.s__Ruminococcus_torques	0	7.06575	1.4172	7.15341	6.9192	5.41672
ASPASN-PWY: superpathway of L-aspartate and L-asparagine biosynthesis|g__Butyricimonas.s__Butyricimonas_virosa	0	0.572053	0	0.763766	0	0
ASPASN-PWY: superpathway of L-aspartate and L-asparagine biosynthesis|g__Coprococcus.s__Coprococcus_comes	1.04436	1.0347	1.78408	2.76036	0.671772	0.635299
ASPASN-PWY: superpathway of L-aspartate and L-asparagine biosynthesis|g__Coprococcus.s__Coprococcus_comes_CAG_19	0.376296	0.523883	1.35422	1.0973	0.250116	1.0276
ASPASN-PWY: superpathway of L-aspartate and L-asparagine biosynthesis|g__Escherichia.s__Escherichia_coli	0	0	0	34.7078	0	0
ASPASN-PWY: superpathway of L-aspartate and L-asparagine biosynthesis|g__Flavonifractor.s__Flavonifractor_plautii	0	0.607976	0	0	0	0
ASPASN-PWY: superpathway of L-aspartate and L-asparagine biosynthesis|g__Parabacteroides.s__Parabacteroides_distasonis	3.47271	1.07063	4.64883	0.339559	12.5786	3.46953
ASPASN-PWY: superpathway of L-aspartate and L-asparagine biosynthesis|g__Prevotella.s__Prevotella_copri	0	6.45397	0	0	0	0
ASPASN-PWY: superpathway of L-aspartate and L-asparagine biosynthesis|g__Prevotella.s__Prevotella_copri_CAG_164	0	0.782695	0	0	0	0
ASPASN-PWY: superpathway of L-aspartate and L-asparagine biosynthesis|unclassified	20.8865	31.0879	36.3169	59.1004	33.7389	19.3057
AST-PWY: L-arginine degradation II (AST pathway)	0	0	0	15.0703	0	0
AST-PWY: L-arginine degradation II (AST pathway)|g__Escherichia.s__Escherichia_coli	0	0	0	14.1194	0	0
BIOTIN-BIOSYNTHESIS-PWY: biotin biosynthesis I	84.3109	21.0713	64.365	140.567	129.89	81.2593
BIOTIN-BIOSYNTHESIS-PWY: biotin biosynthesis I|g__Bacteroides.s__Bacteroides_cellulosilyticus	0	0	0	0	0	3.00814
BIOTIN-BIOSYNTHESIS-PWY: biotin biosynthesis I|g__Bacteroides.s__Bacteroides_vulgatus	0	4.04084	7.13068	0	0	0
BIOTIN-BIOSYNTHESIS-PWY: biotin biosynthesis I|g__Escherichia.s__Escherichia_coli	0	0	0	21.8224	0	0
BIOTIN-BIOSYNTHESIS-PWY: biotin biosynthesis I|unclassified	0	6.48145	0	8.79815	3.57588	0.756006
BRANCHED-CHAIN-AA-SYN-PWY: superpathway of branched amino acid biosynthesis	434.178	573.465	471.513	454.161	451.95	487.563
BRANCHED-CHAIN-AA-SYN-PWY: superpathway of branched amino acid biosynthesis|g__Agathobaculum.s__Agathobaculum_butyriciproducens	7.38898	11.0807	4.70253	2.98609	1.82622	4.14718
BRANCHED-CHAIN-AA-SYN-PWY: superpathway of branched amino acid biosynthesis|g__Akkermansia.s__Akkermansia_muciniphila	0	1.67398	1.00224	11.6031	10.738	12.7875
BRANCHED-CHAIN-AA-SYN-PWY: superpathway of branched amino acid biosynthesis|g__Alistipes.s__Alistipes_finegoldii	1.21099	0	0	21.358	23.3244	10.5957
BRANCHED-CHAIN-AA-SYN-PWY: superpathway of branched amino acid biosynthesis|g__Anaerostipes.s__Anaerostipes_hadrus	15.4645	0	5.93164	13.2717	5.47405	9.72219
BRANCHED-CHAIN-AA-SYN-PWY: superpathway of branched amino acid biosynthesis|g__Bacteroides.s__Bacteroides_caccae	0.906201	0	0	1.31748	1.80607	0
BRANCHED-CHAIN-AA-SYN-PWY: superpathway of branched amino acid biosynthesis|g__Bacteroides.s__Bacteroides_cellulosilyticus	0	0	0	0	0	1.92363
BRANCHED-CHAIN-AA-SYN-PWY: superpathway of branched amino acid biosynthesis|g__Bacteroides.s__Bacteroides_clarus	0	0.499934	0	1.77931	1.92005	0
BRANCHED-CHAIN-AA-SYN-PWY: superpathway of branched amino acid biosynthesis|g__Bacteroides.s__Bacteroides_eggerthii	0	0	8.51104	3.6763	30.6854	0
BRANCHED-CHAIN-AA-SYN-PWY: superpathway of branched amino acid biosynthesis|g__Bacteroides.s__Bacteroides_faecis	0	0	0	0	1.70821	0
BRANCHED-CHAIN-AA-SYN-PWY: superpathway of branched amino acid biosynthesis|g__Bacteroides.s__Bacteroides_finegoldii	0	0	0	0.672124	0	0
BRANCHED-CHAIN-AA-SYN-PWY: superpathway of branched amino acid biosynthesis|g__Bacteroides.s__Bacteroides_fragilis	0	0	0	0	0	1.3688
BRANCHED-CHAIN-AA-SYN-PWY: superpathway of branched amino acid biosynthesis|g__Bacteroides.s__Bacteroides_fragilis_CAG_47	0	0	0	0	0	1.15677
BRANCHED-CHAIN-AA-SYN-PWY: superpathway of branched amino acid biosynthesis|g__Bacteroides.s__Bacteroides_ovatus	13.0828	0	0	3.82824	8.43716	2.54543
BRANCHED-CHAIN-AA-SYN-PWY: superpathway of branched amino acid biosynthesis|g__Bacteroides.s__Bacteroides_stercoris	0	0	0.918464	1.28709	0	6.65079
BRANCHED-CHAIN-AA-SYN-PWY: superpathway of branched amino acid biosynthesis|g__Bacteroides.s__Bacteroides_thetaiotaomicron	5.93924	0	4.70253	0	0	2.27358
BRANCHED-CHAIN-AA-SYN-PWY: superpathway of branched amino acid biosynthesis|g__Bacteroides.s__Bacteroides_uniformis	2.99492	2.41231	8.40759	2.97259	10.5601	7.09841
BRANCHED-CHAIN-AA-SYN-PWY: superpathway of branched amino acid biosynthesis|g__Bacteroides.s__Bacteroides_uniformis_CAG_3	3.12035	2.04301	7.07108	3.4636	9.45029	7.26729
BRANCHED-CHAIN-AA-SYN-PWY: superpathway of branched amino acid biosynthesis|g__Bacteroides.s__Bacteroides_xylanisolvens	0	0	2.11356	0	7.94067	3.30461
BRANCHED-CHAIN-AA-SYN-PWY: superpathway of branched amino acid biosynthesis|g__Bifidobacterium.s__Bifidobacterium_adolescentis	0	2.68038	0	0	0	27.077
BRANCHED-CHAIN-AA-SYN-PWY: superpathway of branched amino acid biosynthesis|g__Bifidobacterium.s__Bifidobacterium_longum	3.72872	0.0889921	11.7222	2.19315	2.74552	14.8454
BRANCHED-CHAIN-AA-SYN-PWY: superpathway of branched amino acid biosynthesis|g__Bifidobacterium.s__Bifidobacterium_longum_CAG_69	3.91687	0.10777	11.3792	2.20255	2.98959	14.0941
BRANCHED-CHAIN-AA-SYN-PWY: superpathway of branched amino acid biosynthesis|g__Bifidobacterium.s__Bifidobacterium_pseudocatenulatum	0	0	11.904	1.90471	0	11.3803
BRANCHED-CHAIN-AA-SYN-PWY: superpathway of branched amino acid biosynthesis|g__Bilophila.s__Bilophila_wadsworthia	0	0	0	0	2.54433	0
BRANCHED-CHAIN-AA-SYN-PWY: superpathway of branched amino acid biosynthesis|g__Blautia.s__Blautia_obeum	13.4421	32.3169	15.1646	0	5.10852	5.05036
BRANCHED-CHAIN-AA-SYN-PWY: superpathway of branched amino acid biosynthesis|g__Blautia.s__Blautia_wexlerae	9.20622	0	0	13.6853	0	7.08147
BRANCHED-CHAIN-AA-SYN-PWY: superpathway of branched amino acid biosynthesis|g__Blautia.s__Ruminococcus_torques	0	19.7424	17.5928	18.1903	9.83741	6.68441
BRANCHED-CHAIN-AA-SYN-PWY: superpathway of branched amino acid biosynthesis|g__Butyrivibrio.s__Butyrivibrio_crossotus	0	0	13.396	0	0	0
BRANCHED-CHAIN-AA-SYN-PWY: superpathway of branched amino acid biosynthesis|g__Butyrivibrio.s__Butyrivibrio_crossotus_CAG_259	0	0	6.77785	0	0	0
BRANCHED-CHAIN-AA-SYN-PWY: superpathway of branched amino acid biosynthesis|g__Coprococcus.s__Coprococcus_comes	1.88905	1.31148	2.86391	3.93194	0.852236	0.924096
BRANCHED-CHAIN-AA-SYN-PWY: superpathway of branched amino acid biosynthesis|g__Coprococcus.s__Coprococcus_comes_CAG_19	1.47186	1.46089	2.24766	3.98499	0.744015	1.70763
BRANCHED-CHAIN-AA-SYN-PWY: superpathway of branched amino acid biosynthesis|g__Coprococcus.s__Coprococcus_eutactus	0	0	0	6.83362	3.05176	4.55589
BRANCHED-CHAIN-AA-SYN-PWY: superpathway of branched amino acid biosynthesis|g__Coprococcus.s__Coprococcus_eutactus_CAG_665	0	0	0	0	0	0.168884
BRANCHED-CHAIN-AA-SYN-PWY: superpathway of branched amino acid biosynthesis|g__Desulfovibrio.s__Desulfovibrio_piger	0	7.71945	0	4.1145	0	0
BRANCHED-CHAIN-AA-SYN-PWY: superpathway of branched amino acid biosynthesis|g__Dorea.s__Dorea_formicigenerans	0.513241	2.44497	0.524033	0	0.246662	0.597446
BRANCHED-CHAIN-AA-SYN-PWY: superpathway of branched amino acid biosynthesis|g__Dorea.s__Dorea_formicigenerans_CAG_28	0	1.12125	0.127072	0	0.306529	0.343856
BRANCHED-CHAIN-AA-SYN-PWY: superpathway of branched amino acid biosynthesis|g__Dorea.s__Dorea_longicatena	0	1.74909	0.764684	0.738927	0.894833	1.11336
BRANCHED-CHAIN-AA-SYN-PWY: superpathway of branched amino acid biosynthesis|g__Dorea.s__Dorea_longicatena_CAG_42	0	13.1096	1.15152	0.814411	1.42327	2.01072
BRANCHED-CHAIN-AA-SYN-PWY: superpathway of branched amino acid biosynthesis|g__Eggerthella.s__Eggerthella_lenta	0.456585	0	0	0	0.851948	0
BRANCHED-CHAIN-AA-SYN-PWY: superpathway of branched amino acid biosynthesis|g__Escherichia.s__Escherichia_coli	0	0	0	48.952	0	0
BRANCHED-CHAIN-AA-SYN-PWY: superpathway of branched amino acid biosynthesis|g__Eubacterium.s__Eubacterium_eligens	0.60474	0	0.49592	3.62759	0.434609	0.179737
BRANCHED-CHAIN-AA-SYN-PWY: superpathway of branched amino acid biosynthesis|g__Eubacterium.s__Eubacterium_eligens_CAG_72	3.43696	0	0.398085	0.184008	0.135563	0.0709417
BRANCHED-CHAIN-AA-SYN-PWY: superpathway of branched amino acid biosynthesis|g__Eubacterium.s__Eubacterium_hallii	2.46925	3.02002	3.165	0.826228	1.3778	3.00391
BRANCHED-CHAIN-AA-SYN-PWY: superpathway of branched amino acid biosynthesis|g__Eubacterium.s__Eubacterium_hallii_CAG_12	2.65801	1.86611	4.0621	0.713363	1.12682	2.76699
BRANCHED-CHAIN-AA-SYN-PWY: superpathway of branched amino acid biosynthesis|g__Eubacterium.s__Eubacterium_sp_CAG_274	0	0	3.60554	0	0	0
BRANCHED-CHAIN-AA-SYN-PWY: superpathway of branched amino acid biosynthesis|g__Eubacterium.s__Eubacterium_ventriosum	0	0	1.38037	0.593746	0	0
BRANCHED-CHAIN-AA-SYN-PWY: superpathway of branched amino acid biosynthesis|g__Flavonifractor.s__Flavonifractor_plautii	0	1.61329	0	0	0	0
BRANCHED-CHAIN-AA-SYN-PWY: superpathway of branched amino acid biosynthesis|g__Gemmiger.s__Gemmiger_formicilis	15.227	15.2117	7.33	11.756	4.70097	3.93859
BRANCHED-CHAIN-AA-SYN-PWY: superpathway of branched amino acid biosynthesis|g__Lachnospiraceae_unclassified.s__Eubacterium_rectale	78.1214	0	0	5.67845	0.763299	0
BRANCHED-CHAIN-AA-SYN-PWY: superpathway of branched amino acid biosynthesis|g__Methanobrevibacter.s__Methanobrevibacter_smithii	0	0.724455	1.38852	0	2.89173	1.89849
BRANCHED-CHAIN-AA-SYN-PWY: superpathway of branched amino acid biosynthesis|g__Methanobrevibacter.s__Methanobrevibacter_smithii_CAG_186	0	0.549193	1.8836	0	5.73568	2.73893
BRANCHED-CHAIN-AA-SYN-PWY: superpathway of branched amino acid biosynthesis|g__Monoglobus.s__Monoglobus_pectinilyticus	0	0	0	0	0	1.98399
BRANCHED-CHAIN-AA-SYN-PWY: superpathway of branched amino acid biosynthesis|g__Parabacteroides.s__Parabacteroides_distasonis	4.2662	1.51776	5.2974	0.425172	15.9087	3.98147
BRANCHED-CHAIN-AA-SYN-PWY: superpathway of branched amino acid biosynthesis|g__Parabacteroides.s__Parabacteroides_goldsteinii	0	0	0.707333	0	0	0
BRANCHED-CHAIN-AA-SYN-PWY: superpathway of branched amino acid biosynthesis|g__Parabacteroides.s__Parabacteroides_merdae	0.618071	0.0919857	2.51249	0.929928	0	0
BRANCHED-CHAIN-AA-SYN-PWY: superpathway of branched amino acid biosynthesis|g__Prevotella.s__Prevotella_copri	0	2.09308	0	0	0	0
BRANCHED-CHAIN-AA-SYN-PWY: superpathway of branched amino acid biosynthesis|g__Prevotella.s__Prevotella_copri_CAG_164	0	10.2069	0	0	0	0
BRANCHED-CHAIN-AA-SYN-PWY: superpathway of branched amino acid biosynthesis|g__Roseburia.s__Roseburia_hominis	0	6.92696	0	3.6177	1.96034	1.23592
BRANCHED-CHAIN-AA-SYN-PWY: superpathway of branched amino acid biosynthesis|g__Roseburia.s__Roseburia_intestinalis	0	1.22629	0.82063	0.730245	0	1.50619
BRANCHED-CHAIN-AA-SYN-PWY: superpathway of branched amino acid biosynthesis|g__Roseburia.s__Roseburia_intestinalis_CAG_13	0	1.64159	0.405114	0.569629	0	1.71557
BRANCHED-CHAIN-AA-SYN-PWY: superpathway of branched amino acid biosynthesis|g__Roseburia.s__Roseburia_inulinivorans	0.525663	3.34686	0.264828	1.5379	0	2.37522
BRANCHED-CHAIN-AA-SYN-PWY: superpathway of branched amino acid biosynthesis|g__Roseburia.s__Roseburia_inulinivorans_CAG_15	0.0863481	1.05756	0.283102	1.18604	0	2.33181
BRANCHED-CHAIN-AA-SYN-PWY: superpathway of branched amino acid biosynthesis|g__Ruminococcaceae_unclassified.s__Eubacterium_siraeum	0	0	4.81385	2.52909	1.12394	23.3674
BRANCHED-CHAIN-AA-SYN-PWY: superpathway of branched amino acid biosynthesis|g__Ruminococcus.s__Ruminococcus_bicirculans	7.5444	2.73725	0	3.5509	0	1.37013
BRANCHED-CHAIN-AA-SYN-PWY: superpathway of branched amino acid biosynthesis|g__Ruthenibacterium.s__Ruthenibacterium_lactatiformans	0	0.426727	0	0.549613	0.643566	0.257561
BRANCHED-CHAIN-AA-SYN-PWY: superpathway of branched amino acid biosynthesis|g__Streptococcus.s__Streptococcus_salivarius_CAG_79	0	0	0	0.218495	0	0
BRANCHED-CHAIN-AA-SYN-PWY: superpathway of branched amino acid biosynthesis|g__Streptococcus.s__Streptococcus_thermophilus	0	0	0	0.21753	0	0
BRANCHED-CHAIN-AA-SYN-PWY: superpathway of branched amino acid biosynthesis|g__Streptococcus.s__Streptococcus_thermophilus_CAG_236	0	0	0	0.206919	0	0
BRANCHED-CHAIN-AA-SYN-PWY: superpathway of branched amino acid biosynthesis|unclassified	56.7086	159.259	136.567	88.8381	78.6054	93.7244
CALVIN-PWY: Calvin-Benson-Bassham cycle	539.607	597.452	457.098	486.343	400.093	423.139
CALVIN-PWY: Calvin-Benson-Bassham cycle|g__Anaerostipes.s__Anaerostipes_hadrus	23.1786	0	6.78545	13.9333	7.05534	10.9441
CALVIN-PWY: Calvin-Benson-Bassham cycle|g__Bacteroides.s__Bacteroides_cellulosilyticus	0	0	0	0	0	2.38475
CALVIN-PWY: Calvin-Benson-Bassham cycle|g__Bacteroides.s__Bacteroides_fragilis	0	0	0	0	0	0.0796771
CALVIN-PWY: Calvin-Benson-Bassham cycle|g__Bacteroides.s__Bacteroides_fragilis_CAG_47	0	0	0	0	0	0.596652
CALVIN-PWY: Calvin-Benson-Bassham cycle|g__Bacteroides.s__Bacteroides_salyersiae	2.50288	0	1.52768	0.701305	0	0
CALVIN-PWY: Calvin-Benson-Bassham cycle|g__Blautia.s__Blautia_obeum	14.8082	49.5901	12.775	0	11.7284	8.07571
CALVIN-PWY: Calvin-Benson-Bassham cycle|g__Blautia.s__Blautia_wexlerae	10.6263	0	0	14.1884	0	5.92708
CALVIN-PWY: Calvin-Benson-Bassham cycle|g__Blautia.s__Ruminococcus_torques	0	18.2651	33.9894	20.1196	5.84304	4.62657
CALVIN-PWY: Calvin-Benson-Bassham cycle|g__Clostridium.s__Clostridium_sp_CAG_58	0	0.809637	0	0	0	0
CALVIN-PWY: Calvin-Benson-Bassham cycle|g__Coprococcus.s__Coprococcus_catus	1.38399	5.16916	1.85239	3.01865	3.22244	4.19933
CALVIN-PWY: Calvin-Benson-Bassham cycle|g__Desulfovibrio.s__Desulfovibrio_piger	0	4.37694	0	3.14984	0	0
CALVIN-PWY: Calvin-Benson-Bassham cycle|g__Dorea.s__Dorea_longicatena	0	1.39666	0	0	0	0.725035
CALVIN-PWY: Calvin-Benson-Bassham cycle|g__Escherichia.s__Escherichia_coli	0	0	0	32.7122	0	0
CALVIN-PWY: Calvin-Benson-Bassham cycle|g__Eubacterium.s__Eubacterium_eligens	5.67898	0	0.484956	1.45832	0.147076	0.130236
CALVIN-PWY: Calvin-Benson-Bassham cycle|g__Eubacterium.s__Eubacterium_eligens_CAG_72	2.352	0	0.0815288	0.50548	0.250404	0.227914
CALVIN-PWY: Calvin-Benson-Bassham cycle|g__Eubacterium.s__Eubacterium_hallii	4.74581	0	4.64236	1.33605	2.34919	3.40309
CALVIN-PWY: Calvin-Benson-Bassham cycle|g__Eubacterium.s__Eubacterium_hallii_CAG_12	2.41532	0	6.9083	0.856132	2.0228	6.42287
CALVIN-PWY: Calvin-Benson-Bassham cycle|g__Faecalibacterium.s__Faecalibacterium_prausnitzii	0	0	0	1.33942	0	0
CALVIN-PWY: Calvin-Benson-Bassham cycle|g__Flavonifractor.s__Flavonifractor_plautii	0	1.37353	0	0	0	0
CALVIN-PWY: Calvin-Benson-Bassham cycle|g__Fusicatenibacter.s__Fusicatenibacter_saccharivorans	6.39097	14.8124	4.27801	26.94	10.6065	1.51757
CALVIN-PWY: Calvin-Benson-Bassham cycle|g__Intestinibacter.s__Intestinibacter_bartlettii	0	0	0	0.689488	0	0
CALVIN-PWY: Calvin-Benson-Bassham cycle|g__Lachnospiraceae_unclassified.s__Eubacterium_rectale	89.1922	0	0	17.522	1.70706	0
CALVIN-PWY: Calvin-Benson-Bassham cycle|g__Oxalobacter.s__Oxalobacter_formigenes	0	0	0	1.17833	0	0
CALVIN-PWY: Calvin-Benson-Bassham cycle|g__Roseburia.s__Roseburia_faecis	0	1.2399	17.8081	0	0	16.6348
CALVIN-PWY: Calvin-Benson-Bassham cycle|g__Roseburia.s__Roseburia_hominis	0	6.04874	0	3.39149	1.87486	0.801271
CALVIN-PWY: Calvin-Benson-Bassham cycle|g__Roseburia.s__Roseburia_intestinalis	0	0.330114	0.261173	0.128299	0	1.14354
CALVIN-PWY: Calvin-Benson-Bassham cycle|g__Roseburia.s__Roseburia_intestinalis_CAG_13	0	0.525244	0.187797	0.257804	0	0.947125
CALVIN-PWY: Calvin-Benson-Bassham cycle|g__Roseburia.s__Roseburia_inulinivorans	0.649883	3.04124	0.221815	1.65848	0	1.14724
CALVIN-PWY: Calvin-Benson-Bassham cycle|g__Roseburia.s__Roseburia_inulinivorans_CAG_15	0.751683	2.61098	0.154624	1.27696	0	3.27206
CALVIN-PWY: Calvin-Benson-Bassham cycle|unclassified	94.0661	155.015	147.272	116.102	90.8913	94.9918
CATECHOL-ORTHO-CLEAVAGE-PWY: catechol degradation to &beta;-ketoadipate	0	0	0	0.194861	0	0
CATECHOL-ORTHO-CLEAVAGE-PWY: catechol degradation to &beta;-ketoadipate|unclassified	0	0	0	0.189796	0	0
CENTFERM-PWY: pyruvate fermentation to butanoate	36.2159	40.3197	65.6807	45.758	20.8419	42.2225
CENTFERM-PWY: pyruvate fermentation to butanoate|unclassified	0.476884	6.10562	6.47254	3.53691	5.85628	7.78321
CITRULBIO-PWY: L-citrulline biosynthesis	339.106	67.272	204.02	63.4418	231.194	136.342
CITRULBIO-PWY: L-citrulline biosynthesis|g__Alistipes.s__Alistipes_finegoldii	3.85476	0	2.37895	12.7708	47.7151	0
CITRULBIO-PWY: L-citrulline biosynthesis|g__Coprococcus.s__Coprococcus_catus	0.650792	3.22603	2.06886	2.12152	2.28903	2.06419
CITRULBIO-PWY: L-citrulline biosynthesis|g__Escherichia.s__Escherichia_coli	0	0	0	14.2325	0	0
CITRULBIO-PWY: L-citrulline biosynthesis|g__Flavonifractor.s__Flavonifractor_plautii	0	0.919857	0	0	0	0
CITRULBIO-PWY: L-citrulline biosynthesis|unclassified	1.47458	11.5986	7.19787	11.5301	10.0406	5.10489
COA-PWY-1: coenzyme A biosynthesis II (mammalian)	558.635	740.883	568.591	519.165	627.756	585.473
COA-PWY-1: coenzyme A biosynthesis II (mammalian)|g__Agathobaculum.s__Agathobaculum_butyriciproducens	2.515	11.093	2.54173	0.674536	3.69849	2.8419
COA-PWY-1: coenzyme A biosynthesis II (mammalian)|g__Akkermansia.s__Akkermansia_muciniphila	0	1.98831	0.922962	12.4286	11.261	13.8167
COA-PWY-1: coenzyme A biosynthesis II (mammalian)|g__Alistipes.s__Alistipes_finegoldii	4.22167	0	1.66347	23.5675	52.3853	9.03475
COA-PWY-1: coenzyme A biosynthesis II (mammalian)|g__Alistipes.s__Alistipes_indistinctus	0	0	0	2.20207	1.73815	1.0628
COA-PWY-1: coenzyme A biosynthesis II (mammalian)|g__Alistipes.s__Alistipes_putredinis	1.00436	7.44676	6.52259	8.39516	48.707	16.1504
COA-PWY-1: coenzyme A biosynthesis II (mammalian)|g__Alistipes.s__Alistipes_putredinis_CAG_67	0.322972	3.01974	1.95107	1.73662	13.6332	5.77699
COA-PWY-1: coenzyme A biosynthesis II (mammalian)|g__Alistipes.s__Alistipes_sp_An31A	0	1.25052	0	0	0	0
COA-PWY-1: coenzyme A biosynthesis II (mammalian)|g__Anaerostipes.s__Anaerostipes_hadrus	10.6738	0	5.32158	12.3802	4.42466	9.83152
COA-PWY-1: coenzyme A biosynthesis II (mammalian)|g__Bacteroides.s__Bacteroides_caccae	0.651095	0	0	1.01217	1.6187	0
COA-PWY-1: coenzyme A biosynthesis II (mammalian)|g__Bacteroides.s__Bacteroides_cellulosilyticus	3.15004	0	0	4.67496	0	4.75416
COA-PWY-1: coenzyme A biosynthesis II (mammalian)|g__Bacteroides.s__Bacteroides_clarus	0	0.828143	0	1.86926	3.17178	0
COA-PWY-1: coenzyme A biosynthesis II (mammalian)|g__Bacteroides.s__Bacteroides_coprocola	16.2322	0	0	0	0	0
COA-PWY-1: coenzyme A biosynthesis II (mammalian)|g__Bacteroides.s__Bacteroides_coprocola_CAG_162	73.3653	0	0	0	0	0
COA-PWY-1: coenzyme A biosynthesis II (mammalian)|g__Bacteroides.s__Bacteroides_dorei	0	1.23691	3.93475	4.67207	30.0519	20.3044
COA-PWY-1: coenzyme A biosynthesis II (mammalian)|g__Bacteroides.s__Bacteroides_eggerthii	0	0	7.04296	3.7255	32.3113	0
COA-PWY-1: coenzyme A biosynthesis II (mammalian)|g__Bacteroides.s__Bacteroides_faecis	0	0	0	0	1.39161	0
COA-PWY-1: coenzyme A biosynthesis II (mammalian)|g__Bacteroides.s__Bacteroides_finegoldii	0	0	0	0.485946	0	0
COA-PWY-1: coenzyme A biosynthesis II (mammalian)|g__Bacteroides.s__Bacteroides_fragilis	0	0	0	0	0	2.05784
COA-PWY-1: coenzyme A biosynthesis II (mammalian)|g__Bacteroides.s__Bacteroides_fragilis_CAG_47	0	0	0	0	0	1.51492
COA-PWY-1: coenzyme A biosynthesis II (mammalian)|g__Bacteroides.s__Bacteroides_massiliensis	7.2587	0.834403	5.25833	0	6.55223	0
COA-PWY-1: coenzyme A biosynthesis II (mammalian)|g__Bacteroides.s__Bacteroides_ovatus	11.5667	0	0	3.76578	9.13254	1.76851
COA-PWY-1: coenzyme A biosynthesis II (mammalian)|g__Bacteroides.s__Bacteroides_plebeius	0	1.33978	0	0.972373	0	0
COA-PWY-1: coenzyme A biosynthesis II (mammalian)|g__Bacteroides.s__Bacteroides_plebeius_CAG_211	0	3.04641	0	1.21981	0	0
COA-PWY-1: coenzyme A biosynthesis II (mammalian)|g__Bacteroides.s__Bacteroides_salyersiae	2.32655	0	1.52881	0.90943	0	0
COA-PWY-1: coenzyme A biosynthesis II (mammalian)|g__Bacteroides.s__Bacteroides_sp_CAG_144	0	0	3.07251	0	1.83485	0
COA-PWY-1: coenzyme A biosynthesis II (mammalian)|g__Bacteroides.s__Bacteroides_sp_CAG_598	0	8.58597	0	0	0	0
COA-PWY-1: coenzyme A biosynthesis II (mammalian)|g__Bacteroides.s__Bacteroides_sp_CAG_633	0	1.66989	0	0	0	0
COA-PWY-1: coenzyme A biosynthesis II (mammalian)|g__Bacteroides.s__Bacteroides_stercoris	0	0	1.33061	1.19183	0	8.97969
COA-PWY-1: coenzyme A biosynthesis II (mammalian)|g__Bacteroides.s__Bacteroides_thetaiotaomicron	5.03576	0	4.17962	0	0	1.99007
COA-PWY-1: coenzyme A biosynthesis II (mammalian)|g__Bacteroides.s__Bacteroides_uniformis	4.27772	2.34591	9.52425	4.03926	12.4618	8.36795
COA-PWY-1: coenzyme A biosynthesis II (mammalian)|g__Bacteroides.s__Bacteroides_uniformis_CAG_3	2.59105	2.55002	8.41715	3.55548	8.82371	7.85203
COA-PWY-1: coenzyme A biosynthesis II (mammalian)|g__Bacteroides.s__Bacteroides_vulgatus	24.878	6.26074	9.0213	2.70369	0	0
COA-PWY-1: coenzyme A biosynthesis II (mammalian)|g__Bacteroides.s__Bacteroides_vulgatus_CAG_6	19.4759	4.51819	5.91759	1.71226	0	0
COA-PWY-1: coenzyme A biosynthesis II (mammalian)|g__Bacteroides.s__Bacteroides_xylanisolvens	0	0	1.28703	0	1.44025	3.0047
COA-PWY-1: coenzyme A biosynthesis II (mammalian)|g__Barnesiella.s__Barnesiella_intestinihominis	1.19736	0.972109	0.634238	1.25695	20.7118	3.937
COA-PWY-1: coenzyme A biosynthesis II (mammalian)|g__Barnesiella.s__Barnesiella_viscericola	0	0	5.99518	0	0	0
COA-PWY-1: coenzyme A biosynthesis II (mammalian)|g__Bifidobacterium.s__Bifidobacterium_adolescentis	0	2.07485	0	0	0	18.785
COA-PWY-1: coenzyme A biosynthesis II (mammalian)|g__Bifidobacterium.s__Bifidobacterium_longum	3.82325	0.090625	13.9083	1.85962	2.56016	13.0652
COA-PWY-1: coenzyme A biosynthesis II (mammalian)|g__Bifidobacterium.s__Bifidobacterium_longum_CAG_69	1.5879	0.300722	4.94261	0.733621	2.12584	11.1447
COA-PWY-1: coenzyme A biosynthesis II (mammalian)|g__Bifidobacterium.s__Bifidobacterium_pseudocatenulatum	0	0	9.75056	1.77111	0	10.6061
COA-PWY-1: coenzyme A biosynthesis II (mammalian)|g__Bilophila.s__Bilophila_wadsworthia	0	0	0	0	2.73372	0
COA-PWY-1: coenzyme A biosynthesis II (mammalian)|g__Blautia.s__Blautia_obeum	11.1456	40.1656	10.7629	0	9.83252	7.0632
COA-PWY-1: coenzyme A biosynthesis II (mammalian)|g__Blautia.s__Blautia_wexlerae	5.21634	0	0	7.47343	0	3.86421
COA-PWY-1: coenzyme A biosynthesis II (mammalian)|g__Blautia.s__Ruminococcus_torques	0	12.1906	29.6976	17.4832	1.82708	2.54834
COA-PWY-1: coenzyme A biosynthesis II (mammalian)|g__Butyricimonas.s__Butyricimonas_virosa	0	0.346987	0	0.543584	0	0
COA-PWY-1: coenzyme A biosynthesis II (mammalian)|g__Butyrivibrio.s__Butyrivibrio_crossotus	0	0	14.7685	0	0	0
COA-PWY-1: coenzyme A biosynthesis II (mammalian)|g__Butyrivibrio.s__Butyrivibrio_crossotus_CAG_259	0	0	3.27549	0	0	0
COA-PWY-1: coenzyme A biosynthesis II (mammalian)|g__Clostridium.s__Clostridium_sp_CAG_167	0	0	1.9626	0	0	0
COA-PWY-1: coenzyme A biosynthesis II (mammalian)|g__Clostridium.s__Clostridium_sp_CAG_253	0	0	0	0.308208	0	0
COA-PWY-1: coenzyme A biosynthesis II (mammalian)|g__Clostridium.s__Clostridium_sp_CAG_411	0	0	0.429291	0	0	0
COA-PWY-1: coenzyme A biosynthesis II (mammalian)|g__Clostridium.s__Clostridium_sp_CAG_58	0	0.742417	0	0	0	0
COA-PWY-1: coenzyme A biosynthesis II (mammalian)|g__Clostridium.s__Clostridium_sp_CAG_632	0	0	8.56137	0	0	0
COA-PWY-1: coenzyme A biosynthesis II (mammalian)|g__Coprobacter.s__Coprobacter_fastidiosus	0	0	0	0	0	0.414533
COA-PWY-1: coenzyme A biosynthesis II (mammalian)|g__Coprococcus.s__Coprococcus_catus	0	3.89388	1.17992	2.59275	1.61266	2.15393
COA-PWY-1: coenzyme A biosynthesis II (mammalian)|g__Coprococcus.s__Coprococcus_comes	0.491427	1.15037	1.41438	2.97235	0.77251	0.619417
COA-PWY-1: coenzyme A biosynthesis II (mammalian)|g__Coprococcus.s__Coprococcus_comes_CAG_19	1.37157	0.828688	2.60527	2.43503	1.21316	1.04321
COA-PWY-1: coenzyme A biosynthesis II (mammalian)|g__Coprococcus.s__Coprococcus_eutactus	0	0	0	7.31089	2.66896	3.74244
COA-PWY-1: coenzyme A biosynthesis II (mammalian)|g__Desulfovibrio.s__Desulfovibrio_piger	0	7.01241	0	3.32686	0	0
COA-PWY-1: coenzyme A biosynthesis II (mammalian)|g__Dialister.s__Dialister_invisus	0	0	0	0	6.40227	0
COA-PWY-1: coenzyme A biosynthesis II (mammalian)|g__Dialister.s__Dialister_invisus_CAG_218	0	0	0	0	16.1323	0
COA-PWY-1: coenzyme A biosynthesis II (mammalian)|g__Dialister.s__Dialister_sp_CAG_357	0	0	0	0	0	9.39687
COA-PWY-1: coenzyme A biosynthesis II (mammalian)|g__Dialister.s__Dialister_succinatiphilus	0	0	0	5.63793	0	0
COA-PWY-1: coenzyme A biosynthesis II (mammalian)|g__Dorea.s__Dorea_formicigenerans	0.640491	1.88108	0.260611	0	0	0.559593
COA-PWY-1: coenzyme A biosynthesis II (mammalian)|g__Dorea.s__Dorea_formicigenerans_CAG_28	0.476278	1.74011	0	0	0	0.0423533
COA-PWY-1: coenzyme A biosynthesis II (mammalian)|g__Dorea.s__Dorea_longicatena	0	0	0.325834	0.164956	0.565855	0.495798
COA-PWY-1: coenzyme A biosynthesis II (mammalian)|g__Dorea.s__Dorea_longicatena_CAG_42	0	18.2205	0.827658	0.527667	1.1838	2.23546
COA-PWY-1: coenzyme A biosynthesis II (mammalian)|g__Dorea.s__Dorea_sp_CAG_317	0	1.14057	0	0	0	0
COA-PWY-1: coenzyme A biosynthesis II (mammalian)|g__Eggerthella.s__Eggerthella_lenta	0	0	0	0	0.752938	0
COA-PWY-1: coenzyme A biosynthesis II (mammalian)|g__Escherichia.s__Escherichia_coli	0	0	0	19.0944	0	0
COA-PWY-1: coenzyme A biosynthesis II (mammalian)|g__Eubacterium.s__Eubacterium_eligens	5.7217	0	0.228562	1.92377	0.109372	0.257826
COA-PWY-1: coenzyme A biosynthesis II (mammalian)|g__Eubacterium.s__Eubacterium_eligens_CAG_72	3.42545	0	0.29013	1.36764	0.210397	0.261531
COA-PWY-1: coenzyme A biosynthesis II (mammalian)|g__Eubacterium.s__Eubacterium_hallii	2.38654	0	3.23838	0.545995	1.44112	2.64099
COA-PWY-1: coenzyme A biosynthesis II (mammalian)|g__Eubacterium.s__Eubacterium_hallii_CAG_12	0.823185	0	1.88613	0.42469	0.935416	2.26431
COA-PWY-1: coenzyme A biosynthesis II (mammalian)|g__Eubacterium.s__Eubacterium_ramulus	0.770771	0	1.1445	3.46577	0.51635	0.878566
COA-PWY-1: coenzyme A biosynthesis II (mammalian)|g__Eubacterium.s__Eubacterium_sp_CAG_180	0	0	0	19.1308	0	0
COA-PWY-1: coenzyme A biosynthesis II (mammalian)|g__Eubacterium.s__Eubacterium_sp_CAG_274	0	0	3.66964	0	0	0
COA-PWY-1: coenzyme A biosynthesis II (mammalian)|g__Eubacterium.s__Eubacterium_sp_CAG_38	0.999517	0	1.41888	0	0	0.477004
COA-PWY-1: coenzyme A biosynthesis II (mammalian)|g__Eubacterium.s__Eubacterium_ventriosum	0	0	0.767495	0.623168	0	0
COA-PWY-1: coenzyme A biosynthesis II (mammalian)|g__Faecalibacterium.s__Faecalibacterium_prausnitzii	92.9133	140.997	44.0568	6.07299	8.79607	12.4715
COA-PWY-1: coenzyme A biosynthesis II (mammalian)|g__Faecalitalea.s__Faecalitalea_cylindroides	0	1.47422	0	0	0	0
COA-PWY-1: coenzyme A biosynthesis II (mammalian)|g__Firmicutes_unclassified.s__Firmicutes_bacterium_CAG_110	0	0.977008	9.23946	2.94582	0	3.66171
COA-PWY-1: coenzyme A biosynthesis II (mammalian)|g__Firmicutes_unclassified.s__Firmicutes_bacterium_CAG_83	0	0.581306	0	1.08451	0	0
COA-PWY-1: coenzyme A biosynthesis II (mammalian)|g__Firmicutes_unclassified.s__Firmicutes_bacterium_CAG_94	0	1.29134	0.447565	0	0	0
COA-PWY-1: coenzyme A biosynthesis II (mammalian)|g__Firmicutes_unclassified.s__Firmicutes_bacterium_CAG_95	0	1.61601	0	4.57512	0	0
COA-PWY-1: coenzyme A biosynthesis II (mammalian)|g__Flavonifractor.s__Flavonifractor_plautii	0	0.691798	0	0	0	0
COA-PWY-1: coenzyme A biosynthesis II (mammalian)|g__Fusicatenibacter.s__Fusicatenibacter_saccharivorans	6.65971	17.035	4.53722	29.4343	11.63	1.3291
COA-PWY-1: coenzyme A biosynthesis II (mammalian)|g__Gemmiger.s__Gemmiger_formicilis	15.4796	9.68462	5.01009	9.35306	2.44388	1.42122
COA-PWY-1: coenzyme A biosynthesis II (mammalian)|g__Intestinibacter.s__Intestinibacter_bartlettii	0	0	0	0.593505	0	0
COA-PWY-1: coenzyme A biosynthesis II (mammalian)|g__Lachnospira.s__Lachnospira_pectinoschiza	0	0	2.40482	0	0	0.757065
COA-PWY-1: coenzyme A biosynthesis II (mammalian)|g__Lachnospiraceae_unclassified.s__Eubacterium_rectale	75.4892	0	0	17.0696	2.06713	0
COA-PWY-1: coenzyme A biosynthesis II (mammalian)|g__Lawsonibacter.s__Lawsonibacter_asaccharolyticus	0	1.50307	0	0	0	0
COA-PWY-1: coenzyme A biosynthesis II (mammalian)|g__Megamonas.s__Megamonas_funiformis	0	12.8437	0	0	0	0
COA-PWY-1: coenzyme A biosynthesis II (mammalian)|g__Megamonas.s__Megamonas_hypermegale	0	7.47125	0	0	0	0
COA-PWY-1: coenzyme A biosynthesis II (mammalian)|g__Monoglobus.s__Monoglobus_pectinilyticus	0	0	0	0	0	1.80398
COA-PWY-1: coenzyme A biosynthesis II (mammalian)|g__Odoribacter.s__Odoribacter_laneus	0	0	1.5974	0	0	0
COA-PWY-1: coenzyme A biosynthesis II (mammalian)|g__Odoribacter.s__Odoribacter_laneus_CAG_561	0	0	0.536122	0	0	0
COA-PWY-1: coenzyme A biosynthesis II (mammalian)|g__Oscillibacter.s__Oscillibacter_sp_CAG_241	0	2.50049	0.996057	0	0	0
COA-PWY-1: coenzyme A biosynthesis II (mammalian)|g__Oxalobacter.s__Oxalobacter_formigenes	0	0	0	1.47327	0	0
COA-PWY-1: coenzyme A biosynthesis II (mammalian)|g__Parabacteroides.s__Parabacteroides_distasonis	4.96911	1.43775	5.06969	0.320025	15.9193	4.02224
COA-PWY-1: coenzyme A biosynthesis II (mammalian)|g__Parabacteroides.s__Parabacteroides_goldsteinii	0	0	0.592068	0	0	0
COA-PWY-1: coenzyme A biosynthesis II (mammalian)|g__Parabacteroides.s__Parabacteroides_merdae	1.31219	0.612603	2.90833	0.961039	0	0
COA-PWY-1: coenzyme A biosynthesis II (mammalian)|g__Parabacteroides.s__Parabacteroides_sp_CAG_409	0	3.39612	0	0	0	0
COA-PWY-1: coenzyme A biosynthesis II (mammalian)|g__Paraprevotella.s__Paraprevotella_clara	0	1.50933	0	0	0	0
COA-PWY-1: coenzyme A biosynthesis II (mammalian)|g__Paraprevotella.s__Paraprevotella_clara_CAG_116	0	1.71942	0	0	0	0
COA-PWY-1: coenzyme A biosynthesis II (mammalian)|g__Paraprevotella.s__Paraprevotella_xylaniphila	2.64286	0	0	0	3.21898	0
COA-PWY-1: coenzyme A biosynthesis II (mammalian)|g__Parasutterella.s__Parasutterella_excrementihominis	0	0	0	0	3.14386	0
COA-PWY-1: coenzyme A biosynthesis II (mammalian)|g__Phascolarctobacterium.s__Phascolarctobacterium_faecium	8.53029	0	0	0	0	0
COA-PWY-1: coenzyme A biosynthesis II (mammalian)|g__Phascolarctobacterium.s__Phascolarctobacterium_sp_CAG_266	0	20.5183	6.45286	0	0	0
COA-PWY-1: coenzyme A biosynthesis II (mammalian)|g__Prevotella.s__Prevotella_sp_CAG_279	0	3.91783	0	0	0	65.4334
COA-PWY-1: coenzyme A biosynthesis II (mammalian)|g__Prevotella.s__Prevotella_sp_CAG_485	0	0	0	3.75324	0	0
COA-PWY-1: coenzyme A biosynthesis II (mammalian)|g__Roseburia.s__Roseburia_faecis	0	1.25296	16.4562	0	0	18.9256
COA-PWY-1: coenzyme A biosynthesis II (mammalian)|g__Roseburia.s__Roseburia_hominis	0	6.41015	0	3.3611	1.43047	0.639005
COA-PWY-1: coenzyme A biosynthesis II (mammalian)|g__Roseburia.s__Roseburia_intestinalis	0	0.275685	0.337361	0.316407	0	0.945537
COA-PWY-1: coenzyme A biosynthesis II (mammalian)|g__Roseburia.s__Roseburia_intestinalis_CAG_13	0	0.202205	0.435195	0.300249	0	0.740653
COA-PWY-1: coenzyme A biosynthesis II (mammalian)|g__Roseburia.s__Roseburia_inulinivorans	0.088166	2.19868	0	0.421796	0	1.0223
COA-PWY-1: coenzyme A biosynthesis II (mammalian)|g__Roseburia.s__Roseburia_inulinivorans_CAG_15	0.159365	0	0	0.13674	0	1.47204
COA-PWY-1: coenzyme A biosynthesis II (mammalian)|g__Roseburia.s__Roseburia_sp_CAG_182	0	0	0	9.00048	0.486128	0
COA-PWY-1: coenzyme A biosynthesis II (mammalian)|g__Roseburia.s__Roseburia_sp_CAG_471	6.42551	0	0	0	0.33013	1.24307
COA-PWY-1: coenzyme A biosynthesis II (mammalian)|g__Ruminococcaceae_unclassified.s__Eubacterium_siraeum	0	0	4.8757	2.7893	0.706887	20.8256
COA-PWY-1: coenzyme A biosynthesis II (mammalian)|g__Ruminococcus.s__Ruminococcus_bicirculans	7.8195	2.56798	0	3.1537	0	1.45325
COA-PWY-1: coenzyme A biosynthesis II (mammalian)|g__Ruminococcus.s__Ruminococcus_bromii	0	103.865	33.4892	19.8456	20.3826	41.0866
COA-PWY-1: coenzyme A biosynthesis II (mammalian)|g__Ruminococcus.s__Ruminococcus_callidus	0	0	0	3.3681	0	0
COA-PWY-1: coenzyme A biosynthesis II (mammalian)|g__Ruminococcus.s__Ruminococcus_lactaris	0	0	2.5974	8.68769	0.720414	0.264973
COA-PWY-1: coenzyme A biosynthesis II (mammalian)|g__Ruthenibacterium.s__Ruthenibacterium_lactatiformans	0	0	0	0	0.645581	0
COA-PWY-1: coenzyme A biosynthesis II (mammalian)|g__Streptococcus.s__Streptococcus_salivarius	0	0	0	0.821163	0	0
COA-PWY-1: coenzyme A biosynthesis II (mammalian)|g__Streptococcus.s__Streptococcus_salivarius_CAG_79	0	0	0	0.468582	0	0
COA-PWY-1: coenzyme A biosynthesis II (mammalian)|g__Streptococcus.s__Streptococcus_thermophilus	0	0	0	0.310378	0	0
COA-PWY-1: coenzyme A biosynthesis II (mammalian)|g__Streptococcus.s__Streptococcus_thermophilus_CAG_236	0	0	0	0.146869	0	0
COA-PWY-1: coenzyme A biosynthesis II (mammalian)|unclassified	101.092	204.784	194.845	188.54	214.376	174.732
COA-PWY: coenzyme A biosynthesis I	518.485	571.271	473.156	455.204	489.172	466.855
COA-PWY: coenzyme A biosynthesis I|g__Agathobaculum.s__Agathobaculum_butyriciproducens	2.59862	9.80655	2.19397	0.651625	2.96887	2.43267
COA-PWY: coenzyme A biosynthesis I|g__Akkermansia.s__Akkermansia_muciniphila	0	1.62635	0.909749	11.812	11.3456	12.8516
COA-PWY: coenzyme A biosynthesis I|g__Alistipes.s__Alistipes_finegoldii	5.87652	0	5.86276	25.9917	55.95	9.70949
COA-PWY: coenzyme A biosynthesis I|g__Alistipes.s__Alistipes_indistinctus	0	0	0	2.69067	1.68691	1.10542
COA-PWY: coenzyme A biosynthesis I|g__Alistipes.s__Alistipes_putredinis	0.479611	4.19705	4.85209	8.32956	49.0103	15.869
COA-PWY: coenzyme A biosynthesis I|g__Alistipes.s__Alistipes_putredinis_CAG_67	0.778648	7.03908	5.7028	2.52306	15.7714	9.84528
COA-PWY: coenzyme A biosynthesis I|g__Alistipes.s__Alistipes_sp_An31A	0	1.54824	0	0	0	0
COA-PWY: coenzyme A biosynthesis I|g__Anaerostipes.s__Anaerostipes_hadrus	9.89246	0	4.17624	10.1991	3.69561	8.22474
COA-PWY: coenzyme A biosynthesis I|g__Bacteroides.s__Bacteroides_caccae	0.421136	0	0	0.94681	1.69929	0
COA-PWY: coenzyme A biosynthesis I|g__Bacteroides.s__Bacteroides_cellulosilyticus	3.40302	0	0	4.67496	0	4.89577
COA-PWY: coenzyme A biosynthesis I|g__Bacteroides.s__Bacteroides_clarus	0	0.770993	0	1.59048	2.36243	0
COA-PWY: coenzyme A biosynthesis I|g__Bacteroides.s__Bacteroides_coprocola	13.2455	0	0	0	0	0
COA-PWY: coenzyme A biosynthesis I|g__Bacteroides.s__Bacteroides_coprocola_CAG_162	73.3653	0	0	0	0	0
COA-PWY: coenzyme A biosynthesis I|g__Bacteroides.s__Bacteroides_dorei	0	1.23691	3.93475	5.36614	30.473	20.3044
COA-PWY: coenzyme A biosynthesis I|g__Bacteroides.s__Bacteroides_eggerthii	0	0	6.52736	3.37509	28.4545	0
COA-PWY: coenzyme A biosynthesis I|g__Bacteroides.s__Bacteroides_faecis	0	0	0	0	1.2454	0
COA-PWY: coenzyme A biosynthesis I|g__Bacteroides.s__Bacteroides_finegoldii	0	0	0	0.528149	0	0
COA-PWY: coenzyme A biosynthesis I|g__Bacteroides.s__Bacteroides_fragilis	0	0	0	0	0	1.89796
COA-PWY: coenzyme A biosynthesis I|g__Bacteroides.s__Bacteroides_fragilis_CAG_47	0	0	0	0	0	1.51492
COA-PWY: coenzyme A biosynthesis I|g__Bacteroides.s__Bacteroides_massiliensis	7.41412	0.792492	4.95611	0	6.23419	0
COA-PWY: coenzyme A biosynthesis I|g__Bacteroides.s__Bacteroides_ovatus	10.8696	0	0	3.76578	13.2783	1.76851
COA-PWY: coenzyme A biosynthesis I|g__Bacteroides.s__Bacteroides_plebeius	0	1.7265	0	0.972373	0	0
COA-PWY: coenzyme A biosynthesis I|g__Bacteroides.s__Bacteroides_plebeius_CAG_211	0	2.76964	0	1.25574	0	0
COA-PWY: coenzyme A biosynthesis I|g__Bacteroides.s__Bacteroides_salyersiae	2.0978	0	1.46836	0.979849	0	0
COA-PWY: coenzyme A biosynthesis I|g__Bacteroides.s__Bacteroides_sp_CAG_144	0	0	3.14673	0	1.83198	0
COA-PWY: coenzyme A biosynthesis I|g__Bacteroides.s__Bacteroides_sp_CAG_598	0	8.49779	0	0	0	0
COA-PWY: coenzyme A biosynthesis I|g__Bacteroides.s__Bacteroides_sp_CAG_633	0	0.938635	0	0	0	0
COA-PWY: coenzyme A biosynthesis I|g__Bacteroides.s__Bacteroides_stercoris	0	0	0.79842	0.97792	0	7.76574
COA-PWY: coenzyme A biosynthesis I|g__Bacteroides.s__Bacteroides_thetaiotaomicron	4.33407	0	4.25243	0	0	1.99007
COA-PWY: coenzyme A biosynthesis I|g__Bacteroides.s__Bacteroides_uniformis	5.45599	2.77018	10.2198	5.18044	13.1347	8.91695
COA-PWY: coenzyme A biosynthesis I|g__Bacteroides.s__Bacteroides_uniformis_CAG_3	1.74211	1.74528	6.60861	2.09982	8.48868	7.05844
COA-PWY: coenzyme A biosynthesis I|g__Bacteroides.s__Bacteroides_vulgatus	27.5666	6.21774	8.63278	2.77532	0	0
COA-PWY: coenzyme A biosynthesis I|g__Bacteroides.s__Bacteroides_vulgatus_CAG_6	13.5415	3.02872	4.03821	1.46989	0	0
COA-PWY: coenzyme A biosynthesis I|g__Bacteroides.s__Bacteroides_xylanisolvens	0	0	1.04722	0	0.994707	2.6267
COA-PWY: coenzyme A biosynthesis I|g__Barnesiella.s__Barnesiella_intestinihominis	1.1607	0.989799	0.730667	1.09151	20.5233	3.80968
COA-PWY: coenzyme A biosynthesis I|g__Barnesiella.s__Barnesiella_viscericola	0	0	6.12815	0	0	0
COA-PWY: coenzyme A biosynthesis I|g__Bifidobacterium.s__Bifidobacterium_adolescentis	0	2.38673	0	0	0	20.3462
COA-PWY: coenzyme A biosynthesis I|g__Bifidobacterium.s__Bifidobacterium_pseudocatenulatum	0	0	9.92487	1.7453	0	10.4954
COA-PWY: coenzyme A biosynthesis I|g__Bilophila.s__Bilophila_wadsworthia	0	0	0	0	2.66752	0
COA-PWY: coenzyme A biosynthesis I|g__Blautia.s__Blautia_obeum	11.1456	41.9422	10.7629	0	9.79107	7.0632
COA-PWY: coenzyme A biosynthesis I|g__Blautia.s__Blautia_wexlerae	4.99213	0	0	7.68107	0	3.739
COA-PWY: coenzyme A biosynthesis I|g__Blautia.s__Ruminococcus_torques	0	14.4766	29.6976	15.4929	1.33549	2.14652
COA-PWY: coenzyme A biosynthesis I|g__Butyricimonas.s__Butyricimonas_virosa	0	0.35243	0	0.60701	0	0
COA-PWY: coenzyme A biosynthesis I|g__Butyrivibrio.s__Butyrivibrio_crossotus	0	0	15.5594	0	0	0
COA-PWY: coenzyme A biosynthesis I|g__Butyrivibrio.s__Butyrivibrio_crossotus_CAG_259	0	0	1.69692	0	0	0
COA-PWY: coenzyme A biosynthesis I|g__Clostridium.s__Clostridium_sp_CAG_411	0	0	0.504354	0	0	0
COA-PWY: coenzyme A biosynthesis I|g__Clostridium.s__Clostridium_sp_CAG_58	0	0.736974	0	0	0	0
COA-PWY: coenzyme A biosynthesis I|g__Clostridium.s__Clostridium_sp_CAG_632	0	0	8.47281	0	0	0
COA-PWY: coenzyme A biosynthesis I|g__Coprobacter.s__Coprobacter_fastidiosus	0	0	0	0	0	0.414533
COA-PWY: coenzyme A biosynthesis I|g__Coprococcus.s__Coprococcus_comes	0.188754	1.39285	0.338485	0.617139	0.716672	0.619417
COA-PWY: coenzyme A biosynthesis I|g__Coprococcus.s__Coprococcus_comes_CAG_19	1.53245	0.794941	2.87234	3.74817	1.20251	1.03104
COA-PWY: coenzyme A biosynthesis I|g__Coprococcus.s__Coprococcus_eutactus	0	0	0	7.07141	2.86698	4.13659
COA-PWY: coenzyme A biosynthesis I|g__Desulfovibrio.s__Desulfovibrio_piger	0	6.59222	0	3.42525	0	0
COA-PWY: coenzyme A biosynthesis I|g__Dialister.s__Dialister_invisus	0	0	0	0	5.32525	0
COA-PWY: coenzyme A biosynthesis I|g__Dialister.s__Dialister_invisus_CAG_218	0	0	0	0	16.1323	0
COA-PWY: coenzyme A biosynthesis I|g__Dialister.s__Dialister_sp_CAG_357	0	0	0	0	0	8.68242
COA-PWY: coenzyme A biosynthesis I|g__Dialister.s__Dialister_succinatiphilus	0	0	0	5.52	0	0
COA-PWY: coenzyme A biosynthesis I|g__Dorea.s__Dorea_formicigenerans	0.533843	1.63941	0.298845	0	0	0.496063
COA-PWY: coenzyme A biosynthesis I|g__Dorea.s__Dorea_formicigenerans_CAG_28	0.543236	1.62662	0	0	0	0.0312355
COA-PWY: coenzyme A biosynthesis I|g__Dorea.s__Dorea_longicatena	0	7.57331	0.45375	0.16785	0.745454	0.804977
COA-PWY: coenzyme A biosynthesis I|g__Dorea.s__Dorea_longicatena_CAG_42	0	13.6531	0.536966	0.15531	0.704872	1.55039
COA-PWY: coenzyme A biosynthesis I|g__Eggerthella.s__Eggerthella_lenta	0	0	0	0	0.670333	0
COA-PWY: coenzyme A biosynthesis I|g__Escherichia.s__Escherichia_coli	0	0	0	19.1274	0	0
COA-PWY: coenzyme A biosynthesis I|g__Eubacterium.s__Eubacterium_eligens	5.55203	0	0.170648	1.79571	0.103327	0.229237
COA-PWY: coenzyme A biosynthesis I|g__Eubacterium.s__Eubacterium_eligens_CAG_72	3.77599	0	0.284507	1.32616	0.265082	0.261531
COA-PWY: coenzyme A biosynthesis I|g__Eubacterium.s__Eubacterium_hallii	2.98916	0	0	0	0.873822	1.90272
COA-PWY: coenzyme A biosynthesis I|g__Eubacterium.s__Eubacterium_ramulus	0.732899	0	1.13213	3.23136	0.554342	0.767124
COA-PWY: coenzyme A biosynthesis I|g__Eubacterium.s__Eubacterium_sp_CAG_274	0	0	3.65108	0	0	0
COA-PWY: coenzyme A biosynthesis I|g__Eubacterium.s__Eubacterium_ventriosum	0	0	0.824003	0.730968	0	0
COA-PWY: coenzyme A biosynthesis I|g__Faecalibacterium.s__Faecalibacterium_prausnitzii	79.8075	120.173	32.8696	3.92784	6.37349	8.95189
COA-PWY: coenzyme A biosynthesis I|g__Faecalitalea.s__Faecalitalea_cylindroides	0	1.77141	0	0	0	0
COA-PWY: coenzyme A biosynthesis I|g__Firmicutes_unclassified.s__Firmicutes_bacterium_CAG_110	0	0.804194	9.21275	2.92098	0	3.87109
COA-PWY: coenzyme A biosynthesis I|g__Flavonifractor.s__Flavonifractor_plautii	0	0.62104	0	0	0	0
COA-PWY: coenzyme A biosynthesis I|g__Fusicatenibacter.s__Fusicatenibacter_saccharivorans	6.62336	15.8191	4.27942	28.9221	11.4432	1.20627
COA-PWY: coenzyme A biosynthesis I|g__Gemmiger.s__Gemmiger_formicilis	11.7052	7.11773	4.08881	6.92985	2.02021	1.27563
COA-PWY: coenzyme A biosynthesis I|g__Intestinibacter.s__Intestinibacter_bartlettii	0	0	0	0.321713	0	0
COA-PWY: coenzyme A biosynthesis I|g__Lachnospira.s__Lachnospira_pectinoschiza	0	0	2.7717	0	0	0.884125
COA-PWY: coenzyme A biosynthesis I|g__Lachnospiraceae_unclassified.s__Eubacterium_rectale	75.9376	0	0	19.0517	2.01704	0
COA-PWY: coenzyme A biosynthesis I|g__Lawsonibacter.s__Lawsonibacter_asaccharolyticus	0	1.09458	0	0	0	0
COA-PWY: coenzyme A biosynthesis I|g__Megamonas.s__Megamonas_funiformis	0	9.20646	0	0	0	0
COA-PWY: coenzyme A biosynthesis I|g__Megamonas.s__Megamonas_hypermegale	0	11.5967	0	0	0	0
COA-PWY: coenzyme A biosynthesis I|g__Monoglobus.s__Monoglobus_pectinilyticus	0	0	0	0	0	1.97022
COA-PWY: coenzyme A biosynthesis I|g__Odoribacter.s__Odoribacter_laneus	0	0	1.71267	0	0	0
COA-PWY: coenzyme A biosynthesis I|g__Odoribacter.s__Odoribacter_laneus_CAG_561	0	0	0.563392	0	0	0
COA-PWY: coenzyme A biosynthesis I|g__Oxalobacter.s__Oxalobacter_formigenes	0	0	0	1.42094	0	0
COA-PWY: coenzyme A biosynthesis I|g__Parabacteroides.s__Parabacteroides_distasonis	3.89324	1.15935	3.76607	0.221147	13.0037	3.22176
COA-PWY: coenzyme A biosynthesis I|g__Parabacteroides.s__Parabacteroides_goldsteinii	0	0	0.719703	0	0	0
COA-PWY: coenzyme A biosynthesis I|g__Parabacteroides.s__Parabacteroides_merdae	1.20281	0.618318	2.90833	0.744956	0	0
COA-PWY: coenzyme A biosynthesis I|g__Parabacteroides.s__Parabacteroides_sp_CAG_409	0	3.59942	0	0	0	0
COA-PWY: coenzyme A biosynthesis I|g__Paraprevotella.s__Paraprevotella_clara	0	1.39992	0	0	0	0
COA-PWY: coenzyme A biosynthesis I|g__Paraprevotella.s__Paraprevotella_clara_CAG_116	0	3.25978	0	0	0	0
COA-PWY: coenzyme A biosynthesis I|g__Paraprevotella.s__Paraprevotella_xylaniphila	2.90039	0	0	0	3.30993	0
COA-PWY: coenzyme A biosynthesis I|g__Phascolarctobacterium.s__Phascolarctobacterium_faecium	8.41	0	0	0	0	0
COA-PWY: coenzyme A biosynthesis I|g__Phascolarctobacterium.s__Phascolarctobacterium_sp_CAG_266	0	20.5183	6.85713	0	0	0
COA-PWY: coenzyme A biosynthesis I|g__Prevotella.s__Prevotella_sp_CAG_279	0	3.65221	0	0	0	62.0195
COA-PWY: coenzyme A biosynthesis I|g__Prevotella.s__Prevotella_sp_CAG_485	0	0	0	3.54849	0	0
COA-PWY: coenzyme A biosynthesis I|g__Roseburia.s__Roseburia_faecis	0	1.30413	17.003	0	0	18.294
COA-PWY: coenzyme A biosynthesis I|g__Roseburia.s__Roseburia_hominis	0	5.36756	0	3.33289	1.10235	0.777712
COA-PWY: coenzyme A biosynthesis I|g__Roseburia.s__Roseburia_intestinalis	0	0.235679	0.337361	0.368981	0	0.83833
COA-PWY: coenzyme A biosynthesis I|g__Roseburia.s__Roseburia_intestinalis_CAG_13	0	0.227787	0.375876	0.347517	0	0.759977
COA-PWY: coenzyme A biosynthesis I|g__Roseburia.s__Roseburia_sp_CAG_182	0	0	0	7.64201	0.604423	0
COA-PWY: coenzyme A biosynthesis I|g__Roseburia.s__Roseburia_sp_CAG_471	6.34007	0	0	0	0.315163	1.20972
COA-PWY: coenzyme A biosynthesis I|g__Ruminococcus.s__Ruminococcus_bicirculans	8.00371	2.64173	0	3.19422	0	1.45325
COA-PWY: coenzyme A biosynthesis I|g__Ruminococcus.s__Ruminococcus_callidus	0	0	0	3.37533	0	0
COA-PWY: coenzyme A biosynthesis I|g__Ruminococcus.s__Ruminococcus_lactaris	0	0	2.5004	8.80659	0.413598	0.275826
COA-PWY: coenzyme A biosynthesis I|g__Streptococcus.s__Streptococcus_salivarius	0	0	0	0.821163	0	0
COA-PWY: coenzyme A biosynthesis I|g__Streptococcus.s__Streptococcus_salivarius_CAG_79	0	0	0	0.468582	0	0
COA-PWY: coenzyme A biosynthesis I|g__Streptococcus.s__Streptococcus_thermophilus	0	0	0	0.233447	0	0
COA-PWY: coenzyme A biosynthesis I|g__Streptococcus.s__Streptococcus_thermophilus_CAG_236	0	0	0	0.151933	0	0
COA-PWY: coenzyme A biosynthesis I|unclassified	93.8453	151.353	169.744	156.005	106.515	138.003
COBALSYN-PWY: adenosylcobalamin salvage from cobinamide I	248.042	326.542	187.483	180.908	138.437	151.641
COBALSYN-PWY: adenosylcobalamin salvage from cobinamide I|g__Bacteroides.s__Bacteroides_cellulosilyticus	0	0	0	0	0	0.663358
COBALSYN-PWY: adenosylcobalamin salvage from cobinamide I|g__Bacteroides.s__Bacteroides_uniformis	3.77447	1.09267	6.7503	3.86755	6.12079	5.29522
COBALSYN-PWY: adenosylcobalamin salvage from cobinamide I|g__Bacteroides.s__Bacteroides_uniformis_CAG_3	2.06902	1.93252	7.80371	2.36702	12.8745	8.04977
COBALSYN-PWY: adenosylcobalamin salvage from cobinamide I|g__Blautia.s__Blautia_obeum	6.26948	34.4808	6.40816	0	9.79251	5.80981
COBALSYN-PWY: adenosylcobalamin salvage from cobinamide I|g__Blautia.s__Blautia_wexlerae	2.77768	0	0	7.12157	0	2.54464
COBALSYN-PWY: adenosylcobalamin salvage from cobinamide I|g__Blautia.s__Ruminococcus_torques	0	12.5332	3.59711	13.7174	10.1425	6.19734
COBALSYN-PWY: adenosylcobalamin salvage from cobinamide I|g__Coprococcus.s__Coprococcus_catus	0.756834	4.17637	1.59094	2.91616	2.46806	2.68943
COBALSYN-PWY: adenosylcobalamin salvage from cobinamide I|g__Coprococcus.s__Coprococcus_comes	0	1.35039	2.10091	0	0.665728	0
COBALSYN-PWY: adenosylcobalamin salvage from cobinamide I|g__Desulfovibrio.s__Desulfovibrio_piger	0	5.161	0	3.51376	0	0
COBALSYN-PWY: adenosylcobalamin salvage from cobinamide I|g__Dorea.s__Dorea_longicatena	0	0.526877	0.695244	0.478952	0.715809	1.56363
COBALSYN-PWY: adenosylcobalamin salvage from cobinamide I|g__Dorea.s__Dorea_longicatena_CAG_42	0	1.41897	0.296034	0	0	0.687711
COBALSYN-PWY: adenosylcobalamin salvage from cobinamide I|g__Escherichia.s__Escherichia_coli	0	0	0	20.1411	0	0
COBALSYN-PWY: adenosylcobalamin salvage from cobinamide I|g__Eubacterium.s__Eubacterium_hallii	1.75847	0	0	0	0.984057	0
COBALSYN-PWY: adenosylcobalamin salvage from cobinamide I|g__Eubacterium.s__Eubacterium_hallii_CAG_12	1.95813	0	5.3064	1.36499	1.60805	5.04586
COBALSYN-PWY: adenosylcobalamin salvage from cobinamide I|g__Faecalibacterium.s__Faecalibacterium_prausnitzii	60.2065	52.4057	37.8094	4.08098	5.9786	9.16181
COBALSYN-PWY: adenosylcobalamin salvage from cobinamide I|g__Flavonifractor.s__Flavonifractor_plautii	0	0.654241	0	0	0	0
COBALSYN-PWY: adenosylcobalamin salvage from cobinamide I|g__Roseburia.s__Roseburia_intestinalis	0	0.955236	0	0.794877	0	0.705976
COBALSYN-PWY: adenosylcobalamin salvage from cobinamide I|g__Roseburia.s__Roseburia_intestinalis_CAG_13	0	0.525788	0	0.432407	0	0.844154
COBALSYN-PWY: adenosylcobalamin salvage from cobinamide I|unclassified	56.2808	75.2742	44.8788	37.317	17.5965	25.2044
CODH-PWY: reductive acetyl coenzyme A pathway	0	0	0	0.225006	0	0
CODH-PWY: reductive acetyl coenzyme A pathway|unclassified	0	0	0	0.224765	0	0
COLANSYN-PWY: colanic acid building blocks biosynthesis	116.348	92.5373	118.355	108.317	133.161	118.8
COLANSYN-PWY: colanic acid building blocks biosynthesis|g__Escherichia.s__Escherichia_coli	0	0	0	15.9824	0	0
COLANSYN-PWY: colanic acid building blocks biosynthesis|g__Faecalibacterium.s__Faecalibacterium_prausnitzii	0	0	0	0.426137	0	0
COLANSYN-PWY: colanic acid building blocks biosynthesis|unclassified	28.1162	27.8129	28.8514	21.8439	23.7095	14.5155
COMPLETE-ARO-PWY: superpathway of aromatic amino acid biosynthesis	573.009	723.639	537.633	487.206	444.607	494.388
COMPLETE-ARO-PWY: superpathway of aromatic amino acid biosynthesis|g__Agathobaculum.s__Agathobaculum_butyriciproducens	3.08914	9.02167	2.69832	1.09778	2.41855	2.38317
COMPLETE-ARO-PWY: superpathway of aromatic amino acid biosynthesis|g__Anaerostipes.s__Anaerostipes_hadrus	15.1018	0	7.79247	14.9587	5.45477	11.3419
COMPLETE-ARO-PWY: superpathway of aromatic amino acid biosynthesis|g__Bacteroides.s__Bacteroides_cellulosilyticus	3.90203	0	0	4.42415	0	5.75078
COMPLETE-ARO-PWY: superpathway of aromatic amino acid biosynthesis|g__Bifidobacterium.s__Bifidobacterium_longum	0.685634	0	3.36011	0.249605	0.456771	4.77613
COMPLETE-ARO-PWY: superpathway of aromatic amino acid biosynthesis|g__Bifidobacterium.s__Bifidobacterium_longum_CAG_69	4.32437	0	6.60383	3.14767	1.21834	3.20482
COMPLETE-ARO-PWY: superpathway of aromatic amino acid biosynthesis|g__Bifidobacterium.s__Bifidobacterium_pseudocatenulatum	0	0	10.2229	1.5666	0	11.5092
COMPLETE-ARO-PWY: superpathway of aromatic amino acid biosynthesis|g__Blautia.s__Blautia_obeum	14.6616	50.5763	13.5144	0	13.3393	7.74536
COMPLETE-ARO-PWY: superpathway of aromatic amino acid biosynthesis|g__Blautia.s__Blautia_wexlerae	5.5075	0	0	9.77679	0	3.74906
COMPLETE-ARO-PWY: superpathway of aromatic amino acid biosynthesis|g__Blautia.s__Ruminococcus_torques	0	18.8328	33.3638	25.3767	9.65234	6.45623
COMPLETE-ARO-PWY: superpathway of aromatic amino acid biosynthesis|g__Butyrivibrio.s__Butyrivibrio_crossotus	0	0	13.2071	0	0	0
COMPLETE-ARO-PWY: superpathway of aromatic amino acid biosynthesis|g__Butyrivibrio.s__Butyrivibrio_crossotus_CAG_259	0	0	3.97579	0	0	0
COMPLETE-ARO-PWY: superpathway of aromatic amino acid biosynthesis|g__Butyrivibrio.s__Butyrivibrio_sp_CAG_318	0	3.2146	0	0	0	0
COMPLETE-ARO-PWY: superpathway of aromatic amino acid biosynthesis|g__Coprococcus.s__Coprococcus_comes	0	1.45327	0	0	1.00996	0
COMPLETE-ARO-PWY: superpathway of aromatic amino acid biosynthesis|g__Coprococcus.s__Coprococcus_eutactus	0	0	0	6.72341	2.51987	3.94335
COMPLETE-ARO-PWY: superpathway of aromatic amino acid biosynthesis|g__Dialister.s__Dialister_sp_CAG_357	0	0	0	0	0	10.9261
COMPLETE-ARO-PWY: superpathway of aromatic amino acid biosynthesis|g__Escherichia.s__Escherichia_coli	0	0	0	23.4884	0	0
COMPLETE-ARO-PWY: superpathway of aromatic amino acid biosynthesis|g__Eubacterium.s__Eubacterium_eligens	1.55881	0	0	1.78293	0.288108	0
COMPLETE-ARO-PWY: superpathway of aromatic amino acid biosynthesis|g__Eubacterium.s__Eubacterium_hallii	2.39715	0	0	0	1.30786	0.225266
COMPLETE-ARO-PWY: superpathway of aromatic amino acid biosynthesis|g__Eubacterium.s__Eubacterium_hallii_CAG_12	1.23675	0	2.92857	0.509821	0.959593	3.40176
COMPLETE-ARO-PWY: superpathway of aromatic amino acid biosynthesis|g__Eubacterium.s__Eubacterium_ramulus	0.933469	0	0	0	0	0.755741
COMPLETE-ARO-PWY: superpathway of aromatic amino acid biosynthesis|g__Eubacterium.s__Eubacterium_sp_CAG_274	0	0	3.03878	0	0	0
COMPLETE-ARO-PWY: superpathway of aromatic amino acid biosynthesis|g__Eubacterium.s__Eubacterium_sp_CAG_38	0.900444	0	2.04918	0	0	0
COMPLETE-ARO-PWY: superpathway of aromatic amino acid biosynthesis|g__Faecalibacterium.s__Faecalibacterium_prausnitzii	0	0	14.039	3.5427	0	0
COMPLETE-ARO-PWY: superpathway of aromatic amino acid biosynthesis|g__Fusicatenibacter.s__Fusicatenibacter_saccharivorans	6.21616	15.4686	4.81442	29.3173	11.7419	1.33783
COMPLETE-ARO-PWY: superpathway of aromatic amino acid biosynthesis|g__Lachnospira.s__Lachnospira_pectinoschiza	0	0	3.323	0	0	0.641123
COMPLETE-ARO-PWY: superpathway of aromatic amino acid biosynthesis|g__Lachnospiraceae_unclassified.s__Eubacterium_rectale	82.3043	0	0	10.0471	1.58503	0
COMPLETE-ARO-PWY: superpathway of aromatic amino acid biosynthesis|g__Monoglobus.s__Monoglobus_pectinilyticus	0	0	0	0	0	1.49084
COMPLETE-ARO-PWY: superpathway of aromatic amino acid biosynthesis|g__Oxalobacter.s__Oxalobacter_formigenes	0	0	0	1.09681	0	0
COMPLETE-ARO-PWY: superpathway of aromatic amino acid biosynthesis|g__Parabacteroides.s__Parabacteroides_distasonis	4.17985	1.4832	5.06659	0.35644	13.6142	3.2755
COMPLETE-ARO-PWY: superpathway of aromatic amino acid biosynthesis|g__Parabacteroides.s__Parabacteroides_merdae	1.65364	0	3.03034	1.12286	0	0
COMPLETE-ARO-PWY: superpathway of aromatic amino acid biosynthesis|g__Roseburia.s__Roseburia_faecis	0	1.01348	14.8545	0	0	17.6179
COMPLETE-ARO-PWY: superpathway of aromatic amino acid biosynthesis|g__Roseburia.s__Roseburia_hominis	0	7.40784	0	3.82944	1.97905	0.89736
COMPLETE-ARO-PWY: superpathway of aromatic amino acid biosynthesis|g__Roseburia.s__Roseburia_intestinalis	0	0.246837	0.320774	0.315443	0	1.3156
COMPLETE-ARO-PWY: superpathway of aromatic amino acid biosynthesis|g__Roseburia.s__Roseburia_intestinalis_CAG_13	0	0.284938	0.327802	0	0	0.687182
COMPLETE-ARO-PWY: superpathway of aromatic amino acid biosynthesis|g__Roseburia.s__Roseburia_inulinivorans	0.47749	2.64309	0	0.825022	0	3.02005
COMPLETE-ARO-PWY: superpathway of aromatic amino acid biosynthesis|g__Ruminococcus.s__Ruminococcus_callidus	0	0	0	4.93783	0	0
COMPLETE-ARO-PWY: superpathway of aromatic amino acid biosynthesis|g__Ruminococcus.s__Ruminococcus_lactaris	0	0	2.51924	11.7587	0.630902	0.556151
COMPLETE-ARO-PWY: superpathway of aromatic amino acid biosynthesis|g__Streptococcus.s__Streptococcus_salivarius_CAG_79	0	0	0	0.409497	0	0
COMPLETE-ARO-PWY: superpathway of aromatic amino acid biosynthesis|g__Streptococcus.s__Streptococcus_thermophilus	0	0	0	0.124923	0	0
COMPLETE-ARO-PWY: superpathway of aromatic amino acid biosynthesis|g__Streptococcus.s__Streptococcus_thermophilus_CAG_236	0	0	0	0.142046	0	0
COMPLETE-ARO-PWY: superpathway of aromatic amino acid biosynthesis|unclassified	99.0198	197.265	172.72	145.843	128.963	128.024
CRNFORCAT-PWY: creatinine degradation I	0	6.62107	0.511945	5.77395	2.81344	0.821124
CRNFORCAT-PWY: creatinine degradation I|unclassified	0	4.92641	0.502667	5.21445	2.17304	0.763947
DAPLYSINESYN-PWY: L-lysine biosynthesis I	88.9116	24.4064	117.016	125.083	46.3684	184.521
DAPLYSINESYN-PWY: L-lysine biosynthesis I|g__Bifidobacterium.s__Bifidobacterium_adolescentis	0	2.02668	0	0	0	20.9974
DAPLYSINESYN-PWY: L-lysine biosynthesis I|g__Bifidobacterium.s__Bifidobacterium_longum	0.482641	0	1.73516	0.377422	0.214714	2.98723
DAPLYSINESYN-PWY: L-lysine biosynthesis I|g__Bifidobacterium.s__Bifidobacterium_longum_CAG_69	2.68406	0.169548	6.58247	1.39803	2.69083	10.3104
DAPLYSINESYN-PWY: L-lysine biosynthesis I|g__Bifidobacterium.s__Bifidobacterium_pseudocatenulatum	0	0	12.1087	2.07401	0	14.8533
DAPLYSINESYN-PWY: L-lysine biosynthesis I|g__Escherichia.s__Escherichia_coli	0	0	0	21.0493	0	0
DAPLYSINESYN-PWY: L-lysine biosynthesis I|g__Oxalobacter.s__Oxalobacter_formigenes	0	0	0	1.21836	0	0
DAPLYSINESYN-PWY: L-lysine biosynthesis I|unclassified	26.2577	12.4785	14.7944	22.1796	18.862	14.4615
DENOVOPURINE2-PWY: superpathway of purine nucleotides de novo biosynthesis II	296.858	330.811	245.094	233.428	331.857	319.076
DENOVOPURINE2-PWY: superpathway of purine nucleotides de novo biosynthesis II|g__Escherichia.s__Escherichia_coli	0	0	0	11.2616	0	0
DENOVOPURINE2-PWY: superpathway of purine nucleotides de novo biosynthesis II|g__Streptococcus.s__Streptococcus_thermophilus	0	0	0	0.215359	0	0
DENOVOPURINE2-PWY: superpathway of purine nucleotides de novo biosynthesis II|unclassified	32.0249	90.8574	72.7172	83.6748	49.6735	49.7574
DTDPRHAMSYN-PWY: dTDP-L-rhamnose biosynthesis I	715.877	640.391	536.373	486.093	600.17	544.379
DTDPRHAMSYN-PWY: dTDP-L-rhamnose biosynthesis I|g__Akkermansia.s__Akkermansia_muciniphila	0	1.1833	0.575481	10.6951	9.3651	10.2101
DTDPRHAMSYN-PWY: dTDP-L-rhamnose biosynthesis I|g__Alistipes.s__Alistipes_finegoldii	5.80229	0	6.04944	33.8693	87.9892	15.6368
DTDPRHAMSYN-PWY: dTDP-L-rhamnose biosynthesis I|g__Alistipes.s__Alistipes_indistinctus	0	0	0	5.65096	4.44279	2.25849
DTDPRHAMSYN-PWY: dTDP-L-rhamnose biosynthesis I|g__Alistipes.s__Alistipes_putredinis	0.631705	4.48988	3.48831	2.69621	33.0815	5.7979
DTDPRHAMSYN-PWY: dTDP-L-rhamnose biosynthesis I|g__Alistipes.s__Alistipes_putredinis_CAG_67	0.703207	4.48281	4.39187	7.08299	18.993	12.8315
DTDPRHAMSYN-PWY: dTDP-L-rhamnose biosynthesis I|g__Alistipes.s__Alistipes_sp_An31A	0	0.834675	0	0	0	0
DTDPRHAMSYN-PWY: dTDP-L-rhamnose biosynthesis I|g__Anaerostipes.s__Anaerostipes_hadrus	17.4781	0	5.43404	11.8544	5.23344	8.78301
DTDPRHAMSYN-PWY: dTDP-L-rhamnose biosynthesis I|g__Bacteroides.s__Bacteroides_caccae	0.847121	0	0	3.42381	1.47364	0
DTDPRHAMSYN-PWY: dTDP-L-rhamnose biosynthesis I|g__Bacteroides.s__Bacteroides_cellulosilyticus	4.55948	0	0	7.16715	0	7.58997
DTDPRHAMSYN-PWY: dTDP-L-rhamnose biosynthesis I|g__Bacteroides.s__Bacteroides_clarus	0	0.644444	0	1.79281	2.47036	0
DTDPRHAMSYN-PWY: dTDP-L-rhamnose biosynthesis I|g__Bacteroides.s__Bacteroides_coprocola	41.3868	0	0	0	0	0
DTDPRHAMSYN-PWY: dTDP-L-rhamnose biosynthesis I|g__Bacteroides.s__Bacteroides_coprocola_CAG_162	28.0728	0	0	0	0	0
DTDPRHAMSYN-PWY: dTDP-L-rhamnose biosynthesis I|g__Bacteroides.s__Bacteroides_dorei	0	8.3062	11.5695	13.8549	39.2696	42.4057
DTDPRHAMSYN-PWY: dTDP-L-rhamnose biosynthesis I|g__Bacteroides.s__Bacteroides_eggerthii	0	0	9.33617	4.22158	32.4143	0
DTDPRHAMSYN-PWY: dTDP-L-rhamnose biosynthesis I|g__Bacteroides.s__Bacteroides_faecis	0	0	0	0	2.7979	0
DTDPRHAMSYN-PWY: dTDP-L-rhamnose biosynthesis I|g__Bacteroides.s__Bacteroides_finegoldii	0	0	0	0.331359	0	0
DTDPRHAMSYN-PWY: dTDP-L-rhamnose biosynthesis I|g__Bacteroides.s__Bacteroides_fragilis	0	0	0	0	0	6.29555
DTDPRHAMSYN-PWY: dTDP-L-rhamnose biosynthesis I|g__Bacteroides.s__Bacteroides_fragilis_CAG_47	0	0	0	0	0	3.35041
DTDPRHAMSYN-PWY: dTDP-L-rhamnose biosynthesis I|g__Bacteroides.s__Bacteroides_massiliensis	8.51726	1.01865	6.28812	0	6.15158	0
DTDPRHAMSYN-PWY: dTDP-L-rhamnose biosynthesis I|g__Bacteroides.s__Bacteroides_ovatus	26.927	0	0	6.42196	18.2452	4.84866
DTDPRHAMSYN-PWY: dTDP-L-rhamnose biosynthesis I|g__Bacteroides.s__Bacteroides_plebeius	0	3.52458	0	0.682977	0	0
DTDPRHAMSYN-PWY: dTDP-L-rhamnose biosynthesis I|g__Bacteroides.s__Bacteroides_plebeius_CAG_211	0	0.587565	0	1.33315	0	0
DTDPRHAMSYN-PWY: dTDP-L-rhamnose biosynthesis I|g__Bacteroides.s__Bacteroides_salyersiae	3.70873	0	1.4886	0.468099	0	0
DTDPRHAMSYN-PWY: dTDP-L-rhamnose biosynthesis I|g__Bacteroides.s__Bacteroides_sp_CAG_144	0	0	2.48775	0	1.48688	0
DTDPRHAMSYN-PWY: dTDP-L-rhamnose biosynthesis I|g__Bacteroides.s__Bacteroides_sp_CAG_598	0	24.2241	0	0	0	0
DTDPRHAMSYN-PWY: dTDP-L-rhamnose biosynthesis I|g__Bacteroides.s__Bacteroides_sp_CAG_633	0	1.53709	0	0	0	0
DTDPRHAMSYN-PWY: dTDP-L-rhamnose biosynthesis I|g__Bacteroides.s__Bacteroides_stercoris	0	0	0.894849	0.86192	0	6.79691
DTDPRHAMSYN-PWY: dTDP-L-rhamnose biosynthesis I|g__Bacteroides.s__Bacteroides_thetaiotaomicron	9.02474	0	9.21472	0	0	4.84071
DTDPRHAMSYN-PWY: dTDP-L-rhamnose biosynthesis I|g__Bacteroides.s__Bacteroides_uniformis	8.67087	4.61398	14.9035	7.89209	30.2721	10.8049
DTDPRHAMSYN-PWY: dTDP-L-rhamnose biosynthesis I|g__Bacteroides.s__Bacteroides_uniformis_CAG_3	4.84701	2.51899	12.4326	4.75214	13.0503	13.7455
DTDPRHAMSYN-PWY: dTDP-L-rhamnose biosynthesis I|g__Bacteroides.s__Bacteroides_vulgatus	37.8017	10.1952	12.9724	2.66245	0	0
DTDPRHAMSYN-PWY: dTDP-L-rhamnose biosynthesis I|g__Bacteroides.s__Bacteroides_vulgatus_CAG_6	15.9632	5.05078	10.8464	3.57164	0	0
DTDPRHAMSYN-PWY: dTDP-L-rhamnose biosynthesis I|g__Bacteroides.s__Bacteroides_xylanisolvens	0	0	1.62552	0	4.81178	6.0229
DTDPRHAMSYN-PWY: dTDP-L-rhamnose biosynthesis I|g__Barnesiella.s__Barnesiella_intestinihominis	0.599589	0.597363	0.333987	1.05413	20.1391	3.69003
DTDPRHAMSYN-PWY: dTDP-L-rhamnose biosynthesis I|g__Barnesiella.s__Barnesiella_viscericola	0	0	5.33255	0	0	0
DTDPRHAMSYN-PWY: dTDP-L-rhamnose biosynthesis I|g__Bifidobacterium.s__Bifidobacterium_adolescentis	0	0.247654	0	0	0	0
DTDPRHAMSYN-PWY: dTDP-L-rhamnose biosynthesis I|g__Bifidobacterium.s__Bifidobacterium_longum	0	0.463194	36.8139	4.59731	0	1.59354
DTDPRHAMSYN-PWY: dTDP-L-rhamnose biosynthesis I|g__Bifidobacterium.s__Bifidobacterium_pseudocatenulatum	0	0	0	1.34738	0	7.98783
DTDPRHAMSYN-PWY: dTDP-L-rhamnose biosynthesis I|g__Bilophila.s__Bilophila_wadsworthia	0	0	0	0	2.69026	0
DTDPRHAMSYN-PWY: dTDP-L-rhamnose biosynthesis I|g__Blautia.s__Blautia_obeum	14.6789	52.7105	14.2743	0	14.9053	6.1489
DTDPRHAMSYN-PWY: dTDP-L-rhamnose biosynthesis I|g__Blautia.s__Blautia_wexlerae	11.1983	0	0	14.8113	0	7.17226
DTDPRHAMSYN-PWY: dTDP-L-rhamnose biosynthesis I|g__Blautia.s__Ruminococcus_torques	0	22.6864	26.8283	24.7926	7.98385	5.50751
DTDPRHAMSYN-PWY: dTDP-L-rhamnose biosynthesis I|g__Butyrivibrio.s__Butyrivibrio_crossotus	0	0	10.1309	0	0	0
DTDPRHAMSYN-PWY: dTDP-L-rhamnose biosynthesis I|g__Butyrivibrio.s__Butyrivibrio_crossotus_CAG_259	0	0	6.36824	0	0	0
DTDPRHAMSYN-PWY: dTDP-L-rhamnose biosynthesis I|g__Butyrivibrio.s__Butyrivibrio_sp_CAG_318	0	3.26985	0	0	0	0
DTDPRHAMSYN-PWY: dTDP-L-rhamnose biosynthesis I|g__Clostridium.s__Clostridium_sp_CAG_167	0	0	2.37867	0	0	0
DTDPRHAMSYN-PWY: dTDP-L-rhamnose biosynthesis I|g__Clostridium.s__Clostridium_sp_CAG_253	0	0	0	0.576141	0	0
DTDPRHAMSYN-PWY: dTDP-L-rhamnose biosynthesis I|g__Clostridium.s__Clostridium_sp_CAG_411	0	0	0.611466	0	0	0
DTDPRHAMSYN-PWY: dTDP-L-rhamnose biosynthesis I|g__Clostridium.s__Clostridium_sp_CAG_58	0	0.871415	0	0	0	0
DTDPRHAMSYN-PWY: dTDP-L-rhamnose biosynthesis I|g__Coprobacter.s__Coprobacter_fastidiosus	0	0	0	0	0	0.71577
DTDPRHAMSYN-PWY: dTDP-L-rhamnose biosynthesis I|g__Coprococcus.s__Coprococcus_catus	0	0	0	1.93172	1.88493	2.56661
DTDPRHAMSYN-PWY: dTDP-L-rhamnose biosynthesis I|g__Coprococcus.s__Coprococcus_comes	2.0972	2.88775	0.754563	3.36014	1.21086	0.900801
DTDPRHAMSYN-PWY: dTDP-L-rhamnose biosynthesis I|g__Coprococcus.s__Coprococcus_comes_CAG_19	0	0.683089	1.7062	0.25491	0.164058	1.28542
DTDPRHAMSYN-PWY: dTDP-L-rhamnose biosynthesis I|g__Coprococcus.s__Coprococcus_eutactus	0	0	0	1.32496	1.02867	0.265502
DTDPRHAMSYN-PWY: dTDP-L-rhamnose biosynthesis I|g__Desulfovibrio.s__Desulfovibrio_piger	0	6.79606	0	3.30901	0	0
DTDPRHAMSYN-PWY: dTDP-L-rhamnose biosynthesis I|g__Dorea.s__Dorea_formicigenerans	0.360238	1.21024	0.092493	0	0	0.333267
DTDPRHAMSYN-PWY: dTDP-L-rhamnose biosynthesis I|g__Dorea.s__Dorea_formicigenerans_CAG_28	0.621706	2.80311	0.261736	0	0.171253	0.389915
DTDPRHAMSYN-PWY: dTDP-L-rhamnose biosynthesis I|g__Dorea.s__Dorea_longicatena	0	7.47207	0.723357	0.547925	1.10494	1.34207
DTDPRHAMSYN-PWY: dTDP-L-rhamnose biosynthesis I|g__Dorea.s__Dorea_longicatena_CAG_42	0	17.581	1.3351	0.551542	1.5243	2.96367
DTDPRHAMSYN-PWY: dTDP-L-rhamnose biosynthesis I|g__Eggerthella.s__Eggerthella_lenta	0.337818	0	0	0	0.418778	0
DTDPRHAMSYN-PWY: dTDP-L-rhamnose biosynthesis I|g__Escherichia.s__Escherichia_coli	0	0	0	17.5994	0	0
DTDPRHAMSYN-PWY: dTDP-L-rhamnose biosynthesis I|g__Eubacterium.s__Eubacterium_eligens	8.49211	0	0.884166	2.22329	0.383377	0.437827
DTDPRHAMSYN-PWY: dTDP-L-rhamnose biosynthesis I|g__Eubacterium.s__Eubacterium_eligens_CAG_72	5.22058	0	0.685123	1.88204	0.321207	0.274767
DTDPRHAMSYN-PWY: dTDP-L-rhamnose biosynthesis I|g__Eubacterium.s__Eubacterium_hallii	4.12714	7.67727	3.69635	0.634261	1.34441	3.39197
DTDPRHAMSYN-PWY: dTDP-L-rhamnose biosynthesis I|g__Eubacterium.s__Eubacterium_hallii_CAG_12	2.25535	0	4.36151	1.13733	2.31321	5.50804
DTDPRHAMSYN-PWY: dTDP-L-rhamnose biosynthesis I|g__Eubacterium.s__Eubacterium_sp_CAG_274	0	0	3.89595	0	0	0
DTDPRHAMSYN-PWY: dTDP-L-rhamnose biosynthesis I|g__Eubacterium.s__Eubacterium_sp_CAG_38	1.25796	0.640634	2.2114	0	0	0.514857
DTDPRHAMSYN-PWY: dTDP-L-rhamnose biosynthesis I|g__Faecalibacterium.s__Faecalibacterium_prausnitzii	80.6988	115.259	52.1382	9.232	10.5385	15.7917
DTDPRHAMSYN-PWY: dTDP-L-rhamnose biosynthesis I|g__Faecalitalea.s__Faecalitalea_cylindroides	0	2.25256	0	0	0	0
DTDPRHAMSYN-PWY: dTDP-L-rhamnose biosynthesis I|g__Firmicutes_unclassified.s__Firmicutes_bacterium_CAG_110	0	0.782151	9.10143	0.684423	0	3.33982
DTDPRHAMSYN-PWY: dTDP-L-rhamnose biosynthesis I|g__Firmicutes_unclassified.s__Firmicutes_bacterium_CAG_95	0	2.08111	0	4.78469	0	0
DTDPRHAMSYN-PWY: dTDP-L-rhamnose biosynthesis I|g__Fusicatenibacter.s__Fusicatenibacter_saccharivorans	6.59124	19.0228	5.0888	28.3059	11.0583	1.55648
DTDPRHAMSYN-PWY: dTDP-L-rhamnose biosynthesis I|g__Gemmiger.s__Gemmiger_formicilis	15.9544	13.0788	6.71319	10.2449	3.34361	2.02369
DTDPRHAMSYN-PWY: dTDP-L-rhamnose biosynthesis I|g__Lachnospira.s__Lachnospira_pectinoschiza	0	0	3.99519	0	0	1.10833
DTDPRHAMSYN-PWY: dTDP-L-rhamnose biosynthesis I|g__Lachnospiraceae_unclassified.s__Eubacterium_rectale	77.9681	0	0	8.31509	1.35391	0
DTDPRHAMSYN-PWY: dTDP-L-rhamnose biosynthesis I|g__Odoribacter.s__Odoribacter_laneus	0	0	1.95922	0	0	0
DTDPRHAMSYN-PWY: dTDP-L-rhamnose biosynthesis I|g__Odoribacter.s__Odoribacter_laneus_CAG_561	0	0	0.621868	0	0	0
DTDPRHAMSYN-PWY: dTDP-L-rhamnose biosynthesis I|g__Oscillibacter.s__Oscillibacter_sp_CAG_241	0	2.96695	2.09445	0	0	0
DTDPRHAMSYN-PWY: dTDP-L-rhamnose biosynthesis I|g__Oxalobacter.s__Oxalobacter_formigenes	0	0	0	1.0809	0	0
DTDPRHAMSYN-PWY: dTDP-L-rhamnose biosynthesis I|g__Parabacteroides.s__Parabacteroides_distasonis	4.42436	0.914958	11.1138	0.534661	21.1082	6.44273
DTDPRHAMSYN-PWY: dTDP-L-rhamnose biosynthesis I|g__Parabacteroides.s__Parabacteroides_goldsteinii	0	0	1.14984	0	0	0
DTDPRHAMSYN-PWY: dTDP-L-rhamnose biosynthesis I|g__Parabacteroides.s__Parabacteroides_merdae	1.57699	0.635735	2.09501	1.01265	0	0
DTDPRHAMSYN-PWY: dTDP-L-rhamnose biosynthesis I|g__Parabacteroides.s__Parabacteroides_sp_CAG_409	0	3.12316	0	0	0	0
DTDPRHAMSYN-PWY: dTDP-L-rhamnose biosynthesis I|g__Paraprevotella.s__Paraprevotella_clara	0	1.10818	0	0	0	0
DTDPRHAMSYN-PWY: dTDP-L-rhamnose biosynthesis I|g__Paraprevotella.s__Paraprevotella_clara_CAG_116	0	0.867333	0	0	0	0
DTDPRHAMSYN-PWY: dTDP-L-rhamnose biosynthesis I|g__Paraprevotella.s__Paraprevotella_xylaniphila	2.11386	0	0	0	2.90957	0
DTDPRHAMSYN-PWY: dTDP-L-rhamnose biosynthesis I|g__Parasutterella.s__Parasutterella_excrementihominis	0	0	0	0	0	1.14513
DTDPRHAMSYN-PWY: dTDP-L-rhamnose biosynthesis I|g__Prevotella.s__Prevotella_copri	0	5.40511	0	0	0	0
DTDPRHAMSYN-PWY: dTDP-L-rhamnose biosynthesis I|g__Prevotella.s__Prevotella_copri_CAG_164	0	8.06045	0	0	0	0
DTDPRHAMSYN-PWY: dTDP-L-rhamnose biosynthesis I|g__Prevotella.s__Prevotella_sp_CAG_279	0	3.77332	0	0	0	66.6429
DTDPRHAMSYN-PWY: dTDP-L-rhamnose biosynthesis I|g__Prevotella.s__Prevotella_sp_CAG_485	0	0	0	2.75795	0	0
DTDPRHAMSYN-PWY: dTDP-L-rhamnose biosynthesis I|g__Roseburia.s__Roseburia_faecis	0	0	0	0	0	23.1805
DTDPRHAMSYN-PWY: dTDP-L-rhamnose biosynthesis I|g__Roseburia.s__Roseburia_hominis	0	7.06684	0	3.34085	2.27493	0.860036
DTDPRHAMSYN-PWY: dTDP-L-rhamnose biosynthesis I|g__Roseburia.s__Roseburia_intestinalis	0	0.526332	0.587289	0.598328	0	2.24711
DTDPRHAMSYN-PWY: dTDP-L-rhamnose biosynthesis I|g__Roseburia.s__Roseburia_intestinalis_CAG_13	0	0.578312	0.392744	0.38948	0	1.67057
DTDPRHAMSYN-PWY: dTDP-L-rhamnose biosynthesis I|g__Roseburia.s__Roseburia_inulinivorans	1.24584	3.02573	0.116952	1.6416	0	3.21594
DTDPRHAMSYN-PWY: dTDP-L-rhamnose biosynthesis I|g__Roseburia.s__Roseburia_inulinivorans_CAG_15	0.679575	2.63738	0.208601	1.90568	0	1.9816
DTDPRHAMSYN-PWY: dTDP-L-rhamnose biosynthesis I|g__Roseburia.s__Roseburia_sp_CAG_182	0	0	0	9.33811	0.463678	0
DTDPRHAMSYN-PWY: dTDP-L-rhamnose biosynthesis I|g__Roseburia.s__Roseburia_sp_CAG_471	6.31008	0	0	0	0.630039	1.6081
DTDPRHAMSYN-PWY: dTDP-L-rhamnose biosynthesis I|g__Ruminococcus.s__Ruminococcus_bromii	0	0	0	0	0	16.1755
DTDPRHAMSYN-PWY: dTDP-L-rhamnose biosynthesis I|g__Ruthenibacterium.s__Ruthenibacterium_lactatiformans	0	0.599812	0	0.721804	0.923327	0
DTDPRHAMSYN-PWY: dTDP-L-rhamnose biosynthesis I|g__Streptococcus.s__Streptococcus_salivarius	0	0	0	0.0619792	0	0
DTDPRHAMSYN-PWY: dTDP-L-rhamnose biosynthesis I|g__Streptococcus.s__Streptococcus_thermophilus	0	0	0	0.245746	0	0
DTDPRHAMSYN-PWY: dTDP-L-rhamnose biosynthesis I|g__Streptococcus.s__Streptococcus_thermophilus_CAG_236	0	0	0	0.160856	0	0
DTDPRHAMSYN-PWY: dTDP-L-rhamnose biosynthesis I|unclassified	220.364	230.93	213.952	176.088	171.269	150.339
ECASYN-PWY: enterobacterial common antigen biosynthesis	0	0	0	11.3388	0.0972832	0
ECASYN-PWY: enterobacterial common antigen biosynthesis|g__Escherichia.s__Escherichia_coli	0	0	0	5.42137	0	0
ECASYN-PWY: enterobacterial common antigen biosynthesis|unclassified	0	0	0	0.857097	0.096132	0
ENTBACSYN-PWY: enterobactin biosynthesis	0	0	0	76.1649	0	0
ENTBACSYN-PWY: enterobactin biosynthesis|g__Escherichia.s__Escherichia_coli	0	0	0	17.7849	0	0
ENTBACSYN-PWY: enterobactin biosynthesis|unclassified	0	0	0	2.15745	0	0
FAO-PWY: fatty acid &beta;-oxidation I	11.0859	23.5391	11.9561	110.346	12.7395	24.0731
FAO-PWY: fatty acid &beta;-oxidation I|g__Escherichia.s__Escherichia_coli	0	0	0	40.3147	0	0
FAO-PWY: fatty acid &beta;-oxidation I|unclassified	2.77435	3.91837	2.03541	5.26268	3.49702	3.74112
FASYN-ELONG-PWY: fatty acid elongation -- saturated	78.2405	18.5504	65.1587	173.974	131.572	86.1053
FASYN-ELONG-PWY: fatty acid elongation -- saturated|g__Alistipes.s__Alistipes_finegoldii	4.28226	0	1.62861	15.3453	48.4094	0
FASYN-ELONG-PWY: fatty acid elongation -- saturated|g__Bacteroides.s__Bacteroides_cellulosilyticus	4.63492	0	0	6.59415	0	5.09933
FASYN-ELONG-PWY: fatty acid elongation -- saturated|g__Bacteroides.s__Bacteroides_vulgatus	0	4.65943	7.34603	0	0	0
FASYN-ELONG-PWY: fatty acid elongation -- saturated|g__Bifidobacterium.s__Bifidobacterium_longum	4.83731	0	11.0685	2.27779	3.13321	14.6312
FASYN-ELONG-PWY: fatty acid elongation -- saturated|g__Escherichia.s__Escherichia_coli	0	0	0	27.1471	0	0
FASYN-ELONG-PWY: fatty acid elongation -- saturated|unclassified	0	6.52554	0	10.2466	3.41844	0.680035
FASYN-INITIAL-PWY: superpathway of fatty acid biosynthesis initiation (E. coli)	53.8561	12.2632	45.5375	160.731	96.5907	61.7429
FASYN-INITIAL-PWY: superpathway of fatty acid biosynthesis initiation (E. coli)|g__Bacteroides.s__Bacteroides_cellulosilyticus	3.61965	0	0	4.7519	0	4.72874
FASYN-INITIAL-PWY: superpathway of fatty acid biosynthesis initiation (E. coli)|g__Bacteroides.s__Bacteroides_vulgatus	19.3526	3.70066	10.3736	2.39934	0	0
FASYN-INITIAL-PWY: superpathway of fatty acid biosynthesis initiation (E. coli)|g__Escherichia.s__Escherichia_coli	0	0	0	21.3136	0	0
FASYN-INITIAL-PWY: superpathway of fatty acid biosynthesis initiation (E. coli)|g__Streptococcus.s__Streptococcus_salivarius	0	0	0	0.0668024	0	0
FASYN-INITIAL-PWY: superpathway of fatty acid biosynthesis initiation (E. coli)|unclassified	0	4.522	0	6.95396	2.22658	0.429886
FERMENTATION-PWY: mixed acid fermentation	41.3192	72.3489	86.3798	104.492	25.0841	96.0562
FERMENTATION-PWY: mixed acid fermentation|g__Escherichia.s__Escherichia_coli	0	0	0	36.8991	0	0
FERMENTATION-PWY: mixed acid fermentation|unclassified	15.506	45.2151	6.74103	22.5973	6.02926	7.0325
FOLSYN-PWY: superpathway of tetrahydrofolate biosynthesis and salvage	13.1095	66.4014	26.4943	63.0473	17.4031	24.6035
FOLSYN-PWY: superpathway of tetrahydrofolate biosynthesis and salvage|g__Escherichia.s__Escherichia_coli	0	0	0	8.12361	0	0
FOLSYN-PWY: superpathway of tetrahydrofolate biosynthesis and salvage|unclassified	0	12.5697	6.25073	11.8503	0.652776	2.24843
FUC-RHAMCAT-PWY: superpathway of fucose and rhamnose degradation	45.8772	36.8727	34.1454	78.8869	65.537	62.7752
FUC-RHAMCAT-PWY: superpathway of fucose and rhamnose degradation|g__Escherichia.s__Escherichia_coli	0	0	0	21.6445	0	0
FUC-RHAMCAT-PWY: superpathway of fucose and rhamnose degradation|unclassified	0	2.24385	1.49141	9.02412	2.44676	1.6486
FUCCAT-PWY: fucose degradation	26.8843	19.7328	20.5961	83.3188	42.1593	61.4583
FUCCAT-PWY: fucose degradation|g__Blautia.s__Ruminococcus_torques	0	7.19747	2.05059	5.89188	6.014	3.29297
FUCCAT-PWY: fucose degradation|g__Escherichia.s__Escherichia_coli	0	0	0	21.7028	0	0
FUCCAT-PWY: fucose degradation|g__Ruminococcaceae_unclassified.s__Eubacterium_siraeum	0	0	3.27155	2.1876	0.971106	17.6004
FUCCAT-PWY: fucose degradation|unclassified	12.6111	7.06194	4.77787	12.8784	8.00112	7.14897
GALACT-GLUCUROCAT-PWY: superpathway of hexuronide and hexuronate degradation	96.4106	71.9002	92.8737	78.2454	50.6803	47.8436
GALACT-GLUCUROCAT-PWY: superpathway of hexuronide and hexuronate degradation|g__Escherichia.s__Escherichia_coli	0	0	0	20.9417	0	0
GALACT-GLUCUROCAT-PWY: superpathway of hexuronide and hexuronate degradation|unclassified	14.9549	8.91009	31.8741	21.3756	26.6294	10.7358
GALACTARDEG-PWY: D-galactarate degradation I	7.40291	3.5028	6.87232	49.5168	0.882745	3.60453
GALACTARDEG-PWY: D-galactarate degradation I|g__Escherichia.s__Escherichia_coli	0	0	0	41.4062	0	0
GALACTARDEG-PWY: D-galactarate degradation I|g__Flavonifractor.s__Flavonifractor_plautii	0	0.903256	0	0	0	0
GALACTARDEG-PWY: D-galactarate degradation I|unclassified	0.672	0.456935	1.21506	2.55682	0.857704	0.290914
GALACTUROCAT-PWY: D-galacturonate degradation I	73.2908	51.3471	76.851	58.653	47.7212	61.8297
GALACTUROCAT-PWY: D-galacturonate degradation I|g__Blautia.s__Ruminococcus_torques	0	0	0	0.25491	0.883608	0
GALACTUROCAT-PWY: D-galacturonate degradation I|g__Clostridium.s__Clostridium_sp_CAG_58	0	1.16561	0	0	0	0
GALACTUROCAT-PWY: D-galacturonate degradation I|g__Escherichia.s__Escherichia_coli	0	0	0	18.5894	0	0
GALACTUROCAT-PWY: D-galacturonate degradation I|g__Faecalibacterium.s__Faecalibacterium_prausnitzii	41.2496	36.0094	37.0931	4.96653	7.60795	8.5183
GALACTUROCAT-PWY: D-galacturonate degradation I|unclassified	15.2039	8.36716	26.5978	18.9914	23.4579	11.5492
GLCMANNANAUT-PWY: superpathway of N-acetylglucosamine, N-acetylmannosamine and N-acetylneuraminate degradation	159.49	192.993	100.667	91.222	77.1465	71.4502
GLCMANNANAUT-PWY: superpathway of N-acetylglucosamine, N-acetylmannosamine and N-acetylneuraminate degradation|g__Blautia.s__Blautia_obeum	4.062	0	0.438006	0	0.81338	0.901066
GLCMANNANAUT-PWY: superpathway of N-acetylglucosamine, N-acetylmannosamine and N-acetylneuraminate degradation|g__Blautia.s__Blautia_wexlerae	5.70746	0	0	7.46909	0	1.65416
GLCMANNANAUT-PWY: superpathway of N-acetylglucosamine, N-acetylmannosamine and N-acetylneuraminate degradation|g__Dorea.s__Dorea_longicatena	0	0.569059	0	0	0	0.257031
GLCMANNANAUT-PWY: superpathway of N-acetylglucosamine, N-acetylmannosamine and N-acetylneuraminate degradation|g__Escherichia.s__Escherichia_coli	0	0	0	29.5547	0	0
GLCMANNANAUT-PWY: superpathway of N-acetylglucosamine, N-acetylmannosamine and N-acetylneuraminate degradation|g__Faecalibacterium.s__Faecalibacterium_prausnitzii	47.3233	51.7169	18.2976	2.32096	3.70943	4.83913
GLCMANNANAUT-PWY: superpathway of N-acetylglucosamine, N-acetylmannosamine and N-acetylneuraminate degradation|g__Roseburia.s__Roseburia_inulinivorans	0.0930136	3.10874	0	2.18422	0	0.244855
GLCMANNANAUT-PWY: superpathway of N-acetylglucosamine, N-acetylmannosamine and N-acetylneuraminate degradation|g__Roseburia.s__Roseburia_inulinivorans_CAG_15	0.90711	2.21419	0.260049	0.774137	0	3.84753
GLCMANNANAUT-PWY: superpathway of N-acetylglucosamine, N-acetylmannosamine and N-acetylneuraminate degradation|unclassified	40.3106	40.075	17.5546	11.3962	8.30649	8.8971
GLUCARDEG-PWY: D-glucarate degradation I	6.00165	2.58268	6.21249	32.3427	0.6853	2.51234
GLUCARDEG-PWY: D-glucarate degradation I|g__Escherichia.s__Escherichia_coli	0	0	0	15.8664	0	0
GLUCARDEG-PWY: D-glucarate degradation I|unclassified	0.661093	0.404683	1.20072	2.44179	0.678968	0.273179
GLUCARGALACTSUPER-PWY: superpathway of D-glucarate and D-galactarate degradation	7.40291	3.5028	6.87232	49.5168	0.882745	3.60453
GLUCARGALACTSUPER-PWY: superpathway of D-glucarate and D-galactarate degradation|g__Escherichia.s__Escherichia_coli	0	0	0	41.4062	0	0
GLUCARGALACTSUPER-PWY: superpathway of D-glucarate and D-galactarate degradation|g__Flavonifractor.s__Flavonifractor_plautii	0	0.903256	0	0	0	0
GLUCARGALACTSUPER-PWY: superpathway of D-glucarate and D-galactarate degradation|unclassified	0.672	0.456935	1.21506	2.55682	0.857704	0.290914
GLUCONEO-PWY: gluconeogenesis I	142.051	206.984	230.079	223.786	189.632	230.911
GLUCONEO-PWY: gluconeogenesis I|g__Bacteroides.s__Bacteroides_cellulosilyticus	0	0	0	0	0	2.06631
GLUCONEO-PWY: gluconeogenesis I|g__Bacteroides.s__Bacteroides_fragilis_CAG_47	0	0	0	0	0	0.820859
GLUCONEO-PWY: gluconeogenesis I|g__Bacteroides.s__Bacteroides_salyersiae	2.3929	0	1.59825	0.732656	0	0
GLUCONEO-PWY: gluconeogenesis I|g__Escherichia.s__Escherichia_coli	0	0	0	23.5863	0	0
GLUCONEO-PWY: gluconeogenesis I|unclassified	33.1334	73.2307	65.2635	59.8644	39.3013	38.0819
GLUCOSE1PMETAB-PWY: glucose and glucose-1-phosphate degradation	19.7325	0.49313	47.7593	32.063	23.879	54.8822
GLUCOSE1PMETAB-PWY: glucose and glucose-1-phosphate degradation|g__Bifidobacterium.s__Bifidobacterium_longum	4.55009	0	11.2785	1.72288	2.44734	12.3815
GLUCOSE1PMETAB-PWY: glucose and glucose-1-phosphate degradation|g__Bifidobacterium.s__Bifidobacterium_longum_CAG_69	4.11593	0	12.734	2.29178	0	15.7644
GLUCOSE1PMETAB-PWY: glucose and glucose-1-phosphate degradation|g__Escherichia.s__Escherichia_coli	0	0	0	17.7844	0	0
GLUCOSE1PMETAB-PWY: glucose and glucose-1-phosphate degradation|unclassified	3.97595	0	0	7.51708	9.64428	0.497651
GLUCUROCAT-PWY: superpathway of &beta;-D-glucuronide and D-glucuronate degradation	135.908	131.314	104.192	69.4931	57.4216	71.7327
GLUCUROCAT-PWY: superpathway of &beta;-D-glucuronide and D-glucuronate degradation|g__Bacteroides.s__Bacteroides_fragilis	0	0	0	0	0	1.53187
GLUCUROCAT-PWY: superpathway of &beta;-D-glucuronide and D-glucuronate degradation|g__Escherichia.s__Escherichia_coli	0	0	0	19.8121	0	0
GLUCUROCAT-PWY: superpathway of &beta;-D-glucuronide and D-glucuronate degradation|g__Faecalibacterium.s__Faecalibacterium_prausnitzii	22.7805	19.9073	35.2162	4.79024	7.12902	8.13606
GLUCUROCAT-PWY: superpathway of &beta;-D-glucuronide and D-glucuronate degradation|unclassified	15.8556	9.34743	36.4051	25.3784	26.3456	13.8813
GLUDEG-I-PWY: GABA shunt	10.0994	5.13977	16.8062	40.4671	11.5355	50.4184
GLUDEG-I-PWY: GABA shunt|unclassified	0	1.19799	0	0	0.368122	0
GLUTORN-PWY: L-ornithine biosynthesis	456.743	758.858	465.919	425.989	319.304	400.827
GLUTORN-PWY: L-ornithine biosynthesis|g__Agathobaculum.s__Agathobaculum_butyriciproducens	2.12386	7.64379	1.67668	0.594228	1.85586	2.13672
GLUTORN-PWY: L-ornithine biosynthesis|g__Alistipes.s__Alistipes_finegoldii	3.91172	0	1.25582	12.8895	47.8444	0
GLUTORN-PWY: L-ornithine biosynthesis|g__Anaerostipes.s__Anaerostipes_hadrus	11.2449	0	3.74639	8.44894	3.79203	6.58726
GLUTORN-PWY: L-ornithine biosynthesis|g__Bifidobacterium.s__Bifidobacterium_adolescentis	0	1.50715	0	0	0	15.2737
GLUTORN-PWY: L-ornithine biosynthesis|g__Bifidobacterium.s__Bifidobacterium_longum	0.866814	0.0498029	3.33621	0.507891	0.787764	3.469
GLUTORN-PWY: L-ornithine biosynthesis|g__Bifidobacterium.s__Bifidobacterium_longum_CAG_69	4.08139	0.18887	9.00022	1.98237	2.45424	10.1952
GLUTORN-PWY: L-ornithine biosynthesis|g__Bifidobacterium.s__Bifidobacterium_pseudocatenulatum	0	0	0	0	0	5.35425
GLUTORN-PWY: L-ornithine biosynthesis|g__Blautia.s__Blautia_obeum	7.74134	54.3529	8.01597	0	13.5324	3.8883
GLUTORN-PWY: L-ornithine biosynthesis|g__Blautia.s__Blautia_wexlerae	7.65075	0	0	13.9583	0	4.07094
GLUTORN-PWY: L-ornithine biosynthesis|g__Blautia.s__Ruminococcus_torques	0	16.8889	28.751	25.5595	9.53491	6.11211
GLUTORN-PWY: L-ornithine biosynthesis|g__Butyrivibrio.s__Butyrivibrio_crossotus	0	0	10.1925	0	0	0
GLUTORN-PWY: L-ornithine biosynthesis|g__Butyrivibrio.s__Butyrivibrio_crossotus_CAG_259	0	0	5.3348	0	0	0
GLUTORN-PWY: L-ornithine biosynthesis|g__Butyrivibrio.s__Butyrivibrio_sp_CAG_318	0	2.98845	0	0	0	0
GLUTORN-PWY: L-ornithine biosynthesis|g__Clostridium.s__Clostridium_sp_CAG_167	0	0	1.59009	0	0	0
GLUTORN-PWY: L-ornithine biosynthesis|g__Clostridium.s__Clostridium_sp_CAG_632	0	0	7.02863	0	0	0
GLUTORN-PWY: L-ornithine biosynthesis|g__Coprococcus.s__Coprococcus_catus	0.537479	3.61057	2.24907	2.07353	2.11231	2.7339
GLUTORN-PWY: L-ornithine biosynthesis|g__Coprococcus.s__Coprococcus_comes	1.12374	1.38278	1.80938	3.99199	0.640112	1.08927
GLUTORN-PWY: L-ornithine biosynthesis|g__Coprococcus.s__Coprococcus_comes_CAG_19	0.784102	0.843928	1.51756	3.1045	0.929372	1.00933
GLUTORN-PWY: L-ornithine biosynthesis|g__Desulfovibrio.s__Desulfovibrio_piger	0	5.2538	0	3.0213	0	0
GLUTORN-PWY: L-ornithine biosynthesis|g__Dorea.s__Dorea_formicigenerans	0.302976	1.73194	0.209726	0	0	0.395209
GLUTORN-PWY: L-ornithine biosynthesis|g__Dorea.s__Dorea_formicigenerans_CAG_28	0.130886	1.15526	0.0995214	0	0	0.141883
GLUTORN-PWY: L-ornithine biosynthesis|g__Dorea.s__Dorea_longicatena	0	0.319228	0.129603	0.319542	0.761572	0.545298
GLUTORN-PWY: L-ornithine biosynthesis|g__Dorea.s__Dorea_longicatena_CAG_42	0	12.4534	0.774242	0.102977	0.904043	2.27728
GLUTORN-PWY: L-ornithine biosynthesis|g__Dorea.s__Dorea_sp_CAG_317	0	1.12805	0	0	0	0
GLUTORN-PWY: L-ornithine biosynthesis|g__Escherichia.s__Escherichia_coli	0	0	0	34.718	0	0
GLUTORN-PWY: L-ornithine biosynthesis|g__Eubacterium.s__Eubacterium_eligens	3.22003	0	0.282258	1.58179	0.364668	0.230561
GLUTORN-PWY: L-ornithine biosynthesis|g__Eubacterium.s__Eubacterium_eligens_CAG_72	6.078	0	0.341859	1.85817	0.352292	0.289855
GLUTORN-PWY: L-ornithine biosynthesis|g__Eubacterium.s__Eubacterium_hallii	1.65334	1.17867	2.64125	0.502345	1.2028	2.35537
GLUTORN-PWY: L-ornithine biosynthesis|g__Eubacterium.s__Eubacterium_hallii_CAG_12	1.45731	0.976736	3.14561	0.716981	1.21259	2.33472
GLUTORN-PWY: L-ornithine biosynthesis|g__Eubacterium.s__Eubacterium_ramulus	0.838334	0	0.836092	1.5871	0.390284	0.876183
GLUTORN-PWY: L-ornithine biosynthesis|g__Eubacterium.s__Eubacterium_sp_CAG_274	0	0	4.03989	0	0	0
GLUTORN-PWY: L-ornithine biosynthesis|g__Eubacterium.s__Eubacterium_sp_CAG_38	0.981036	0.364949	1.5215	0	0	0.303355
GLUTORN-PWY: L-ornithine biosynthesis|g__Eubacterium.s__Eubacterium_ventriosum	0	0	0.554677	0.469788	0	0
GLUTORN-PWY: L-ornithine biosynthesis|g__Faecalibacterium.s__Faecalibacterium_prausnitzii	109.253	121.485	47.6606	8.33439	9.3484	14.3683
GLUTORN-PWY: L-ornithine biosynthesis|g__Firmicutes_unclassified.s__Firmicutes_bacterium_CAG_94	0	2.82489	0.371378	0	0	0
GLUTORN-PWY: L-ornithine biosynthesis|g__Flavonifractor.s__Flavonifractor_plautii	0	0.639273	0	0	0	0
GLUTORN-PWY: L-ornithine biosynthesis|g__Fusicatenibacter.s__Fusicatenibacter_saccharivorans	7.06934	14.5011	4.8951	30.2027	11.5019	1.41592
GLUTORN-PWY: L-ornithine biosynthesis|g__Gemmiger.s__Gemmiger_formicilis	17.954	12.4053	7.03059	11.2742	3.58912	1.30819
GLUTORN-PWY: L-ornithine biosynthesis|g__Intestinibacter.s__Intestinibacter_bartlettii	0	0	0	0.76449	0	0
GLUTORN-PWY: L-ornithine biosynthesis|g__Lachnospira.s__Lachnospira_pectinoschiza	0	0	2.36462	0	0	0.463768
GLUTORN-PWY: L-ornithine biosynthesis|g__Lachnospiraceae_unclassified.s__Eubacterium_rectale	68.7861	0	0	4.17624	0.608164	0
GLUTORN-PWY: L-ornithine biosynthesis|g__Megamonas.s__Megamonas_funiformis	0	30.3142	0	0	0	0
GLUTORN-PWY: L-ornithine biosynthesis|g__Methanobrevibacter.s__Methanobrevibacter_smithii	0	0.726633	1.17401	0	4.14634	2.29449
GLUTORN-PWY: L-ornithine biosynthesis|g__Methanobrevibacter.s__Methanobrevibacter_smithii_CAG_186	0	0.265616	1.51138	0	1.59452	2.44855
GLUTORN-PWY: L-ornithine biosynthesis|g__Oxalobacter.s__Oxalobacter_formigenes	0	0	0	1.23162	0	0
GLUTORN-PWY: L-ornithine biosynthesis|g__Parasutterella.s__Parasutterella_excrementihominis	0	0	0	0	2.7081	0.993184
GLUTORN-PWY: L-ornithine biosynthesis|g__Phascolarctobacterium.s__Phascolarctobacterium_faecium	6.87907	0	0	0	0	0
GLUTORN-PWY: L-ornithine biosynthesis|g__Phascolarctobacterium.s__Phascolarctobacterium_sp_CAG_266	0	18.6715	5.10736	0	0	0
GLUTORN-PWY: L-ornithine biosynthesis|g__Roseburia.s__Roseburia_faecis	0	0.670842	13.2765	0	0	14.794
GLUTORN-PWY: L-ornithine biosynthesis|g__Roseburia.s__Roseburia_hominis	0	4.96451	0	3.05193	1.72232	0.675005
GLUTORN-PWY: L-ornithine biosynthesis|g__Roseburia.s__Roseburia_intestinalis	0	0.203566	0.216192	0.293738	0	0.640858
GLUTORN-PWY: L-ornithine biosynthesis|g__Roseburia.s__Roseburia_intestinalis_CAG_13	0	0.302355	0.266796	0.101771	0	0.823771
GLUTORN-PWY: L-ornithine biosynthesis|g__Roseburia.s__Roseburia_inulinivorans	0	2.04219	0	0	0	1.75263
GLUTORN-PWY: L-ornithine biosynthesis|g__Roseburia.s__Roseburia_sp_CAG_182	0	0	0	7.77971	0	0
GLUTORN-PWY: L-ornithine biosynthesis|g__Roseburia.s__Roseburia_sp_CAG_471	5.86289	0	0	0	0.524408	1.6899
GLUTORN-PWY: L-ornithine biosynthesis|g__Ruminococcaceae_unclassified.s__Eubacterium_siraeum	0	0	3.72446	2.37547	0.56643	18.8925
GLUTORN-PWY: L-ornithine biosynthesis|g__Ruminococcus.s__Ruminococcus_bicirculans	6.61517	2.39326	0	3.52413	0	0.961949
GLUTORN-PWY: L-ornithine biosynthesis|g__Ruminococcus.s__Ruminococcus_bromii	0	118.935	44.3598	24.0583	24.9045	46.3803
GLUTORN-PWY: L-ornithine biosynthesis|g__Ruminococcus.s__Ruminococcus_callidus	0	0	0	4.47938	0	0
GLUTORN-PWY: L-ornithine biosynthesis|g__Ruminococcus.s__Ruminococcus_lactaris	0	0	1.66572	8.11083	0.417915	0.230825
GLUTORN-PWY: L-ornithine biosynthesis|g__Streptococcus.s__Streptococcus_salivarius	0	0	0	0.267451	0	0
GLUTORN-PWY: L-ornithine biosynthesis|g__Streptococcus.s__Streptococcus_salivarius_CAG_79	0	0	0	0.255875	0	0
GLUTORN-PWY: L-ornithine biosynthesis|unclassified	88.7974	187.762	165.428	144.3	119.46	126.012
GLYCOCAT-PWY: glycogen degradation I (bacterial)	38.6425	0.985717	90.949	61.7816	46.2703	102.76
GLYCOCAT-PWY: glycogen degradation I (bacterial)|g__Bifidobacterium.s__Bifidobacterium_longum	5.12453	0.161383	13.9664	2.39066	3.32375	15.7586
GLYCOCAT-PWY: glycogen degradation I (bacterial)|g__Bifidobacterium.s__Bifidobacterium_longum_CAG_69	3.56845	0.239489	8.83435	2.24114	3.03276	13.4834
GLYCOCAT-PWY: glycogen degradation I (bacterial)|g__Escherichia.s__Escherichia_coli	0	0	0	23.2296	0	0
GLYCOCAT-PWY: glycogen degradation I (bacterial)|unclassified	7.76709	0	0	14.6213	18.7299	0.993714
GLYCOGENSYNTH-PWY: glycogen biosynthesis I (from ADP-D-Glucose)	374.661	531.023	363.904	397.606	221.599	321.421
GLYCOGENSYNTH-PWY: glycogen biosynthesis I (from ADP-D-Glucose)|g__Agathobaculum.s__Agathobaculum_butyriciproducens	8.09127	12.6592	4.87936	2.82934	2.89	4.32639
GLYCOGENSYNTH-PWY: glycogen biosynthesis I (from ADP-D-Glucose)|g__Anaerostipes.s__Anaerostipes_hadrus	23.7291	0	8.86527	19.7301	7.49628	14.1084
GLYCOGENSYNTH-PWY: glycogen biosynthesis I (from ADP-D-Glucose)|g__Bacteroides.s__Bacteroides_faecis	0	0	0	0	1.61697	0
GLYCOGENSYNTH-PWY: glycogen biosynthesis I (from ADP-D-Glucose)|g__Bacteroides.s__Bacteroides_thetaiotaomicron	0.952859	0	0	0	0	2.10284
GLYCOGENSYNTH-PWY: glycogen biosynthesis I (from ADP-D-Glucose)|g__Bifidobacterium.s__Bifidobacterium_longum	4.2762	0.131991	11.1262	1.89941	2.4931	12.0402
GLYCOGENSYNTH-PWY: glycogen biosynthesis I (from ADP-D-Glucose)|g__Bifidobacterium.s__Bifidobacterium_longum_CAG_69	3.43272	0.168187	7.70953	0.945363	2.27867	10.2778
GLYCOGENSYNTH-PWY: glycogen biosynthesis I (from ADP-D-Glucose)|g__Blautia.s__Blautia_obeum	16.2356	63.5305	12.971	0	16.459	9.96573
GLYCOGENSYNTH-PWY: glycogen biosynthesis I (from ADP-D-Glucose)|g__Blautia.s__Blautia_wexlerae	8.77539	0	0	15.6875	0	5.37781
GLYCOGENSYNTH-PWY: glycogen biosynthesis I (from ADP-D-Glucose)|g__Blautia.s__Ruminococcus_torques	0	23.0043	4.56027	15.6127	1.59855	2.73655
GLYCOGENSYNTH-PWY: glycogen biosynthesis I (from ADP-D-Glucose)|g__Coprococcus.s__Coprococcus_catus	0.548083	3.44239	1.23755	1.87481	1.7819	2.99544
GLYCOGENSYNTH-PWY: glycogen biosynthesis I (from ADP-D-Glucose)|g__Coprococcus.s__Coprococcus_comes	1.75817	2.79686	3.85856	7.08443	1.9638	1.25683
GLYCOGENSYNTH-PWY: glycogen biosynthesis I (from ADP-D-Glucose)|g__Coprococcus.s__Coprococcus_comes_CAG_19	1.51033	1.94558	2.82821	3.32975	1.191	1.00536
GLYCOGENSYNTH-PWY: glycogen biosynthesis I (from ADP-D-Glucose)|g__Coprococcus.s__Coprococcus_eutactus	0	0	0	1.41756	0	0.932831
GLYCOGENSYNTH-PWY: glycogen biosynthesis I (from ADP-D-Glucose)|g__Coprococcus.s__Coprococcus_eutactus_CAG_665	0	0	0	0.202819	0	0.253326
GLYCOGENSYNTH-PWY: glycogen biosynthesis I (from ADP-D-Glucose)|g__Dorea.s__Dorea_formicigenerans	0.490821	3.36591	0.398648	0	0.27602	0.916419
GLYCOGENSYNTH-PWY: glycogen biosynthesis I (from ADP-D-Glucose)|g__Dorea.s__Dorea_formicigenerans_CAG_28	0.246622	1.87482	0.173178	0	0.172117	0.322944
GLYCOGENSYNTH-PWY: glycogen biosynthesis I (from ADP-D-Glucose)|g__Dorea.s__Dorea_longicatena	0	1.24752	0.55552	0.942469	1.64662	1.65787
GLYCOGENSYNTH-PWY: glycogen biosynthesis I (from ADP-D-Glucose)|g__Escherichia.s__Escherichia_coli	0	0	0	20.949	0	0
GLYCOGENSYNTH-PWY: glycogen biosynthesis I (from ADP-D-Glucose)|g__Eubacterium.s__Eubacterium_eligens	0	0	0	2.10367	0.4041	0.109324
GLYCOGENSYNTH-PWY: glycogen biosynthesis I (from ADP-D-Glucose)|g__Eubacterium.s__Eubacterium_eligens_CAG_72	5.88652	0	0.298564	0.528873	0.106206	0.210178
GLYCOGENSYNTH-PWY: glycogen biosynthesis I (from ADP-D-Glucose)|g__Eubacterium.s__Eubacterium_hallii	5.26451	5.37001	4.08684	1.14649	1.58301	2.4819
GLYCOGENSYNTH-PWY: glycogen biosynthesis I (from ADP-D-Glucose)|g__Eubacterium.s__Eubacterium_hallii_CAG_12	2.63862	0	5.08571	1.07149	2.74005	5.39528
GLYCOGENSYNTH-PWY: glycogen biosynthesis I (from ADP-D-Glucose)|g__Eubacterium.s__Eubacterium_ramulus	0.723506	0	2.00898	7.5834	1.05601	1.90987
GLYCOGENSYNTH-PWY: glycogen biosynthesis I (from ADP-D-Glucose)|g__Faecalibacterium.s__Faecalibacterium_prausnitzii	82.0668	111.405	37.49	7.20767	8.08516	11.9743
GLYCOGENSYNTH-PWY: glycogen biosynthesis I (from ADP-D-Glucose)|g__Flavonifractor.s__Flavonifractor_plautii	0	0.545111	0	0	0	0
GLYCOGENSYNTH-PWY: glycogen biosynthesis I (from ADP-D-Glucose)|g__Fusicatenibacter.s__Fusicatenibacter_saccharivorans	6.88846	15.2571	5.19732	28.9771	12.3599	1.41248
GLYCOGENSYNTH-PWY: glycogen biosynthesis I (from ADP-D-Glucose)|g__Lachnospira.s__Lachnospira_pectinoschiza	0	0	3.39469	0	0	0.800742
GLYCOGENSYNTH-PWY: glycogen biosynthesis I (from ADP-D-Glucose)|g__Roseburia.s__Roseburia_faecis	0	1.33869	17.2512	0	0	20.8606
GLYCOGENSYNTH-PWY: glycogen biosynthesis I (from ADP-D-Glucose)|g__Roseburia.s__Roseburia_hominis	0	9.76817	0	4.54449	2.39553	0.665741
GLYCOGENSYNTH-PWY: glycogen biosynthesis I (from ADP-D-Glucose)|g__Roseburia.s__Roseburia_intestinalis	0	0.536402	0.407082	0.3439	0	0.955596
GLYCOGENSYNTH-PWY: glycogen biosynthesis I (from ADP-D-Glucose)|g__Roseburia.s__Roseburia_intestinalis_CAG_13	0	0.547288	0.33961	0.394786	0	1.44107
GLYCOGENSYNTH-PWY: glycogen biosynthesis I (from ADP-D-Glucose)|g__Roseburia.s__Roseburia_inulinivorans	0.618071	1.77739	0.303906	0.442295	0	2.36596
GLYCOGENSYNTH-PWY: glycogen biosynthesis I (from ADP-D-Glucose)|g__Roseburia.s__Roseburia_inulinivorans_CAG_15	0.209356	0.936186	0.148439	1.19014	0	0.994243
GLYCOGENSYNTH-PWY: glycogen biosynthesis I (from ADP-D-Glucose)|g__Roseburia.s__Roseburia_sp_CAG_471	6.49156	0	0	0	0.293577	1.7701
GLYCOGENSYNTH-PWY: glycogen biosynthesis I (from ADP-D-Glucose)|g__Ruminococcaceae_unclassified.s__Eubacterium_siraeum	0	0	4.63955	2.36389	0.877276	21.2208
GLYCOGENSYNTH-PWY: glycogen biosynthesis I (from ADP-D-Glucose)|g__Ruminococcus.s__Ruminococcus_lactaris	0	0	2.50265	10.9853	0.581109	0.418239
GLYCOGENSYNTH-PWY: glycogen biosynthesis I (from ADP-D-Glucose)|g__Streptococcus.s__Streptococcus_salivarius	0	0	0	0.527185	0	0
GLYCOGENSYNTH-PWY: glycogen biosynthesis I (from ADP-D-Glucose)|unclassified	78.0569	95.3549	124.056	77.9329	43.228	54.5177
GLYCOL-GLYOXDEG-PWY: superpathway of glycol metabolism and degradation	0	1.16316	0	7.74354	0	0
GLYCOL-GLYOXDEG-PWY: superpathway of glycol metabolism and degradation|g__Escherichia.s__Escherichia_coli	0	0	0	4.94459	0	0
GLYCOL-GLYOXDEG-PWY: superpathway of glycol metabolism and degradation|unclassified	0	0	0	0.942469	0	0
GLYCOLYSIS-E-D: superpathway of glycolysis and Entner-Doudoroff	76.5296	44.4334	105.58	92.0648	109.579	114.43
GLYCOLYSIS-E-D: superpathway of glycolysis and Entner-Doudoroff|g__Escherichia.s__Escherichia_coli	0	0	0	22.5963	0	0
GLYCOLYSIS-E-D: superpathway of glycolysis and Entner-Doudoroff|unclassified	7.50562	7.76109	8.15429	14.1431	5.74604	8.78354
GLYCOLYSIS-TCA-GLYOX-BYPASS: superpathway of glycolysis, pyruvate dehydrogenase, TCA, and glyoxylate bypass	0	1.12914	0	94.7148	2.89144	2.49355
GLYCOLYSIS-TCA-GLYOX-BYPASS: superpathway of glycolysis, pyruvate dehydrogenase, TCA, and glyoxylate bypass|g__Escherichia.s__Escherichia_coli	0	0	0	27.0494	0	0
GLYCOLYSIS-TCA-GLYOX-BYPASS: superpathway of glycolysis, pyruvate dehydrogenase, TCA, and glyoxylate bypass|unclassified	0	1.07879	0	6.10893	2.43985	2.23043
GLYCOLYSIS: glycolysis I (from glucose 6-phosphate)	104.555	206.916	205.311	203.639	216.748	233.359
GLYCOLYSIS: glycolysis I (from glucose 6-phosphate)|g__Bacteroides.s__Bacteroides_cellulosilyticus	0	0	0	0	0	2.08405
GLYCOLYSIS: glycolysis I (from glucose 6-phosphate)|g__Bacteroides.s__Bacteroides_fragilis_CAG_47	0	0	0	0	0	0.721329
GLYCOLYSIS: glycolysis I (from glucose 6-phosphate)|g__Bacteroides.s__Bacteroides_salyersiae	2.49319	0	1.72335	0.658378	0	0
GLYCOLYSIS: glycolysis I (from glucose 6-phosphate)|g__Escherichia.s__Escherichia_coli	0	0	0	28.2408	0	0
GLYCOLYSIS: glycolysis I (from glucose 6-phosphate)|unclassified	29.0375	94.9344	71.2255	58.3672	57.3306	59.7899
GLYOXYLATE-BYPASS: glyoxylate cycle	0	1.21378	0	68.0917	3.0437	1.08795
GLYOXYLATE-BYPASS: glyoxylate cycle|g__Escherichia.s__Escherichia_coli	0	0	0	22.1058	0	0
GLYOXYLATE-BYPASS: glyoxylate cycle|unclassified	0	1.19581	0	2.12273	2.86669	1.0628
GOLPDLCAT-PWY: superpathway of glycerol degradation to 1,3-propanediol	23.2179	49.5357	19.647	19.2707	9.18578	22.7607
GOLPDLCAT-PWY: superpathway of glycerol degradation to 1,3-propanediol|g__Anaerostipes.s__Anaerostipes_hadrus	6.68668	0	5.61902	7.49441	1.86939	7.07591
GOLPDLCAT-PWY: superpathway of glycerol degradation to 1,3-propanediol|g__Blautia.s__Ruminococcus_torques	0	13.8341	1.64238	7.74932	0.439214	1.13824
GOLPDLCAT-PWY: superpathway of glycerol degradation to 1,3-propanediol|g__Eubacterium.s__Eubacterium_hallii	2.56439	2.34237	0	0	0.364956	0.0386474
GOLPDLCAT-PWY: superpathway of glycerol degradation to 1,3-propanediol|g__Eubacterium.s__Eubacterium_hallii_CAG_12	2.63953	0	5.55267	1.04062	2.16412	6.05149
GOLPDLCAT-PWY: superpathway of glycerol degradation to 1,3-propanediol|g__Flavonifractor.s__Flavonifractor_plautii	0	0.652336	0	0	0	0
GOLPDLCAT-PWY: superpathway of glycerol degradation to 1,3-propanediol|unclassified	8.42606	16.9831	10.6482	6.11399	2.59384	2.77943
HCAMHPDEG-PWY: 3-phenylpropanoate and 3-(3-hydroxyphenyl)propanoate degradation to 2-oxopent-4-enoate	0	0	0	19.2343	0.461088	0.301767
HCAMHPDEG-PWY: 3-phenylpropanoate and 3-(3-hydroxyphenyl)propanoate degradation to 2-oxopent-4-enoate|g__Escherichia.s__Escherichia_coli	0	0	0	18.1792	0	0
HCAMHPDEG-PWY: 3-phenylpropanoate and 3-(3-hydroxyphenyl)propanoate degradation to 2-oxopent-4-enoate|unclassified	0	0	0	0.454835	0.461088	0.301767
HEME-BIOSYNTHESIS-II: heme biosynthesis I (aerobic)	3.23003	1.7265	4.44107	35.5471	0.190825	4.78513
HEME-BIOSYNTHESIS-II: heme biosynthesis I (aerobic)|g__Escherichia.s__Escherichia_coli	0	0	0	27.0446	0	0
HEME-BIOSYNTHESIS-II: heme biosynthesis I (aerobic)|unclassified	0.740473	0.523611	0.508852	0.592781	0.185932	0.772153
HEMESYN2-PWY: heme biosynthesis II (anaerobic)	8.56089	38.1136	6.30246	44.7398	8.64698	10.7945
HEMESYN2-PWY: heme biosynthesis II (anaerobic)|g__Escherichia.s__Escherichia_coli	0	0	0	24.4227	0	0
HEMESYN2-PWY: heme biosynthesis II (anaerobic)|unclassified	5.8844	12.9937	4.38006	8.6016	2.44964	3.85309
HEXITOLDEGSUPER-PWY: superpathway of hexitol degradation (bacteria)	85.3683	51.1511	98.2931	161.546	111.38	121.805
HEXITOLDEGSUPER-PWY: superpathway of hexitol degradation (bacteria)|g__Escherichia.s__Escherichia_coli	0	0	0	29.6603	0	0
HEXITOLDEGSUPER-PWY: superpathway of hexitol degradation (bacteria)|unclassified	17.851	13.4348	18.9903	23.3731	13.2466	15.9709
HISDEG-PWY: L-histidine degradation I	108.301	59.2959	158.447	131.952	298.236	127.014
HISDEG-PWY: L-histidine degradation I|g__Alistipes.s__Alistipes_finegoldii	2.80768	0	5.43263	14.7465	35.2381	3.95818
HISDEG-PWY: L-histidine degradation I|g__Alistipes.s__Alistipes_putredinis	0.766529	6.89811	5.87907	6.09204	38.0628	14.1431
HISDEG-PWY: L-histidine degradation I|g__Alistipes.s__Alistipes_putredinis_CAG_67	0.299643	1.71861	1.4827	1.72673	9.59132	3.38244
HISDEG-PWY: L-histidine degradation I|g__Alistipes.s__Alistipes_sp_An31A	0	1.35638	0	0	0	0
HISDEG-PWY: L-histidine degradation I|g__Bacteroides.s__Bacteroides_cellulosilyticus	3.81598	0	0	4.99113	0	5.44716
HISDEG-PWY: L-histidine degradation I|g__Bacteroides.s__Bacteroides_clarus	0	0.654514	0	1.71757	2.05072	0
HISDEG-PWY: L-histidine degradation I|g__Bacteroides.s__Bacteroides_dorei	0	0.705949	3.87796	5.15585	35.2894	22.0936
HISDEG-PWY: L-histidine degradation I|g__Bacteroides.s__Bacteroides_eggerthii	0	0	9.9988	3.88684	32.7154	0
HISDEG-PWY: L-histidine degradation I|g__Bacteroides.s__Bacteroides_faecis	0	0	0	0	1.1864	0
HISDEG-PWY: L-histidine degradation I|g__Bacteroides.s__Bacteroides_fragilis	0	0	0	0	0	2.04169
HISDEG-PWY: L-histidine degradation I|g__Bacteroides.s__Bacteroides_fragilis_CAG_47	0	0	0	0	0	1.19383
HISDEG-PWY: L-histidine degradation I|g__Bacteroides.s__Bacteroides_massiliensis	8.97142	1.18547	6.57319	0	7.96024	0
HISDEG-PWY: L-histidine degradation I|g__Bacteroides.s__Bacteroides_ovatus	11.6079	0	0	3.35797	14.1587	2.05519
HISDEG-PWY: L-histidine degradation I|g__Bacteroides.s__Bacteroides_salyersiae	2.43138	0	1.60274	0.620997	0	0
HISDEG-PWY: L-histidine degradation I|g__Bacteroides.s__Bacteroides_sp_CAG_633	0	1.63969	0	0	0	0
HISDEG-PWY: L-histidine degradation I|g__Bacteroides.s__Bacteroides_stercoris	0	0	0.921838	0.968997	0	7.60771
HISDEG-PWY: L-histidine degradation I|g__Bacteroides.s__Bacteroides_thetaiotaomicron	4.3577	0	4.16837	0	0	1.8564
HISDEG-PWY: L-histidine degradation I|g__Bacteroides.s__Bacteroides_uniformis	4.18682	2.62159	9.99543	3.8485	12.2928	9.10834
HISDEG-PWY: L-histidine degradation I|g__Bacteroides.s__Bacteroides_uniformis_CAG_3	0	0	2.8909	4.26788	3.90802	9.93237
HISDEG-PWY: L-histidine degradation I|g__Bacteroides.s__Bacteroides_vulgatus	29.1635	5.66175	8.43823	2.29974	0	0
HISDEG-PWY: L-histidine degradation I|g__Bacteroides.s__Bacteroides_vulgatus_CAG_6	17.9946	5.02628	7.26703	1.90085	0	0
HISDEG-PWY: L-histidine degradation I|g__Bacteroides.s__Bacteroides_xylanisolvens	0	0	1.42844	0	0.661987	0
HISDEG-PWY: L-histidine degradation I|g__Butyricimonas.s__Butyricimonas_virosa	0	0.615324	0	0.532972	0	0
HISDEG-PWY: L-histidine degradation I|g__Intestinibacter.s__Intestinibacter_bartlettii	0	0	0	0.483052	0	0
HISDEG-PWY: L-histidine degradation I|g__Odoribacter.s__Odoribacter_laneus	0	0	1.32217	0	0	0
HISDEG-PWY: L-histidine degradation I|g__Odoribacter.s__Odoribacter_laneus_CAG_561	0	0	0.762716	0	0	0
HISDEG-PWY: L-histidine degradation I|g__Oscillibacter.s__Oscillibacter_sp_CAG_241	0	2.73807	1.04638	0	0	0
HISDEG-PWY: L-histidine degradation I|g__Parabacteroides.s__Parabacteroides_distasonis	3.77326	1.23337	5.27576	0.43723	13.3459	3.0632
HISDEG-PWY: L-histidine degradation I|g__Parabacteroides.s__Parabacteroides_goldsteinii	0	0	0.850149	0	0	0
HISDEG-PWY: L-histidine degradation I|g__Parabacteroides.s__Parabacteroides_merdae	1.61607	0.444688	3.40847	0.998178	0	0
HISDEG-PWY: L-histidine degradation I|g__Prevotella.s__Prevotella_sp_CAG_485	0	0	0	3.34085	0	0
HISDEG-PWY: L-histidine degradation I|unclassified	6.81908	18.4995	48.9783	59.2813	60.2724	24.1602
HISTSYN-PWY: L-histidine biosynthesis	440.061	542.931	403.948	360.979	372.101	454.455
HISTSYN-PWY: L-histidine biosynthesis|g__Agathobaculum.s__Agathobaculum_butyriciproducens	3.71418	9.19558	2.92576	0.630403	2.09015	2.99041
HISTSYN-PWY: L-histidine biosynthesis|g__Alistipes.s__Alistipes_finegoldii	2.7383	0	1.74865	21.4284	52.9396	6.26908
HISTSYN-PWY: L-histidine biosynthesis|g__Alistipes.s__Alistipes_indistinctus	0	0	0	1.62834	1.74045	0.90689
HISTSYN-PWY: L-histidine biosynthesis|g__Bacteroides.s__Bacteroides_caccae	0.586258	0	0	0.714569	1.38355	0
HISTSYN-PWY: L-histidine biosynthesis|g__Bacteroides.s__Bacteroides_cellulosilyticus	2.89524	0	0	4.46009	0	4.82324
HISTSYN-PWY: L-histidine biosynthesis|g__Bacteroides.s__Bacteroides_clarus	0	0.504561	0	1.48702	2.27695	0
HISTSYN-PWY: L-histidine biosynthesis|g__Bacteroides.s__Bacteroides_coprocola	6.25948	0	0	0	0	0
HISTSYN-PWY: L-histidine biosynthesis|g__Bacteroides.s__Bacteroides_coprocola_CAG_162	48.487	0	0	0	0	0
HISTSYN-PWY: L-histidine biosynthesis|g__Bacteroides.s__Bacteroides_dorei	0	0.89863	3.99969	4.947	28.98	18.3069
HISTSYN-PWY: L-histidine biosynthesis|g__Bacteroides.s__Bacteroides_eggerthii	0	0	6.22037	2.91736	26.8749	0
HISTSYN-PWY: L-histidine biosynthesis|g__Bacteroides.s__Bacteroides_faecis	0	0	0	0	1.52113	0
HISTSYN-PWY: L-histidine biosynthesis|g__Bacteroides.s__Bacteroides_finegoldii	0	0	0	0.291808	0	0
HISTSYN-PWY: L-histidine biosynthesis|g__Bacteroides.s__Bacteroides_fragilis	0	0	0	0	0	1.39978
HISTSYN-PWY: L-histidine biosynthesis|g__Bacteroides.s__Bacteroides_fragilis_CAG_47	0	0	0	0	0	0.501092
HISTSYN-PWY: L-histidine biosynthesis|g__Bacteroides.s__Bacteroides_massiliensis	7.89434	1.24779	5.217	0	6.63915	0
HISTSYN-PWY: L-histidine biosynthesis|g__Bacteroides.s__Bacteroides_ovatus	9.79188	0	0	2.93424	2.79646	1.07445
HISTSYN-PWY: L-histidine biosynthesis|g__Bacteroides.s__Bacteroides_plebeius_CAG_211	0	2.6284	0	1.69418	0	0
HISTSYN-PWY: L-histidine biosynthesis|g__Bacteroides.s__Bacteroides_salyersiae	2.36988	0	1.55608	0.469546	0	0
HISTSYN-PWY: L-histidine biosynthesis|g__Bacteroides.s__Bacteroides_sp_CAG_144	0	0	2.77001	0	1.68288	0
HISTSYN-PWY: L-histidine biosynthesis|g__Bacteroides.s__Bacteroides_sp_CAG_598	0	7.27776	0	0	0	0
HISTSYN-PWY: L-histidine biosynthesis|g__Bacteroides.s__Bacteroides_sp_CAG_633	0	1.40646	0	0	0	0
HISTSYN-PWY: L-histidine biosynthesis|g__Bacteroides.s__Bacteroides_stercoris	0	0	0.783239	0.968274	0	6.92423
HISTSYN-PWY: L-histidine biosynthesis|g__Bacteroides.s__Bacteroides_thetaiotaomicron	4.11229	0	4.17399	0	0	2.32678
HISTSYN-PWY: L-histidine biosynthesis|g__Bacteroides.s__Bacteroides_uniformis	3.84143	2.48688	8.1183	3.31866	10.6479	8.60195
HISTSYN-PWY: L-histidine biosynthesis|g__Bacteroides.s__Bacteroides_uniformis_CAG_3	4.66159	2.16547	11.1306	1.82031	13.3739	9.48422
HISTSYN-PWY: L-histidine biosynthesis|g__Bacteroides.s__Bacteroides_vulgatus	20.7096	4.95063	7.55435	1.98454	0	0
HISTSYN-PWY: L-histidine biosynthesis|g__Bacteroides.s__Bacteroides_vulgatus_CAG_6	17.9786	4.2591	6.4017	1.63678	0	0
HISTSYN-PWY: L-histidine biosynthesis|g__Bacteroides.s__Bacteroides_xylanisolvens	0	0	1.57379	0	1.81212	3.01608
HISTSYN-PWY: L-histidine biosynthesis|g__Barnesiella.s__Barnesiella_intestinihominis	0.95801	0.658324	0.549617	1.50583	19.277	3.48197
HISTSYN-PWY: L-histidine biosynthesis|g__Barnesiella.s__Barnesiella_viscericola	0	0	5.12985	0	0	0
HISTSYN-PWY: L-histidine biosynthesis|g__Bifidobacterium.s__Bifidobacterium_adolescentis	0	1.72732	0	0	0	16.3571
HISTSYN-PWY: L-histidine biosynthesis|g__Bifidobacterium.s__Bifidobacterium_longum	3.37424	0	6.82677	1.30084	1.27533	10.4287
HISTSYN-PWY: L-histidine biosynthesis|g__Bifidobacterium.s__Bifidobacterium_pseudocatenulatum	0	0	9.76574	1.45301	0	9.66025
HISTSYN-PWY: L-histidine biosynthesis|g__Blautia.s__Blautia_obeum	7.00117	14.1492	5.25299	0	4.13914	3.61406
HISTSYN-PWY: L-histidine biosynthesis|g__Blautia.s__Ruminococcus_torques	0	11.7056	17.3696	18.061	2.69313	2.10363
HISTSYN-PWY: L-histidine biosynthesis|g__Butyricimonas.s__Butyricimonas_virosa	0	0	0	0.51175	0	0
HISTSYN-PWY: L-histidine biosynthesis|g__Coprobacter.s__Coprobacter_fastidiosus	0	0	0	0	0	0.26312
HISTSYN-PWY: L-histidine biosynthesis|g__Coprococcus.s__Coprococcus_catus	0.648671	2.73072	1.96681	1.98526	2.38315	2.41996
HISTSYN-PWY: L-histidine biosynthesis|g__Dialister.s__Dialister_sp_CAG_357	0	0	0	0	0	11.0966
HISTSYN-PWY: L-histidine biosynthesis|g__Dialister.s__Dialister_succinatiphilus	0	0	0	6.26785	0	0
HISTSYN-PWY: L-histidine biosynthesis|g__Dorea.s__Dorea_formicigenerans	0.14967	0.966666	0	0	0	0
HISTSYN-PWY: L-histidine biosynthesis|g__Dorea.s__Dorea_formicigenerans_CAG_28	0.162698	1.28535	0	0	0	0.255443
HISTSYN-PWY: L-histidine biosynthesis|g__Eggerthella.s__Eggerthella_lenta	0	0	0	0	0.594924	0
HISTSYN-PWY: L-histidine biosynthesis|g__Escherichia.s__Escherichia_coli	0	0	0	8.0966	0	0
HISTSYN-PWY: L-histidine biosynthesis|g__Eubacterium.s__Eubacterium_sp_CAG_180	0	0	0	20.225	0	0
HISTSYN-PWY: L-histidine biosynthesis|g__Eubacterium.s__Eubacterium_sp_CAG_274	0	0	2.22039	0	0	0
HISTSYN-PWY: L-histidine biosynthesis|g__Eubacterium.s__Eubacterium_sp_CAG_38	0.90711	0	2.06296	0	0	0.423797
HISTSYN-PWY: L-histidine biosynthesis|g__Eubacterium.s__Eubacterium_ventriosum	0	0	0.430135	0.310619	0	0
HISTSYN-PWY: L-histidine biosynthesis|g__Faecalibacterium.s__Faecalibacterium_prausnitzii	75.3307	102.707	40.0964	6.70074	8.22648	10.6587
HISTSYN-PWY: L-histidine biosynthesis|g__Faecalitalea.s__Faecalitalea_cylindroides	0	1.39938	0	0	0	0
HISTSYN-PWY: L-histidine biosynthesis|g__Firmicutes_unclassified.s__Firmicutes_bacterium_CAG_94	0	2.3206	0	0	0	0
HISTSYN-PWY: L-histidine biosynthesis|g__Flavonifractor.s__Flavonifractor_plautii	0	0.517624	0	0	0	0
HISTSYN-PWY: L-histidine biosynthesis|g__Lawsonibacter.s__Lawsonibacter_asaccharolyticus	0	1.31746	0	0	0	0
HISTSYN-PWY: L-histidine biosynthesis|g__Megamonas.s__Megamonas_funiformis	0	0.180161	0	0	0	0
HISTSYN-PWY: L-histidine biosynthesis|g__Methanobrevibacter.s__Methanobrevibacter_smithii	0	0.532592	1.37671	0	6.09805	2.96288
HISTSYN-PWY: L-histidine biosynthesis|g__Methanobrevibacter.s__Methanobrevibacter_smithii_CAG_186	0	0	0	0	1.62647	0
HISTSYN-PWY: L-histidine biosynthesis|g__Odoribacter.s__Odoribacter_laneus	0	0	1.25245	0	0	0
HISTSYN-PWY: L-histidine biosynthesis|g__Odoribacter.s__Odoribacter_laneus_CAG_561	0	0	0.959791	0	0	0
HISTSYN-PWY: L-histidine biosynthesis|g__Oxalobacter.s__Oxalobacter_formigenes	0	0	0	1.38452	0	0
HISTSYN-PWY: L-histidine biosynthesis|g__Parabacteroides.s__Parabacteroides_distasonis	3.84355	1.25623	4.44473	0.321713	13.6038	3.07035
HISTSYN-PWY: L-histidine biosynthesis|g__Parabacteroides.s__Parabacteroides_goldsteinii	0	0	0.765808	0	0	0
HISTSYN-PWY: L-histidine biosynthesis|g__Parabacteroides.s__Parabacteroides_merdae	1.47458	0.650976	2.48241	0.925105	0	0
HISTSYN-PWY: L-histidine biosynthesis|g__Parabacteroides.s__Parabacteroides_sp_CAG_409	0	2.77372	0	0	0	0
HISTSYN-PWY: L-histidine biosynthesis|g__Paraprevotella.s__Paraprevotella_clara	0	2.4368	0	0	0	0
HISTSYN-PWY: L-histidine biosynthesis|g__Paraprevotella.s__Paraprevotella_clara_CAG_116	0	0.473264	0	0	0	0
HISTSYN-PWY: L-histidine biosynthesis|g__Paraprevotella.s__Paraprevotella_xylaniphila	1.65061	0	0	0	3.64956	0
HISTSYN-PWY: L-histidine biosynthesis|g__Parasutterella.s__Parasutterella_excrementihominis	0	0	0	0	2.95563	1.00377
HISTSYN-PWY: L-histidine biosynthesis|g__Prevotella.s__Prevotella_sp_CAG_279	0	3.90613	0	0	0	68.7494
HISTSYN-PWY: L-histidine biosynthesis|g__Roseburia.s__Roseburia_intestinalis	0	0	0.177114	0	0	0.545828
HISTSYN-PWY: L-histidine biosynthesis|g__Roseburia.s__Roseburia_intestinalis_CAG_13	0	0	0.115265	0	0	0.733771
HISTSYN-PWY: L-histidine biosynthesis|g__Roseburia.s__Roseburia_inulinivorans	0.74835	1.74691	0.220409	1.04569	0	2.10946
HISTSYN-PWY: L-histidine biosynthesis|g__Roseburia.s__Roseburia_inulinivorans_CAG_15	0.636855	1.35883	0.09671	1.04569	0	1.62134
HISTSYN-PWY: L-histidine biosynthesis|g__Ruminococcaceae_unclassified.s__Eubacterium_siraeum	0	0	3.91085	2.1249	0.801867	18.0025
HISTSYN-PWY: L-histidine biosynthesis|g__Ruthenibacterium.s__Ruthenibacterium_lactatiformans	0	0	0	0.600498	0.266809	0
HISTSYN-PWY: L-histidine biosynthesis|g__Streptococcus.s__Streptococcus_salivarius	0	0	0	0.29832	0	0
HISTSYN-PWY: L-histidine biosynthesis|g__Streptococcus.s__Streptococcus_thermophilus	0	0	0	0.355717	0	0
HISTSYN-PWY: L-histidine biosynthesis|unclassified	82.89	174.001	132.297	123.145	86.9701	116.68
HOMOSER-METSYN-PWY: L-methionine biosynthesis I	48.0302	35.2324	84.9134	104.208	36.2406	86.0319
HOMOSER-METSYN-PWY: L-methionine biosynthesis I|g__Anaerostipes.s__Anaerostipes_hadrus	12.9992	0	5.34463	11.238	4.35414	7.712
HOMOSER-METSYN-PWY: L-methionine biosynthesis I|g__Blautia.s__Ruminococcus_torques	0	6.29966	1.59684	8.00568	2.7199	0.900007
HOMOSER-METSYN-PWY: L-methionine biosynthesis I|g__Coprococcus.s__Coprococcus_comes	0.537176	1.26113	1.69299	3.5562	0.712643	0.588181
HOMOSER-METSYN-PWY: L-methionine biosynthesis I|g__Coprococcus.s__Coprococcus_comes_CAG_19	0.951041	0.914414	1.84508	2.21871	0.567294	1.02336
HOMOSER-METSYN-PWY: L-methionine biosynthesis I|g__Escherichia.s__Escherichia_coli	0	0	0	24.5481	0	0
HOMOSER-METSYN-PWY: L-methionine biosynthesis I|g__Oxalobacter.s__Oxalobacter_formigenes	0	0	0	1.25791	0	0
HOMOSER-METSYN-PWY: L-methionine biosynthesis I|unclassified	13.2234	12.1731	12.1101	15.2845	3.76267	7.69056
HSERMETANA-PWY: L-methionine biosynthesis III	279.845	339.081	271.133	327.435	258.641	312.917
HSERMETANA-PWY: L-methionine biosynthesis III|g__Akkermansia.s__Akkermansia_muciniphila	0	1.95837	1.0312	12.7364	11.2981	13.6314
HSERMETANA-PWY: L-methionine biosynthesis III|g__Alistipes.s__Alistipes_finegoldii	0.70048	0	0	19.8678	17.8152	8.56171
HSERMETANA-PWY: L-methionine biosynthesis III|g__Anaerostipes.s__Anaerostipes_hadrus	18.82	0	5.49954	14.7858	6.49351	11.3676
HSERMETANA-PWY: L-methionine biosynthesis III|g__Bacteroides.s__Bacteroides_cellulosilyticus	0	0	0	0	0	3.12991
HSERMETANA-PWY: L-methionine biosynthesis III|g__Bacteroides.s__Bacteroides_fragilis	0	0	0	0	0	2.15102
HSERMETANA-PWY: L-methionine biosynthesis III|g__Bacteroides.s__Bacteroides_fragilis_CAG_47	0	0	0	0	0	1.28833
HSERMETANA-PWY: L-methionine biosynthesis III|g__Bacteroides.s__Bacteroides_xylanisolvens	0	0	1.16839	0	0	2.05493
HSERMETANA-PWY: L-methionine biosynthesis III|g__Barnesiella.s__Barnesiella_viscericola	0	0	5.89734	0	0	0
HSERMETANA-PWY: L-methionine biosynthesis III|g__Bifidobacterium.s__Bifidobacterium_adolescentis	0	1.7929	0	0	0	14.8774
HSERMETANA-PWY: L-methionine biosynthesis III|g__Bifidobacterium.s__Bifidobacterium_longum	0.666547	0	1.89962	0	0	12.6059
HSERMETANA-PWY: L-methionine biosynthesis III|g__Blautia.s__Blautia_obeum	8.96566	11.2633	8.14107	0	5.62832	4.57521
HSERMETANA-PWY: L-methionine biosynthesis III|g__Blautia.s__Blautia_wexlerae	9.73734	0	0	9.02146	0	5.62954
HSERMETANA-PWY: L-methionine biosynthesis III|g__Blautia.s__Ruminococcus_torques	0	15.8477	3.19227	10.8205	2.67673	1.02601
HSERMETANA-PWY: L-methionine biosynthesis III|g__Coprobacter.s__Coprobacter_fastidiosus	0	0	0	0	0	0.376944
HSERMETANA-PWY: L-methionine biosynthesis III|g__Coprococcus.s__Coprococcus_catus	0.829548	3.14602	1.97553	2.40151	2.68536	3.02826
HSERMETANA-PWY: L-methionine biosynthesis III|g__Coprococcus.s__Coprococcus_comes	0.613829	1.21105	1.88894	2.88432	0.712355	1.06545
HSERMETANA-PWY: L-methionine biosynthesis III|g__Coprococcus.s__Coprococcus_comes_CAG_19	1.02679	0.965578	1.60724	2.8004	0.688178	0.940243
HSERMETANA-PWY: L-methionine biosynthesis III|g__Coprococcus.s__Coprococcus_eutactus	0	0	0	10.9296	4.82156	5.93687
HSERMETANA-PWY: L-methionine biosynthesis III|g__Coprococcus.s__Coprococcus_eutactus_CAG_665	0	0	0	0	0.0322359	0
HSERMETANA-PWY: L-methionine biosynthesis III|g__Dorea.s__Dorea_longicatena	0	14.8492	0.755407	0.452424	1.50616	2.07002
HSERMETANA-PWY: L-methionine biosynthesis III|g__Dorea.s__Dorea_longicatena_CAG_42	0	24.0254	1.33904	0.692864	1.77211	4.16518
HSERMETANA-PWY: L-methionine biosynthesis III|g__Eubacterium.s__Eubacterium_eligens	1.51397	0	0.102333	1.79571	0.245798	0.131295
HSERMETANA-PWY: L-methionine biosynthesis III|g__Eubacterium.s__Eubacterium_eligens_CAG_72	4.72612	0	0.112172	1.201	0.288396	0.32215
HSERMETANA-PWY: L-methionine biosynthesis III|g__Faecalibacterium.s__Faecalibacterium_prausnitzii	5.07182	0.941357	1.12538	0	0	2.55337
HSERMETANA-PWY: L-methionine biosynthesis III|g__Flavonifractor.s__Flavonifractor_plautii	0	0.571237	0	0	0	0
HSERMETANA-PWY: L-methionine biosynthesis III|g__Fusicatenibacter.s__Fusicatenibacter_saccharivorans	6.26372	14.5071	0	27.0523	1.26583	1.41778
HSERMETANA-PWY: L-methionine biosynthesis III|g__Lachnospira.s__Lachnospira_pectinoschiza	0	0	3.02134	0	0	0.545563
HSERMETANA-PWY: L-methionine biosynthesis III|g__Parabacteroides.s__Parabacteroides_distasonis	4.14532	1.46116	4.99547	0.371393	13.4559	3.55423
HSERMETANA-PWY: L-methionine biosynthesis III|g__Parabacteroides.s__Parabacteroides_goldsteinii	0	0	0.72898	0	0	0
HSERMETANA-PWY: L-methionine biosynthesis III|g__Roseburia.s__Roseburia_faecis	0	1.15907	15.3195	0	0	16.2835
HSERMETANA-PWY: L-methionine biosynthesis III|g__Roseburia.s__Roseburia_intestinalis	0	0.297457	0.409612	0.278062	0	0.789624
HSERMETANA-PWY: L-methionine biosynthesis III|g__Roseburia.s__Roseburia_intestinalis_CAG_13	0	0.144782	0.0837779	0.387792	0	0.805506
HSERMETANA-PWY: L-methionine biosynthesis III|g__Ruminococcaceae_unclassified.s__Eubacterium_siraeum	0	0	4.55774	2.59468	1.19532	23.0426
HSERMETANA-PWY: L-methionine biosynthesis III|g__Ruminococcus.s__Ruminococcus_bicirculans	8.33577	2.65017	0	3.71658	0	1.28251
HSERMETANA-PWY: L-methionine biosynthesis III|g__Ruminococcus.s__Ruminococcus_lactaris	0	0	2.08011	8.90064	0.569308	0.540798
HSERMETANA-PWY: L-methionine biosynthesis III|g__Streptococcus.s__Streptococcus_salivarius	0	0	0	0.265039	0	0
HSERMETANA-PWY: L-methionine biosynthesis III|g__Streptococcus.s__Streptococcus_thermophilus	0	0	0	0.297114	0	0
HSERMETANA-PWY: L-methionine biosynthesis III|g__Streptococcus.s__Streptococcus_thermophilus_CAG_236	0	0	0	0.311102	0	0
HSERMETANA-PWY: L-methionine biosynthesis III|unclassified	50.7336	132.123	121.136	106.712	69.9055	49.5671
ILEUSYN-PWY: L-isoleucine biosynthesis I (from threonine)	625.019	872.131	647.746	594.84	514.806	623.541
ILEUSYN-PWY: L-isoleucine biosynthesis I (from threonine)|g__Agathobaculum.s__Agathobaculum_butyriciproducens	10.6911	11.9794	5.15009	4.97039	2.17045	4.25042
ILEUSYN-PWY: L-isoleucine biosynthesis I (from threonine)|g__Akkermansia.s__Akkermansia_muciniphila	0	1.87809	1.11357	11.5821	11.5436	13.9705
ILEUSYN-PWY: L-isoleucine biosynthesis I (from threonine)|g__Alistipes.s__Alistipes_finegoldii	5.97135	0	0	29.5732	63.2879	11.6257
ILEUSYN-PWY: L-isoleucine biosynthesis I (from threonine)|g__Anaerostipes.s__Anaerostipes_hadrus	16.188	0	6.76914	14.7192	6.01228	10.3374
ILEUSYN-PWY: L-isoleucine biosynthesis I (from threonine)|g__Bacteroides.s__Bacteroides_caccae	1.27068	0	0	1.34425	1.89415	0
ILEUSYN-PWY: L-isoleucine biosynthesis I (from threonine)|g__Bacteroides.s__Bacteroides_cellulosilyticus	0	0	0	0	0	5.46728
ILEUSYN-PWY: L-isoleucine biosynthesis I (from threonine)|g__Bacteroides.s__Bacteroides_clarus	0	0.572597	0	1.85672	2.02741	0
ILEUSYN-PWY: L-isoleucine biosynthesis I (from threonine)|g__Bacteroides.s__Bacteroides_eggerthii	0	0	8.76153	3.65146	31.1459	0
ILEUSYN-PWY: L-isoleucine biosynthesis I (from threonine)|g__Bacteroides.s__Bacteroides_faecis	0	0	0	0	1.71944	0
ILEUSYN-PWY: L-isoleucine biosynthesis I (from threonine)|g__Bacteroides.s__Bacteroides_finegoldii	0	0	0	0.699376	0	0
ILEUSYN-PWY: L-isoleucine biosynthesis I (from threonine)|g__Bacteroides.s__Bacteroides_fragilis	0	0	0	0	0	2.02528
ILEUSYN-PWY: L-isoleucine biosynthesis I (from threonine)|g__Bacteroides.s__Bacteroides_fragilis_CAG_47	0	0	0	0	0	1.31772
ILEUSYN-PWY: L-isoleucine biosynthesis I (from threonine)|g__Bacteroides.s__Bacteroides_ovatus	12.9265	0	0	4.25799	8.56812	2.76196
ILEUSYN-PWY: L-isoleucine biosynthesis I (from threonine)|g__Bacteroides.s__Bacteroides_stercoris	0	0	0.898223	1.35582	0	6.79294
ILEUSYN-PWY: L-isoleucine biosynthesis I (from threonine)|g__Bacteroides.s__Bacteroides_thetaiotaomicron	5.97044	0	4.65951	0	0	2.34425
ILEUSYN-PWY: L-isoleucine biosynthesis I (from threonine)|g__Bacteroides.s__Bacteroides_uniformis	4.13623	2.37748	8.57233	4.12728	11.7039	9.44346
ILEUSYN-PWY: L-isoleucine biosynthesis I (from threonine)|g__Bacteroides.s__Bacteroides_uniformis_CAG_3	4.03685	2.54566	7.0275	3.57453	9.81611	9.14619
ILEUSYN-PWY: L-isoleucine biosynthesis I (from threonine)|g__Bacteroides.s__Bacteroides_xylanisolvens	0	0	2.16276	0	9.17485	3.31785
ILEUSYN-PWY: L-isoleucine biosynthesis I (from threonine)|g__Bifidobacterium.s__Bifidobacterium_adolescentis	0	2.92422	0	0	0	29.5329
ILEUSYN-PWY: L-isoleucine biosynthesis I (from threonine)|g__Bifidobacterium.s__Bifidobacterium_longum	3.98747	0.120833	12.7646	2.40465	3.0673	15.9923
ILEUSYN-PWY: L-isoleucine biosynthesis I (from threonine)|g__Bifidobacterium.s__Bifidobacterium_longum_CAG_69	4.11169	0.225338	12.5012	2.27731	2.98498	15.1537
ILEUSYN-PWY: L-isoleucine biosynthesis I (from threonine)|g__Bifidobacterium.s__Bifidobacterium_pseudocatenulatum	0	0	12.7281	2.05833	0	11.7877
ILEUSYN-PWY: L-isoleucine biosynthesis I (from threonine)|g__Bilophila.s__Bilophila_wadsworthia	0	0	0	0	2.98211	0
ILEUSYN-PWY: L-isoleucine biosynthesis I (from threonine)|g__Blautia.s__Blautia_obeum	24.0084	60.704	21.9386	0	15.3895	10.0848
ILEUSYN-PWY: L-isoleucine biosynthesis I (from threonine)|g__Blautia.s__Blautia_wexlerae	10.3294	0	0	14.3864	0	7.92324
ILEUSYN-PWY: L-isoleucine biosynthesis I (from threonine)|g__Blautia.s__Ruminococcus_torques	0	23.7296	36.4695	17.2929	10.6689	7.22573
ILEUSYN-PWY: L-isoleucine biosynthesis I (from threonine)|g__Butyrivibrio.s__Butyrivibrio_crossotus	0	0	15.8849	0	0	0
ILEUSYN-PWY: L-isoleucine biosynthesis I (from threonine)|g__Butyrivibrio.s__Butyrivibrio_crossotus_CAG_259	0	0	8.44217	0	0	0
ILEUSYN-PWY: L-isoleucine biosynthesis I (from threonine)|g__Coprococcus.s__Coprococcus_comes	2.57287	1.95374	3.06829	4.43067	1.0776	1.11892
ILEUSYN-PWY: L-isoleucine biosynthesis I (from threonine)|g__Coprococcus.s__Coprococcus_comes_CAG_19	1.80452	1.77059	2.47201	4.65977	1.08192	1.77566
ILEUSYN-PWY: L-isoleucine biosynthesis I (from threonine)|g__Coprococcus.s__Coprococcus_eutactus	0	0	0	8.90209	3.63776	4.94951
ILEUSYN-PWY: L-isoleucine biosynthesis I (from threonine)|g__Coprococcus.s__Coprococcus_eutactus_CAG_665	0	0	0	0	0	0.201707
ILEUSYN-PWY: L-isoleucine biosynthesis I (from threonine)|g__Desulfovibrio.s__Desulfovibrio_piger	0	7.83239	0	4.5949	0	0
ILEUSYN-PWY: L-isoleucine biosynthesis I (from threonine)|g__Dorea.s__Dorea_formicigenerans	0.555355	2.64472	0.553271	0	0.265946	0.846536
ILEUSYN-PWY: L-isoleucine biosynthesis I (from threonine)|g__Dorea.s__Dorea_formicigenerans_CAG_28	0	1.7099	0.197075	0	0.464254	0.410827
ILEUSYN-PWY: L-isoleucine biosynthesis I (from threonine)|g__Dorea.s__Dorea_longicatena	0	13.7807	1.01096	0.851791	1.16596	1.96784
ILEUSYN-PWY: L-isoleucine biosynthesis I (from threonine)|g__Dorea.s__Dorea_longicatena_CAG_42	0	14.5362	1.26595	1.01482	2.15808	2.28125
ILEUSYN-PWY: L-isoleucine biosynthesis I (from threonine)|g__Eggerthella.s__Eggerthella_lenta	0.508393	0	0	0	1.01831	0
ILEUSYN-PWY: L-isoleucine biosynthesis I (from threonine)|g__Escherichia.s__Escherichia_coli	0	0	0	56.0465	0	0
ILEUSYN-PWY: L-isoleucine biosynthesis I (from threonine)|g__Eubacterium.s__Eubacterium_eligens	3.34546	0	0.514756	3.80195	0.457059	0.177619
ILEUSYN-PWY: L-isoleucine biosynthesis I (from threonine)|g__Eubacterium.s__Eubacterium_eligens_CAG_72	4.4089	0	0.472024	0.27131	0.133261	0.279796
ILEUSYN-PWY: L-isoleucine biosynthesis I (from threonine)|g__Eubacterium.s__Eubacterium_hallii	2.7592	3.66419	4.15937	0.869155	1.42672	3.51188
ILEUSYN-PWY: L-isoleucine biosynthesis I (from threonine)|g__Eubacterium.s__Eubacterium_hallii_CAG_12	2.59529	1.93796	4.32834	0.817064	1.4935	2.6582
ILEUSYN-PWY: L-isoleucine biosynthesis I (from threonine)|g__Eubacterium.s__Eubacterium_sp_CAG_274	0	0	3.93615	0	0	0
ILEUSYN-PWY: L-isoleucine biosynthesis I (from threonine)|g__Eubacterium.s__Eubacterium_ventriosum	0	0	1.45009	0.641014	0	0
ILEUSYN-PWY: L-isoleucine biosynthesis I (from threonine)|g__Flavonifractor.s__Flavonifractor_plautii	0	1.93061	0	0	0	0
ILEUSYN-PWY: L-isoleucine biosynthesis I (from threonine)|g__Gemmiger.s__Gemmiger_formicilis	16.7973	16.4282	7.56615	12.1954	4.98792	4.66098
ILEUSYN-PWY: L-isoleucine biosynthesis I (from threonine)|g__Lachnospiraceae_unclassified.s__Eubacterium_rectale	80.7267	0	0	22.3381	2.55239	0
ILEUSYN-PWY: L-isoleucine biosynthesis I (from threonine)|g__Methanobrevibacter.s__Methanobrevibacter_smithii	0	1.04287	2.92998	0	3.2469	2.45914
ILEUSYN-PWY: L-isoleucine biosynthesis I (from threonine)|g__Methanobrevibacter.s__Methanobrevibacter_smithii_CAG_186	0	0.575591	2.41353	0	6.06754	2.91364
ILEUSYN-PWY: L-isoleucine biosynthesis I (from threonine)|g__Monoglobus.s__Monoglobus_pectinilyticus	0	0	0	0	0	1.97816
ILEUSYN-PWY: L-isoleucine biosynthesis I (from threonine)|g__Parabacteroides.s__Parabacteroides_distasonis	4.63129	1.54634	6.1498	0.504274	15.5725	3.93144
ILEUSYN-PWY: L-isoleucine biosynthesis I (from threonine)|g__Parabacteroides.s__Parabacteroides_goldsteinii	0	0	0.848743	0	0	0
ILEUSYN-PWY: L-isoleucine biosynthesis I (from threonine)|g__Parabacteroides.s__Parabacteroides_merdae	1.70121	0.476802	2.54679	1.12841	0	0
ILEUSYN-PWY: L-isoleucine biosynthesis I (from threonine)|g__Prevotella.s__Prevotella_copri	0	2.14642	0	0	0	0
ILEUSYN-PWY: L-isoleucine biosynthesis I (from threonine)|g__Prevotella.s__Prevotella_copri_CAG_164	0	11.5189	0	0	0	0
ILEUSYN-PWY: L-isoleucine biosynthesis I (from threonine)|g__Roseburia.s__Roseburia_hominis	0	7.47044	0	3.97511	2.07921	1.56866
ILEUSYN-PWY: L-isoleucine biosynthesis I (from threonine)|g__Roseburia.s__Roseburia_intestinalis	0	1.40265	0.982844	1.47399	0	2.25161
ILEUSYN-PWY: L-isoleucine biosynthesis I (from threonine)|g__Roseburia.s__Roseburia_intestinalis_CAG_13	0	1.66363	0.588975	0.85155	0	1.8736
ILEUSYN-PWY: L-isoleucine biosynthesis I (from threonine)|g__Roseburia.s__Roseburia_inulinivorans	0.858028	3.69548	0.288162	1.97055	0	2.94249
ILEUSYN-PWY: L-isoleucine biosynthesis I (from threonine)|g__Roseburia.s__Roseburia_inulinivorans_CAG_15	0.40932	2.04981	0.293223	1.1612	0	3.54682
ILEUSYN-PWY: L-isoleucine biosynthesis I (from threonine)|g__Ruminococcaceae_unclassified.s__Eubacterium_siraeum	0	0	5.50629	2.78834	1.40485	25.795
ILEUSYN-PWY: L-isoleucine biosynthesis I (from threonine)|g__Ruminococcus.s__Ruminococcus_bicirculans	8.25276	3.0241	0	3.7829	0	1.46013
ILEUSYN-PWY: L-isoleucine biosynthesis I (from threonine)|g__Ruthenibacterium.s__Ruthenibacterium_lactatiformans	0	0.447682	0	0.582652	0.676953	0.273179
ILEUSYN-PWY: L-isoleucine biosynthesis I (from threonine)|g__Streptococcus.s__Streptococcus_salivarius_CAG_79	0	0	0	0.196549	0	0
ILEUSYN-PWY: L-isoleucine biosynthesis I (from threonine)|g__Streptococcus.s__Streptococcus_thermophilus	0	0	0	0.351617	0	0
ILEUSYN-PWY: L-isoleucine biosynthesis I (from threonine)|g__Streptococcus.s__Streptococcus_thermophilus_CAG_236	0	0	0	0.295426	0	0
ILEUSYN-PWY: L-isoleucine biosynthesis I (from threonine)|unclassified	78.6116	230.968	166.08	169.247	107.491	120.134
KDO-NAGLIPASYN-PWY: superpathway of (Kdo)2-lipid A biosynthesis	0	0	0	4.49747	0	0
KDO-NAGLIPASYN-PWY: superpathway of (Kdo)2-lipid A biosynthesis|g__Escherichia.s__Escherichia_coli	0	0	0	3.2902	0	0
KETOGLUCONMET-PWY: ketogluconate metabolism	2.45471	0.11403	0.108518	6.13184	0.216153	0
KETOGLUCONMET-PWY: ketogluconate metabolism|g__Escherichia.s__Escherichia_coli	0	0	0	5.55955	0	0
KETOGLUCONMET-PWY: ketogluconate metabolism|unclassified	1.20796	0.112669	0.108237	0.218253	0.21529	0
LACTOSECAT-PWY: lactose and galactose degradation I	86.2169	49.5294	25.3189	40.1502	10.6324	30.5931
LACTOSECAT-PWY: lactose and galactose degradation I|g__Anaerostipes.s__Anaerostipes_hadrus	16.9636	0	6.646	14.186	5.10392	10.9602
LACTOSECAT-PWY: lactose and galactose degradation I|g__Streptococcus.s__Streptococcus_salivarius	0	0	0	0.810793	0	0
LACTOSECAT-PWY: lactose and galactose degradation I|unclassified	29.9798	37.7049	16.1284	15.5189	4.159	11.2527
LPSSYN-PWY: superpathway of lipopolysaccharide biosynthesis	0	0	0	11.4823	0	0
LPSSYN-PWY: superpathway of lipopolysaccharide biosynthesis|g__Escherichia.s__Escherichia_coli	0	0	0	4.15887	0	0
MET-SAM-PWY: superpathway of S-adenosyl-L-methionine biosynthesis	97.4507	76.0137	158.499	188.887	73.2264	162.551
MET-SAM-PWY: superpathway of S-adenosyl-L-methionine biosynthesis|g__Anaerostipes.s__Anaerostipes_hadrus	10.4487	0	5.89369	12.4834	4.06402	8.73642
MET-SAM-PWY: superpathway of S-adenosyl-L-methionine biosynthesis|g__Blautia.s__Ruminococcus_torques	0	10.2439	2.38092	9.80211	1.51192	1.0943
MET-SAM-PWY: superpathway of S-adenosyl-L-methionine biosynthesis|g__Coprococcus.s__Coprococcus_comes	0.803795	1.20752	2.10541	4.11088	0.901453	0.837536
MET-SAM-PWY: superpathway of S-adenosyl-L-methionine biosynthesis|g__Coprococcus.s__Coprococcus_comes_CAG_19	1.05617	1.17241	1.6823	2.64292	0.723292	1.20892
MET-SAM-PWY: superpathway of S-adenosyl-L-methionine biosynthesis|g__Escherichia.s__Escherichia_coli	0	0	0	28.6011	0	0
MET-SAM-PWY: superpathway of S-adenosyl-L-methionine biosynthesis|g__Oxalobacter.s__Oxalobacter_formigenes	0	0	0	1.22077	0	0
MET-SAM-PWY: superpathway of S-adenosyl-L-methionine biosynthesis|unclassified	24.9885	26.0984	25.3088	30.4993	8.3206	16.9718
METH-ACETATE-PWY: methanogenesis from acetate	102.274	132.595	80.0028	96.565	67.3007	66.631
METH-ACETATE-PWY: methanogenesis from acetate|g__Blautia.s__Blautia_obeum	15.1436	38.9301	16.0213	0	8.20576	5.28251
METH-ACETATE-PWY: methanogenesis from acetate|g__Blautia.s__Blautia_wexlerae	10.1445	0	0	13.2961	0	5.39316
METH-ACETATE-PWY: methanogenesis from acetate|g__Blautia.s__Ruminococcus_torques	0	0	0.737976	0	0	0
METH-ACETATE-PWY: methanogenesis from acetate|g__Fusicatenibacter.s__Fusicatenibacter_saccharivorans	5.35964	10.7441	4.20548	22.9417	8.40838	1.35266
METH-ACETATE-PWY: methanogenesis from acetate|unclassified	23.1346	13.3706	19.1073	12.3213	8.22475	11.4735
METHANOGENESIS-PWY: methanogenesis from H2 and CO2	0	2.54512	6.70898	0	12.0628	7.22865
METHANOGENESIS-PWY: methanogenesis from H2 and CO2|g__Methanobrevibacter.s__Methanobrevibacter_smithii	0	0.9253	3.33397	0	7.05419	3.775
METHANOGENESIS-PWY: methanogenesis from H2 and CO2|g__Methanobrevibacter.s__Methanobrevibacter_smithii_CAG_186	0	1.40292	3.11777	0	4.39645	3.36153
METHGLYUT-PWY: superpathway of methylglyoxal degradation	1.42308	4.29067	9.91278	20.4616	7.09132	11.2186
METHGLYUT-PWY: superpathway of methylglyoxal degradation|g__Escherichia.s__Escherichia_coli	0	0	0	11.1425	0	0
METHGLYUT-PWY: superpathway of methylglyoxal degradation|unclassified	0	0	0	1.29794	0	0
METSYN-PWY: L-homoserine and L-methionine biosynthesis	87.7509	66.8194	146.795	172.79	68.4917	148.721
METSYN-PWY: L-homoserine and L-methionine biosynthesis|g__Anaerostipes.s__Anaerostipes_hadrus	10.0712	0	5.83943	12.3503	4.05568	8.58157
METSYN-PWY: L-homoserine and L-methionine biosynthesis|g__Blautia.s__Ruminococcus_torques	0	9.59318	2.39442	9.70299	1.45349	1.2391
METSYN-PWY: L-homoserine and L-methionine biosynthesis|g__Coprococcus.s__Coprococcus_comes	0.780466	1.1403	1.91452	3.96353	0.826332	0.743035
METSYN-PWY: L-homoserine and L-methionine biosynthesis|g__Coprococcus.s__Coprococcus_comes_CAG_19	1.08405	1.16343	1.82371	2.67234	0.71696	1.21263
METSYN-PWY: L-homoserine and L-methionine biosynthesis|g__Escherichia.s__Escherichia_coli	0	0	0	29.246	0	0
METSYN-PWY: L-homoserine and L-methionine biosynthesis|g__Oxalobacter.s__Oxalobacter_formigenes	0	0	0	1.24537	0	0
METSYN-PWY: L-homoserine and L-methionine biosynthesis|unclassified	23.8318	23.2528	22.8745	28.3199	7.40043	14.7215
NAD-BIOSYNTHESIS-II: NAD salvage pathway II	83.0211	17.0489	4.8937	21.3944	13.7054	5.79975
NAD-BIOSYNTHESIS-II: NAD salvage pathway II|g__Escherichia.s__Escherichia_coli	0	0	0	13.7883	0	0
NAD-BIOSYNTHESIS-II: NAD salvage pathway II|unclassified	1.1101	1.11961	0	1.17254	0	0.213355
NAGLIPASYN-PWY: lipid IVA biosynthesis	37.5493	19.7726	42.357	72.8559	71.0479	69.1123
NAGLIPASYN-PWY: lipid IVA biosynthesis|g__Bacteroides.s__Bacteroides_cellulosilyticus	0	0	0	0	0	3.23844
NAGLIPASYN-PWY: lipid IVA biosynthesis|g__Bacteroides.s__Bacteroides_sp_CAG_633	0	1.15145	0	0	0	0
NAGLIPASYN-PWY: lipid IVA biosynthesis|g__Bacteroides.s__Bacteroides_stercoris	0	0	0.520098	0.536108	0	6.85355
NAGLIPASYN-PWY: lipid IVA biosynthesis|g__Bacteroides.s__Bacteroides_uniformis	4.55615	2.45803	9.18408	4.50904	14.7174	12.494
NAGLIPASYN-PWY: lipid IVA biosynthesis|g__Bacteroides.s__Bacteroides_uniformis_CAG_3	3.62329	2.05172	8.91672	3.74648	9.36308	7.47403
NAGLIPASYN-PWY: lipid IVA biosynthesis|g__Escherichia.s__Escherichia_coli	0	0	0	23.7351	0	0
NAGLIPASYN-PWY: lipid IVA biosynthesis|g__Oxalobacter.s__Oxalobacter_formigenes	0	0	0	1.24151	0	0
NAGLIPASYN-PWY: lipid IVA biosynthesis|g__Parasutterella.s__Parasutterella_excrementihominis	0	0	0	0	2.63442	0.781418
NAGLIPASYN-PWY: lipid IVA biosynthesis|unclassified	6.05831	2.1056	4.13014	4.63541	1.17143	2.71749
NONMEVIPP-PWY: methylerythritol phosphate pathway I	74.1867	17.5924	183.502	44.6918	47.3997	244.674
NONMEVIPP-PWY: methylerythritol phosphate pathway I|g__Bifidobacterium.s__Bifidobacterium_adolescentis	0	1.45354	0	0	0	18.1894
NONMEVIPP-PWY: methylerythritol phosphate pathway I|g__Bifidobacterium.s__Bifidobacterium_longum	0.188148	0	1.15349	0.271068	0.471737	1.2653
NONMEVIPP-PWY: methylerythritol phosphate pathway I|g__Bifidobacterium.s__Bifidobacterium_pseudocatenulatum	0	0	10.3528	1.70286	0	10.7477
NONMEVIPP-PWY: methylerythritol phosphate pathway I|unclassified	0	0	0	2.73745	0	0
NONOXIPENT-PWY: pentose phosphate pathway (non-oxidative branch)	343.484	370.628	287.817	364.122	217.622	241.468
NONOXIPENT-PWY: pentose phosphate pathway (non-oxidative branch)|g__Agathobaculum.s__Agathobaculum_butyriciproducens	1.33491	8.30457	1.04132	0.437472	2.09821	2.13699
NONOXIPENT-PWY: pentose phosphate pathway (non-oxidative branch)|g__Anaerostipes.s__Anaerostipes_hadrus	20.8284	0	10.8501	21.2388	10.1978	14.8226
NONOXIPENT-PWY: pentose phosphate pathway (non-oxidative branch)|g__Bacteroides.s__Bacteroides_cellulosilyticus	0	0	0	0	0	0.536563
NONOXIPENT-PWY: pentose phosphate pathway (non-oxidative branch)|g__Bacteroides.s__Bacteroides_fragilis	0	0	0	0	0	0.0283238
NONOXIPENT-PWY: pentose phosphate pathway (non-oxidative branch)|g__Bacteroides.s__Bacteroides_fragilis_CAG_47	0	0	0	0	0	0.549004
NONOXIPENT-PWY: pentose phosphate pathway (non-oxidative branch)|g__Bacteroides.s__Bacteroides_salyersiae	2.35776	0	1.09698	0.554436	0	0
NONOXIPENT-PWY: pentose phosphate pathway (non-oxidative branch)|g__Bacteroides.s__Bacteroides_xylanisolvens	0	0	1.51503	0	2.19981	2.59202
NONOXIPENT-PWY: pentose phosphate pathway (non-oxidative branch)|g__Blautia.s__Blautia_obeum	10.6363	49.134	8.33759	0	12.3469	6.40434
NONOXIPENT-PWY: pentose phosphate pathway (non-oxidative branch)|g__Blautia.s__Blautia_wexlerae	4.32468	0	0	14.3596	0	4.53736
NONOXIPENT-PWY: pentose phosphate pathway (non-oxidative branch)|g__Blautia.s__Ruminococcus_torques	0	16.3261	31.3546	20.7428	14.1228	8.16915
NONOXIPENT-PWY: pentose phosphate pathway (non-oxidative branch)|g__Butyrivibrio.s__Butyrivibrio_crossotus	0	0	9.84727	0	0	0
NONOXIPENT-PWY: pentose phosphate pathway (non-oxidative branch)|g__Butyrivibrio.s__Butyrivibrio_crossotus_CAG_259	0	0	6.24792	0	0	0
NONOXIPENT-PWY: pentose phosphate pathway (non-oxidative branch)|g__Butyrivibrio.s__Butyrivibrio_sp_CAG_318	0	3.48784	0	0	0	0
NONOXIPENT-PWY: pentose phosphate pathway (non-oxidative branch)|g__Clostridium.s__Clostridium_sp_CAG_632	0	0	8.10734	0	0	0
NONOXIPENT-PWY: pentose phosphate pathway (non-oxidative branch)|g__Coprococcus.s__Coprococcus_catus	0	3.5937	1.67078	1.8736	1.97934	2.94911
NONOXIPENT-PWY: pentose phosphate pathway (non-oxidative branch)|g__Coprococcus.s__Coprococcus_eutactus	0	0	0	6.23891	2.07979	3.17888
NONOXIPENT-PWY: pentose phosphate pathway (non-oxidative branch)|g__Desulfovibrio.s__Desulfovibrio_piger	0	5.37273	0	2.78159	0	0
NONOXIPENT-PWY: pentose phosphate pathway (non-oxidative branch)|g__Dorea.s__Dorea_longicatena	0	0.355152	0	0	0	0.21759
NONOXIPENT-PWY: pentose phosphate pathway (non-oxidative branch)|g__Escherichia.s__Escherichia_coli	0	0	0	69.1417	0	0
NONOXIPENT-PWY: pentose phosphate pathway (non-oxidative branch)|g__Eubacterium.s__Eubacterium_eligens	0	0	0	1.21113	0.0777115	0
NONOXIPENT-PWY: pentose phosphate pathway (non-oxidative branch)|g__Eubacterium.s__Eubacterium_eligens_CAG_72	1.50397	0	0	1.52488	0.206367	0.325856
NONOXIPENT-PWY: pentose phosphate pathway (non-oxidative branch)|g__Eubacterium.s__Eubacterium_hallii	6.07073	5.15827	6.70701	1.63702	3.81506	5.45245
NONOXIPENT-PWY: pentose phosphate pathway (non-oxidative branch)|g__Eubacterium.s__Eubacterium_hallii_CAG_12	4.70219	1.59723	8.17312	1.00782	2.85057	8.09609
NONOXIPENT-PWY: pentose phosphate pathway (non-oxidative branch)|g__Faecalibacterium.s__Faecalibacterium_prausnitzii	0	0	0	0.396956	0	0
NONOXIPENT-PWY: pentose phosphate pathway (non-oxidative branch)|g__Faecalitalea.s__Faecalitalea_cylindroides	0	2.2346	0	0	0	0
NONOXIPENT-PWY: pentose phosphate pathway (non-oxidative branch)|g__Fusicatenibacter.s__Fusicatenibacter_saccharivorans	10.0612	22.5213	7.32101	44.6182	17.0864	2.1624
NONOXIPENT-PWY: pentose phosphate pathway (non-oxidative branch)|g__Intestinibacter.s__Intestinibacter_bartlettii	0	0	0	0.616415	0	0
NONOXIPENT-PWY: pentose phosphate pathway (non-oxidative branch)|g__Lachnospira.s__Lachnospira_pectinoschiza	0	0	4.08122	0	0	0.604858
NONOXIPENT-PWY: pentose phosphate pathway (non-oxidative branch)|g__Lachnospiraceae_unclassified.s__Eubacterium_rectale	96.7765	0	0	14.1865	2.01014	0
NONOXIPENT-PWY: pentose phosphate pathway (non-oxidative branch)|g__Megamonas.s__Megamonas_funiformis	0	27.584	0	0	0	0
NONOXIPENT-PWY: pentose phosphate pathway (non-oxidative branch)|g__Oxalobacter.s__Oxalobacter_formigenes	0	0	0	1.37512	0	0
NONOXIPENT-PWY: pentose phosphate pathway (non-oxidative branch)|g__Parabacteroides.s__Parabacteroides_distasonis	5.07636	1.32127	5.30471	0.433854	14.996	3.40944
NONOXIPENT-PWY: pentose phosphate pathway (non-oxidative branch)|g__Roseburia.s__Roseburia_faecis	0	1.32917	23.191	0	0	19.3525
NONOXIPENT-PWY: pentose phosphate pathway (non-oxidative branch)|g__Roseburia.s__Roseburia_hominis	0	6.42539	0	3.18988	1.85471	0.916419
NONOXIPENT-PWY: pentose phosphate pathway (non-oxidative branch)|g__Roseburia.s__Roseburia_intestinalis	0	0.449315	0.496201	0	0	0
NONOXIPENT-PWY: pentose phosphate pathway (non-oxidative branch)|g__Roseburia.s__Roseburia_intestinalis_CAG_13	0	0	0.310372	0.166886	0	1.13216
NONOXIPENT-PWY: pentose phosphate pathway (non-oxidative branch)|g__Roseburia.s__Roseburia_inulinivorans	0.735019	4.26264	0	1.94643	0	2.34028
NONOXIPENT-PWY: pentose phosphate pathway (non-oxidative branch)|g__Roseburia.s__Roseburia_inulinivorans_CAG_15	0	0	0	0.190761	0	0.232149
NONOXIPENT-PWY: pentose phosphate pathway (non-oxidative branch)|g__Ruminococcaceae_unclassified.s__Eubacterium_siraeum	0	0	5.78742	3.87599	1.90738	25.8331
NONOXIPENT-PWY: pentose phosphate pathway (non-oxidative branch)|g__Streptococcus.s__Streptococcus_salivarius	0	0	0	0.106594	0	0
NONOXIPENT-PWY: pentose phosphate pathway (non-oxidative branch)|g__Streptococcus.s__Streptococcus_thermophilus	0	0	0	0.247193	0	0
NONOXIPENT-PWY: pentose phosphate pathway (non-oxidative branch)|g__Streptococcus.s__Streptococcus_thermophilus_CAG_236	0	0	0	0.17822	0	0
NONOXIPENT-PWY: pentose phosphate pathway (non-oxidative branch)|unclassified	69.9889	98.865	89.8506	63.7951	39.6507	46.226
OANTIGEN-PWY: O-antigen building blocks biosynthesis (E. coli)	159.79	387.234	226.077	241.6	212.873	307.215
OANTIGEN-PWY: O-antigen building blocks biosynthesis (E. coli)|g__Bifidobacterium.s__Bifidobacterium_adolescentis	0	0.521162	0	0	0	0
OANTIGEN-PWY: O-antigen building blocks biosynthesis (E. coli)|g__Bifidobacterium.s__Bifidobacterium_pseudocatenulatum	0	0	0	1.47858	0	9.4694
OANTIGEN-PWY: O-antigen building blocks biosynthesis (E. coli)|g__Eggerthella.s__Eggerthella_lenta	0	0	0	0	0.606437	0
OANTIGEN-PWY: O-antigen building blocks biosynthesis (E. coli)|g__Escherichia.s__Escherichia_coli	0	0	0	9.31568	0	0
OANTIGEN-PWY: O-antigen building blocks biosynthesis (E. coli)|g__Faecalitalea.s__Faecalitalea_cylindroides	0	1.8457	0	0	0	0
OANTIGEN-PWY: O-antigen building blocks biosynthesis (E. coli)|g__Oxalobacter.s__Oxalobacter_formigenes	0	0	0	1.01964	0	0
OANTIGEN-PWY: O-antigen building blocks biosynthesis (E. coli)|g__Parasutterella.s__Parasutterella_excrementihominis	0	0	0	0	0	0.633446
OANTIGEN-PWY: O-antigen building blocks biosynthesis (E. coli)|g__Streptococcus.s__Streptococcus_thermophilus	0	0	0	0.225971	0	0
OANTIGEN-PWY: O-antigen building blocks biosynthesis (E. coli)|unclassified	64.2397	156.347	84.5797	67.6832	55.6768	80.5567
ORNARGDEG-PWY: superpathway of L-arginine and L-ornithine degradation	0	0	0	0.226453	0.625146	0
ORNARGDEG-PWY: superpathway of L-arginine and L-ornithine degradation|unclassified	0	0	0	0.214154	0.530165	0
ORNDEG-PWY: superpathway of ornithine degradation	0	0	0	33.0474	1.70418	0
ORNDEG-PWY: superpathway of ornithine degradation|unclassified	0	0	0	3.84367	0.438638	0
P105-PWY: TCA cycle IV (2-oxoglutarate decarboxylase)	0	0	0	66.3276	2.87072	0
P105-PWY: TCA cycle IV (2-oxoglutarate decarboxylase)|g__Escherichia.s__Escherichia_coli	0	0	0	23.5569	0	0
P105-PWY: TCA cycle IV (2-oxoglutarate decarboxylase)|unclassified	0	0	0	4.55245	2.5095	0
P108-PWY: pyruvate fermentation to propanoate I	14.8658	44.3709	45.138	35.5165	131.985	47.8309
P108-PWY: pyruvate fermentation to propanoate I|unclassified	0.624736	9.62094	2.07898	2.27056	0.939445	0
P122-PWY: heterolactic fermentation	0	0	0	12.1363	0	0
P122-PWY: heterolactic fermentation|g__Escherichia.s__Escherichia_coli	0	0	0	9.36609	0	0
P124-PWY: Bifidobacterium shunt	16.9754	29.6289	64.2863	12.3572	10.561	119.551
P124-PWY: Bifidobacterium shunt|g__Bifidobacterium.s__Bifidobacterium_longum	4.94457	0	11.671	2.34773	3.57761	15.8068
P124-PWY: Bifidobacterium shunt|g__Bifidobacterium.s__Bifidobacterium_pseudocatenulatum	0	0	10.6755	1.49908	0	11.6188
P124-PWY: Bifidobacterium shunt|unclassified	0	20.8114	0	0	0	10.1823
P125-PWY: superpathway of (R,R)-butanediol biosynthesis	0	2.37312	0.320493	5.14716	0	0
P125-PWY: superpathway of (R,R)-butanediol biosynthesis|g__Streptococcus.s__Streptococcus_thermophilus	0	0	0	0.227659	0	0
P125-PWY: superpathway of (R,R)-butanediol biosynthesis|unclassified	0	0	0.320493	0.59664	0	0
P161-PWY: acetylene degradation	5.44539	13.9459	17.1984	80.7586	8.01435	9.87837
P161-PWY: acetylene degradation|g__Escherichia.s__Escherichia_coli	0	0	0	15.8655	0	0
P161-PWY: acetylene degradation|g__Flavonifractor.s__Flavonifractor_plautii	0	0.861618	0	0	0	0
P161-PWY: acetylene degradation|unclassified	3.55845	2.7046	10.9816	2.70875	1.87688	2.38555
P162-PWY: L-glutamate degradation V (via hydroxyglutarate)	0.560202	2.97947	2.43181	7.27978	4.15612	0.839124
P162-PWY: L-glutamate degradation V (via hydroxyglutarate)|unclassified	0.441739	1.31529	0	1.4875	0.315739	0
P163-PWY: L-lysine fermentation to acetate and butanoate	0	0	0	0	0.383089	0.425915
P163-PWY: L-lysine fermentation to acetate and butanoate|unclassified	0	0	0	0	0.373015	0.406327
P164-PWY: purine nucleobases degradation I (anaerobic)	36.9258	127.086	38.1316	85.4919	57.8565	47.5577
P164-PWY: purine nucleobases degradation I (anaerobic)|g__Desulfovibrio.s__Desulfovibrio_piger	0	9.0546	0	4.79338	0	0
P164-PWY: purine nucleobases degradation I (anaerobic)|unclassified	7.21416	37.9272	11.5405	18.4088	10.7892	9.69758
P185-PWY: formaldehyde assimilation III (dihydroxyacetone cycle)	26.79	15.1126	24.0305	15.2688	10.2749	29.0141
P185-PWY: formaldehyde assimilation III (dihydroxyacetone cycle)|g__Anaerostipes.s__Anaerostipes_hadrus	0	0	0	6.141	0	0
P185-PWY: formaldehyde assimilation III (dihydroxyacetone cycle)|unclassified	7.48684	2.55954	3.5853	2.26574	3.4855	3.2485
P221-PWY: octane oxidation	0	0	0	0.228141	0	0.293826
P221-PWY: octane oxidation|unclassified	0	0	0	0.2279	0	0.293296
P23-PWY: reductive TCA cycle I	0.706237	2.42537	1.07084	25.1278	0.451878	0
P23-PWY: reductive TCA cycle I|unclassified	0.663214	2.049	1.03542	0.388998	0.447273	0
P4-PWY: superpathway of L-lysine, L-threonine and L-methionine biosynthesis I	48.3316	25.0171	110.324	114.007	44.881	151.48
P4-PWY: superpathway of L-lysine, L-threonine and L-methionine biosynthesis I|g__Escherichia.s__Escherichia_coli	0	0	0	23.649	0	0
P4-PWY: superpathway of L-lysine, L-threonine and L-methionine biosynthesis I|unclassified	10.0921	11.5573	11.8723	16.8875	10.6787	7.30806
P42-PWY: incomplete reductive TCA cycle	5.17877	69.0315	55.6184	64.8164	45.0257	103.275
P42-PWY: incomplete reductive TCA cycle|unclassified	2.6168	6.84668	12.908	6.44294	16.7497	3.91953
P441-PWY: superpathway of N-acetylneuraminate degradation	23.5809	75.4607	54.7733	130.194	58.4183	60.3222
P441-PWY: superpathway of N-acetylneuraminate degradation|g__Escherichia.s__Escherichia_coli	0	0	0	24.463	0	0
P441-PWY: superpathway of N-acetylneuraminate degradation|unclassified	12.5281	15.7345	15.3746	8.76679	5.84937	7.46794
P461-PWY: hexitol fermentation to lactate, formate, ethanol and acetate	50.41	25.4267	33.9188	126.044	28.5469	49.241
P461-PWY: hexitol fermentation to lactate, formate, ethanol and acetate|g__Anaerostipes.s__Anaerostipes_hadrus	18.9972	0	8.71965	20.369	7.36273	16.9204
P461-PWY: hexitol fermentation to lactate, formate, ethanol and acetate|g__Escherichia.s__Escherichia_coli	0	0	0	42.4748	0	0
P461-PWY: hexitol fermentation to lactate, formate, ethanol and acetate|unclassified	19.3708	6.81756	9.36316	13.9576	6.3827	4.8161
P621-PWY: nylon-6 oligomer degradation	0.49476	0	0	0.901471	0	0
P621-PWY: nylon-6 oligomer degradation|unclassified	0.479914	0	0	0.233929	0	0
PANTO-PWY: phosphopantothenate biosynthesis I	398.108	398.472	371.165	349.07	405.583	351.289
PANTO-PWY: phosphopantothenate biosynthesis I|g__Agathobaculum.s__Agathobaculum_butyriciproducens	2.02539	11.37	2.44305	0.859991	3.41815	2.98908
PANTO-PWY: phosphopantothenate biosynthesis I|g__Akkermansia.s__Akkermansia_muciniphila	0	2.63847	0.960915	13.723	11.3821	12.6422
PANTO-PWY: phosphopantothenate biosynthesis I|g__Alistipes.s__Alistipes_finegoldii	3.88476	0	1.32273	18.458	50.0027	5.69572
PANTO-PWY: phosphopantothenate biosynthesis I|g__Alistipes.s__Alistipes_indistinctus	0	0	0	1.99756	1.32599	0.934684
PANTO-PWY: phosphopantothenate biosynthesis I|g__Alistipes.s__Alistipes_putredinis	0.248743	7.6193	4.56168	8.11734	47.3248	9.33281
PANTO-PWY: phosphopantothenate biosynthesis I|g__Alistipes.s__Alistipes_putredinis_CAG_67	0.192996	0.91768	0.743599	0.920041	4.6103	2.72782
PANTO-PWY: phosphopantothenate biosynthesis I|g__Alistipes.s__Alistipes_sp_An31A	0	1.15962	0	0	0	0
PANTO-PWY: phosphopantothenate biosynthesis I|g__Anaerostipes.s__Anaerostipes_hadrus	17.3808	0	7.24397	15.5124	6.0779	12.1077
PANTO-PWY: phosphopantothenate biosynthesis I|g__Bacteroides.s__Bacteroides_caccae	0.719265	0	0	1.16458	1.61928	0
PANTO-PWY: phosphopantothenate biosynthesis I|g__Bacteroides.s__Bacteroides_cellulosilyticus	4.10229	0	0	4.93759	0	4.86242
PANTO-PWY: phosphopantothenate biosynthesis I|g__Bacteroides.s__Bacteroides_clarus	0	0.784872	0	2.1003	2.68795	0
PANTO-PWY: phosphopantothenate biosynthesis I|g__Bacteroides.s__Bacteroides_coprocola	37.2857	0	0	0	0	0
PANTO-PWY: phosphopantothenate biosynthesis I|g__Bacteroides.s__Bacteroides_coprocola_CAG_162	42.9656	0	0	0	0	0
PANTO-PWY: phosphopantothenate biosynthesis I|g__Bacteroides.s__Bacteroides_dorei	0	0.976736	4.54678	4.65712	31.8036	20.0649
PANTO-PWY: phosphopantothenate biosynthesis I|g__Bacteroides.s__Bacteroides_eggerthii	0	0	8.32831	3.4513	33.9634	0
PANTO-PWY: phosphopantothenate biosynthesis I|g__Bacteroides.s__Bacteroides_faecis	0	0	0	0	1.48861	0
PANTO-PWY: phosphopantothenate biosynthesis I|g__Bacteroides.s__Bacteroides_finegoldii	0	0	0	0.4599	0	0
PANTO-PWY: phosphopantothenate biosynthesis I|g__Bacteroides.s__Bacteroides_fragilis	0	0	0	0	0	3.15241
PANTO-PWY: phosphopantothenate biosynthesis I|g__Bacteroides.s__Bacteroides_fragilis_CAG_47	0	0	0	0	0	0.170207
PANTO-PWY: phosphopantothenate biosynthesis I|g__Bacteroides.s__Bacteroides_massiliensis	8.03977	1.17295	6.2929	0	7.45742	0
PANTO-PWY: phosphopantothenate biosynthesis I|g__Bacteroides.s__Bacteroides_ovatus	11.1901	0	0	3.37075	8.67231	1.59592
PANTO-PWY: phosphopantothenate biosynthesis I|g__Bacteroides.s__Bacteroides_plebeius	0	3.03417	0	0.47027	0	0
PANTO-PWY: phosphopantothenate biosynthesis I|g__Bacteroides.s__Bacteroides_plebeius_CAG_211	0	1.12723	0	1.24826	0	0
PANTO-PWY: phosphopantothenate biosynthesis I|g__Bacteroides.s__Bacteroides_salyersiae	2.59984	0	1.85548	0.608457	0	0
PANTO-PWY: phosphopantothenate biosynthesis I|g__Bacteroides.s__Bacteroides_sp_CAG_144	0	0	2.64266	0	1.39334	0
PANTO-PWY: phosphopantothenate biosynthesis I|g__Bacteroides.s__Bacteroides_sp_CAG_598	0	9.83376	0	0	0	0
PANTO-PWY: phosphopantothenate biosynthesis I|g__Bacteroides.s__Bacteroides_sp_CAG_633	0	2.08791	0	0	0	0
PANTO-PWY: phosphopantothenate biosynthesis I|g__Bacteroides.s__Bacteroides_stercoris	0	0	1.09108	1.94547	0	8.50321
PANTO-PWY: phosphopantothenate biosynthesis I|g__Bacteroides.s__Bacteroides_thetaiotaomicron	4.062	0	4.21026	0	0	1.77275
PANTO-PWY: phosphopantothenate biosynthesis I|g__Bacteroides.s__Bacteroides_uniformis	3.34091	1.68132	8.50908	3.76795	9.46554	7.29615
PANTO-PWY: phosphopantothenate biosynthesis I|g__Bacteroides.s__Bacteroides_uniformis_CAG_3	3.51391	3.9513	9.0199	4.37592	12.0292	11.0259
PANTO-PWY: phosphopantothenate biosynthesis I|g__Bacteroides.s__Bacteroides_vulgatus	27.7096	6.7898	10.2209	2.57274	0	0
PANTO-PWY: phosphopantothenate biosynthesis I|g__Bacteroides.s__Bacteroides_vulgatus_CAG_6	18.364	3.15201	5.70224	1.6691	0	0
PANTO-PWY: phosphopantothenate biosynthesis I|g__Bacteroides.s__Bacteroides_xylanisolvens	0	0	1.87376	0	2.04784	2.89326
PANTO-PWY: phosphopantothenate biosynthesis I|g__Barnesiella.s__Barnesiella_intestinihominis	0.93771	0.650976	0.325834	1.53308	20.266	4.13368
PANTO-PWY: phosphopantothenate biosynthesis I|g__Barnesiella.s__Barnesiella_viscericola	0	0	5.27126	0	0	0
PANTO-PWY: phosphopantothenate biosynthesis I|g__Bilophila.s__Bilophila_wadsworthia	0	0	0	0	2.99132	0
PANTO-PWY: phosphopantothenate biosynthesis I|g__Blautia.s__Blautia_obeum	4.99789	17.698	7.81299	0	5.91874	3.4322
PANTO-PWY: phosphopantothenate biosynthesis I|g__Blautia.s__Blautia_wexlerae	5.87107	0	0	8.48921	0	3.56429
PANTO-PWY: phosphopantothenate biosynthesis I|g__Blautia.s__Ruminococcus_torques	0	5.31258	27.6071	27.0468	3.45125	2.49037
PANTO-PWY: phosphopantothenate biosynthesis I|g__Butyrivibrio.s__Butyrivibrio_crossotus	0	0	17.7817	0	0	0
PANTO-PWY: phosphopantothenate biosynthesis I|g__Butyrivibrio.s__Butyrivibrio_crossotus_CAG_259	0	0	3.7596	0	0	0
PANTO-PWY: phosphopantothenate biosynthesis I|g__Clostridium.s__Clostridium_sp_CAG_167	0	0	1.59656	0	0	0
PANTO-PWY: phosphopantothenate biosynthesis I|g__Clostridium.s__Clostridium_sp_CAG_253	0	0	0	0.353546	0	0
PANTO-PWY: phosphopantothenate biosynthesis I|g__Clostridium.s__Clostridium_sp_CAG_411	0	0	0.468931	0	0	0
PANTO-PWY: phosphopantothenate biosynthesis I|g__Clostridium.s__Clostridium_sp_CAG_632	0	0	10.1079	0	0	0
PANTO-PWY: phosphopantothenate biosynthesis I|g__Coprococcus.s__Coprococcus_comes	0.821671	1.08478	1.57688	0.897612	0.50311	0.158825
PANTO-PWY: phosphopantothenate biosynthesis I|g__Coprococcus.s__Coprococcus_comes_CAG_19	0.642309	0.524427	1.19482	2.09789	0.933689	1.04507
PANTO-PWY: phosphopantothenate biosynthesis I|g__Coprococcus.s__Coprococcus_eutactus	0	0	0	7.02366	2.83474	3.829
PANTO-PWY: phosphopantothenate biosynthesis I|g__Desulfovibrio.s__Desulfovibrio_piger	0	7.336	0	3.58731	0	0
PANTO-PWY: phosphopantothenate biosynthesis I|g__Dialister.s__Dialister_succinatiphilus	0	0	0	6.34165	0	0
PANTO-PWY: phosphopantothenate biosynthesis I|g__Dorea.s__Dorea_formicigenerans	0.224202	0.562528	0.421701	0	0.170677	0.25412
PANTO-PWY: phosphopantothenate biosynthesis I|g__Dorea.s__Dorea_longicatena	0	0	0.289568	0.284091	0.453317	0.305738
PANTO-PWY: phosphopantothenate biosynthesis I|g__Dorea.s__Dorea_longicatena_CAG_42	0	15.2699	0.876856	0.550336	1.40082	2.42128
PANTO-PWY: phosphopantothenate biosynthesis I|g__Escherichia.s__Escherichia_coli	0	0	0	25.4877	0	0
PANTO-PWY: phosphopantothenate biosynthesis I|g__Eubacterium.s__Eubacterium_hallii	2.42169	3.33598	2.31092	0.493422	1.59165	2.93905
PANTO-PWY: phosphopantothenate biosynthesis I|g__Eubacterium.s__Eubacterium_hallii_CAG_12	2.80041	0	4.40986	0.860473	2.01906	4.57018
PANTO-PWY: phosphopantothenate biosynthesis I|g__Eubacterium.s__Eubacterium_ramulus	0.798038	0	0.768901	3.29358	0.522682	0.841771
PANTO-PWY: phosphopantothenate biosynthesis I|g__Eubacterium.s__Eubacterium_sp_CAG_38	1.30128	0.607432	2.83748	0	0	0.541328
PANTO-PWY: phosphopantothenate biosynthesis I|g__Eubacterium.s__Eubacterium_ventriosum	0	0	0.43632	0.647284	0	0
PANTO-PWY: phosphopantothenate biosynthesis I|g__Intestinibacter.s__Intestinibacter_bartlettii	0	0	0	0.413596	0	0
PANTO-PWY: phosphopantothenate biosynthesis I|g__Lachnospiraceae_unclassified.s__Eubacterium_rectale	69.4172	0	0	2.85008	1.50069	0
PANTO-PWY: phosphopantothenate biosynthesis I|g__Megamonas.s__Megamonas_funiformis	0	8.23054	0	0	0	0
PANTO-PWY: phosphopantothenate biosynthesis I|g__Megamonas.s__Megamonas_funiformis_CAG_377	0	23.3674	0	0	0	0
PANTO-PWY: phosphopantothenate biosynthesis I|g__Megamonas.s__Megamonas_hypermegale	0	1.6356	0	0	0	0
PANTO-PWY: phosphopantothenate biosynthesis I|g__Monoglobus.s__Monoglobus_pectinilyticus	0	0	0	0	0	2.01602
PANTO-PWY: phosphopantothenate biosynthesis I|g__Odoribacter.s__Odoribacter_laneus	0	0	0.744442	0	0	0
PANTO-PWY: phosphopantothenate biosynthesis I|g__Odoribacter.s__Odoribacter_laneus_CAG_561	0	0	0.810228	0	0	0
PANTO-PWY: phosphopantothenate biosynthesis I|g__Oxalobacter.s__Oxalobacter_formigenes	0	0	0	0.889172	0	0
PANTO-PWY: phosphopantothenate biosynthesis I|g__Parabacteroides.s__Parabacteroides_distasonis	3.96898	1.53627	5.48239	0.278786	15.2286	3.15373
PANTO-PWY: phosphopantothenate biosynthesis I|g__Parabacteroides.s__Parabacteroides_goldsteinii	0	0	0.879949	0	0	0
PANTO-PWY: phosphopantothenate biosynthesis I|g__Parabacteroides.s__Parabacteroides_merdae	1.17858	0.628115	2.60695	1.02567	0	0
PANTO-PWY: phosphopantothenate biosynthesis I|g__Parabacteroides.s__Parabacteroides_sp_CAG_409	0	3.59207	0	0	0	0
PANTO-PWY: phosphopantothenate biosynthesis I|g__Paraprevotella.s__Paraprevotella_clara	0	0.875225	0	0	0	0
PANTO-PWY: phosphopantothenate biosynthesis I|g__Paraprevotella.s__Paraprevotella_clara_CAG_116	0	2.82652	0	0	0	0
PANTO-PWY: phosphopantothenate biosynthesis I|g__Paraprevotella.s__Paraprevotella_xylaniphila	2.24232	0	0	0	3.23539	0
PANTO-PWY: phosphopantothenate biosynthesis I|g__Parasutterella.s__Parasutterella_excrementihominis	0	0	0	0	2.76106	0.840713
PANTO-PWY: phosphopantothenate biosynthesis I|g__Phascolarctobacterium.s__Phascolarctobacterium_faecium	8.99444	0	0	0	0	0
PANTO-PWY: phosphopantothenate biosynthesis I|g__Prevotella.s__Prevotella_sp_CAG_279	0	4.46947	0	0	0	68.8233
PANTO-PWY: phosphopantothenate biosynthesis I|g__Prevotella.s__Prevotella_sp_CAG_485	0	0	0	3.88298	0	0
PANTO-PWY: phosphopantothenate biosynthesis I|g__Roseburia.s__Roseburia_faecis	0	0.77072	17.5962	0	0	18.7821
PANTO-PWY: phosphopantothenate biosynthesis I|g__Roseburia.s__Roseburia_hominis	0	7.43397	0	4.17551	1.81125	0.932566
PANTO-PWY: phosphopantothenate biosynthesis I|g__Roseburia.s__Roseburia_intestinalis	0	0.296912	0.245149	0.284815	0	0.972537
PANTO-PWY: phosphopantothenate biosynthesis I|g__Roseburia.s__Roseburia_intestinalis_CAG_13	0	0.224521	0.610904	0.231517	0	0.723182
PANTO-PWY: phosphopantothenate biosynthesis I|g__Ruminococcus.s__Ruminococcus_callidus	0	0	0	2.88191	0	0
PANTO-PWY: phosphopantothenate biosynthesis I|g__Ruminococcus.s__Ruminococcus_lactaris	0	0	0	10.0085	0.782295	0
PANTO-PWY: phosphopantothenate biosynthesis I|unclassified	45.8357	117.631	109.061	96.824	80.2149	73.7643
PANTOSYN-PWY: pantothenate and coenzyme A biosynthesis I	434.078	448.279	392.069	372.878	432.839	393.156
PANTOSYN-PWY: pantothenate and coenzyme A biosynthesis I|g__Agathobaculum.s__Agathobaculum_butyriciproducens	2.18688	10.4687	2.34269	0.554436	3.08399	2.63014
PANTOSYN-PWY: pantothenate and coenzyme A biosynthesis I|g__Akkermansia.s__Akkermansia_muciniphila	0	1.53409	0	7.93068	6.44976	9.4281
PANTOSYN-PWY: pantothenate and coenzyme A biosynthesis I|g__Alistipes.s__Alistipes_finegoldii	4.25954	0	1.96288	20.5952	52.5171	7.09497
PANTOSYN-PWY: pantothenate and coenzyme A biosynthesis I|g__Alistipes.s__Alistipes_indistinctus	0	0	0	2.22281	1.32426	0.896301
PANTOSYN-PWY: pantothenate and coenzyme A biosynthesis I|g__Alistipes.s__Alistipes_putredinis	0.353876	5.03445	4.78911	6.92744	44.6527	11.7919
PANTOSYN-PWY: pantothenate and coenzyme A biosynthesis I|g__Alistipes.s__Alistipes_putredinis_CAG_67	0.180271	1.40945	1.09164	1.28034	7.17593	3.53544
PANTOSYN-PWY: pantothenate and coenzyme A biosynthesis I|g__Alistipes.s__Alistipes_sp_An31A	0	1.35801	0	0	0	0
PANTOSYN-PWY: pantothenate and coenzyme A biosynthesis I|g__Anaerostipes.s__Anaerostipes_hadrus	12.2151	0	5.47761	12.5017	4.57807	9.72378
PANTOSYN-PWY: pantothenate and coenzyme A biosynthesis I|g__Bacteroides.s__Bacteroides_caccae	0.50597	0	0	1.07559	1.51969	0
PANTOSYN-PWY: pantothenate and coenzyme A biosynthesis I|g__Bacteroides.s__Bacteroides_cellulosilyticus	3.52179	0	0	4.99113	0	4.78724
PANTOSYN-PWY: pantothenate and coenzyme A biosynthesis I|g__Bacteroides.s__Bacteroides_clarus	0	0.760107	0	1.83574	2.4459	0
PANTOSYN-PWY: pantothenate and coenzyme A biosynthesis I|g__Bacteroides.s__Bacteroides_coprocola	18.108	0	0	0	0	0
PANTOSYN-PWY: pantothenate and coenzyme A biosynthesis I|g__Bacteroides.s__Bacteroides_coprocola_CAG_162	55.8624	0	0	0	0	0
PANTOSYN-PWY: pantothenate and coenzyme A biosynthesis I|g__Bacteroides.s__Bacteroides_dorei	0	1.1041	4.25946	4.73067	30.8759	20.2944
PANTOSYN-PWY: pantothenate and coenzyme A biosynthesis I|g__Bacteroides.s__Bacteroides_eggerthii	0	0	7.30133	3.30636	31.0406	0
PANTOSYN-PWY: pantothenate and coenzyme A biosynthesis I|g__Bacteroides.s__Bacteroides_faecis	0	0	0	0	1.37175	0
PANTOSYN-PWY: pantothenate and coenzyme A biosynthesis I|g__Bacteroides.s__Bacteroides_finegoldii	0	0	0	0.489563	0	0
PANTOSYN-PWY: pantothenate and coenzyme A biosynthesis I|g__Bacteroides.s__Bacteroides_fragilis	0	0	0	0	0	2.22752
PANTOSYN-PWY: pantothenate and coenzyme A biosynthesis I|g__Bacteroides.s__Bacteroides_fragilis_CAG_47	0	0	0	0	0	0.338297
PANTOSYN-PWY: pantothenate and coenzyme A biosynthesis I|g__Bacteroides.s__Bacteroides_massiliensis	7.85616	0.398695	5.28756	0	6.77558	0
PANTOSYN-PWY: pantothenate and coenzyme A biosynthesis I|g__Bacteroides.s__Bacteroides_ovatus	10.8065	0	0	3.55452	9.86101	1.81219
PANTOSYN-PWY: pantothenate and coenzyme A biosynthesis I|g__Bacteroides.s__Bacteroides_plebeius	0	1.84543	0	0.584582	0	0
PANTOSYN-PWY: pantothenate and coenzyme A biosynthesis I|g__Bacteroides.s__Bacteroides_plebeius_CAG_211	0	0	0	1.25622	0	0
PANTOSYN-PWY: pantothenate and coenzyme A biosynthesis I|g__Bacteroides.s__Bacteroides_salyersiae	2.37927	0	1.58335	0.736274	0	0
PANTOSYN-PWY: pantothenate and coenzyme A biosynthesis I|g__Bacteroides.s__Bacteroides_sp_CAG_144	0	0	2.96849	0	1.64777	0
PANTOSYN-PWY: pantothenate and coenzyme A biosynthesis I|g__Bacteroides.s__Bacteroides_sp_CAG_598	0	9.09706	0	0	0	0
PANTOSYN-PWY: pantothenate and coenzyme A biosynthesis I|g__Bacteroides.s__Bacteroides_sp_CAG_633	0	1.30059	0	0	0	0
PANTOSYN-PWY: pantothenate and coenzyme A biosynthesis I|g__Bacteroides.s__Bacteroides_stercoris	0	0	0.945734	1.31049	0	7.96639
PANTOSYN-PWY: pantothenate and coenzyme A biosynthesis I|g__Bacteroides.s__Bacteroides_thetaiotaomicron	4.16501	0	4.11018	0	0	1.88049
PANTOSYN-PWY: pantothenate and coenzyme A biosynthesis I|g__Bacteroides.s__Bacteroides_uniformis	4.13774	2.11866	8.76631	3.85163	10.2234	8.44736
PANTOSYN-PWY: pantothenate and coenzyme A biosynthesis I|g__Bacteroides.s__Bacteroides_uniformis_CAG_3	2.01449	2.25474	7.5431	2.64171	8.32952	7.32076
PANTOSYN-PWY: pantothenate and coenzyme A biosynthesis I|g__Bacteroides.s__Bacteroides_vulgatus	27.3863	6.06452	9.49136	2.75313	0	0
PANTOSYN-PWY: pantothenate and coenzyme A biosynthesis I|g__Bacteroides.s__Bacteroides_vulgatus_CAG_6	13.7281	2.86516	4.18946	1.46266	0	0
PANTOSYN-PWY: pantothenate and coenzyme A biosynthesis I|g__Bacteroides.s__Bacteroides_xylanisolvens	0	0	1.25329	0	1.19215	2.37496
PANTOSYN-PWY: pantothenate and coenzyme A biosynthesis I|g__Barnesiella.s__Barnesiella_intestinihominis	1.02042	0.741056	0	1.21571	20.0156	3.68024
PANTOSYN-PWY: pantothenate and coenzyme A biosynthesis I|g__Barnesiella.s__Barnesiella_viscericola	0	0	5.46496	0	0	0
PANTOSYN-PWY: pantothenate and coenzyme A biosynthesis I|g__Blautia.s__Blautia_obeum	7.40291	24.9281	9.43316	0	7.69804	4.54265
PANTOSYN-PWY: pantothenate and coenzyme A biosynthesis I|g__Blautia.s__Blautia_wexlerae	2.47925	0	0	8.2794	0	0
PANTOSYN-PWY: pantothenate and coenzyme A biosynthesis I|g__Blautia.s__Ruminococcus_torques	0	8.1753	28.5497	15.7651	1.777	2.02819
PANTOSYN-PWY: pantothenate and coenzyme A biosynthesis I|g__Butyrivibrio.s__Butyrivibrio_crossotus	0	0	14.3547	0	0	0
PANTOSYN-PWY: pantothenate and coenzyme A biosynthesis I|g__Butyrivibrio.s__Butyrivibrio_crossotus_CAG_259	0	0	1.97243	0	0	0
PANTOSYN-PWY: pantothenate and coenzyme A biosynthesis I|g__Clostridium.s__Clostridium_sp_CAG_411	0	0	0.485237	0	0	0
PANTOSYN-PWY: pantothenate and coenzyme A biosynthesis I|g__Clostridium.s__Clostridium_sp_CAG_632	0	0	9.03676	0	0	0
PANTOSYN-PWY: pantothenate and coenzyme A biosynthesis I|g__Coprococcus.s__Coprococcus_comes	0.266316	1.195	0.463027	0.741579	0.564416	0.279532
PANTOSYN-PWY: pantothenate and coenzyme A biosynthesis I|g__Coprococcus.s__Coprococcus_comes_CAG_19	0.704419	0.632742	1.76158	2.5069	0.834967	0.98842
PANTOSYN-PWY: pantothenate and coenzyme A biosynthesis I|g__Desulfovibrio.s__Desulfovibrio_piger	0	6.43111	0	3.14164	0	0
PANTOSYN-PWY: pantothenate and coenzyme A biosynthesis I|g__Dialister.s__Dialister_succinatiphilus	0	0	0	5.86077	0	0
PANTOSYN-PWY: pantothenate and coenzyme A biosynthesis I|g__Dorea.s__Dorea_formicigenerans	0.282676	0.65533	0.327802	0	0	0
PANTOSYN-PWY: pantothenate and coenzyme A biosynthesis I|g__Dorea.s__Dorea_longicatena	0	0	0.35704	0.187867	0.575928	0.46721
PANTOSYN-PWY: pantothenate and coenzyme A biosynthesis I|g__Dorea.s__Dorea_longicatena_CAG_42	0	14.0703	0.618213	0.199925	0.864036	1.84316
PANTOSYN-PWY: pantothenate and coenzyme A biosynthesis I|g__Escherichia.s__Escherichia_coli	0	0	0	19.3903	0	0
PANTOSYN-PWY: pantothenate and coenzyme A biosynthesis I|g__Eubacterium.s__Eubacterium_hallii	2.71375	0	0	0	0.737395	0.347562
PANTOSYN-PWY: pantothenate and coenzyme A biosynthesis I|g__Eubacterium.s__Eubacterium_ramulus	0.785313	0	0.707333	1.8818	0	0.781418
PANTOSYN-PWY: pantothenate and coenzyme A biosynthesis I|g__Eubacterium.s__Eubacterium_ventriosum	0	0	0.601064	0.651625	0	0
PANTOSYN-PWY: pantothenate and coenzyme A biosynthesis I|g__Lachnospiraceae_unclassified.s__Eubacterium_rectale	72.1425	0	0	5.39098	1.69238	0
PANTOSYN-PWY: pantothenate and coenzyme A biosynthesis I|g__Megamonas.s__Megamonas_funiformis	0	3.39667	0	0	0	0
PANTOSYN-PWY: pantothenate and coenzyme A biosynthesis I|g__Monoglobus.s__Monoglobus_pectinilyticus	0	0	0	0	0	2.00834
PANTOSYN-PWY: pantothenate and coenzyme A biosynthesis I|g__Odoribacter.s__Odoribacter_laneus	0	0	1.03513	0	0	0
PANTOSYN-PWY: pantothenate and coenzyme A biosynthesis I|g__Odoribacter.s__Odoribacter_laneus_CAG_561	0	0	0.591787	0	0	0
PANTOSYN-PWY: pantothenate and coenzyme A biosynthesis I|g__Oxalobacter.s__Oxalobacter_formigenes	0	0	0	1.00155	0	0
PANTOSYN-PWY: pantothenate and coenzyme A biosynthesis I|g__Parabacteroides.s__Parabacteroides_distasonis	3.86991	1.0807	4.64489	0.24454	13.9694	3.11773
PANTOSYN-PWY: pantothenate and coenzyme A biosynthesis I|g__Parabacteroides.s__Parabacteroides_goldsteinii	0	0	0.720265	0	0	0
PANTOSYN-PWY: pantothenate and coenzyme A biosynthesis I|g__Parabacteroides.s__Parabacteroides_merdae	1.2731	0.413119	2.57547	0.81224	0	0
PANTOSYN-PWY: pantothenate and coenzyme A biosynthesis I|g__Parabacteroides.s__Parabacteroides_sp_CAG_409	0	3.45191	0	0	0	0
PANTOSYN-PWY: pantothenate and coenzyme A biosynthesis I|g__Paraprevotella.s__Paraprevotella_clara	0	0.933736	0	0	0	0
PANTOSYN-PWY: pantothenate and coenzyme A biosynthesis I|g__Paraprevotella.s__Paraprevotella_clara_CAG_116	0	2.23487	0	0	0	0
PANTOSYN-PWY: pantothenate and coenzyme A biosynthesis I|g__Paraprevotella.s__Paraprevotella_xylaniphila	2.39351	0	0	0	3.21265	0
PANTOSYN-PWY: pantothenate and coenzyme A biosynthesis I|g__Phascolarctobacterium.s__Phascolarctobacterium_faecium	8.86083	0	0	0	0	0
PANTOSYN-PWY: pantothenate and coenzyme A biosynthesis I|g__Prevotella.s__Prevotella_sp_CAG_279	0	3.81469	0	0	0	65.5404
PANTOSYN-PWY: pantothenate and coenzyme A biosynthesis I|g__Prevotella.s__Prevotella_sp_CAG_485	0	0	0	3.53209	0	0
PANTOSYN-PWY: pantothenate and coenzyme A biosynthesis I|g__Roseburia.s__Roseburia_faecis	0	1.01184	17.8371	0	0	18.7585
PANTOSYN-PWY: pantothenate and coenzyme A biosynthesis I|g__Roseburia.s__Roseburia_hominis	0	6.45152	0	3.6546	1.44745	0.802859
PANTOSYN-PWY: pantothenate and coenzyme A biosynthesis I|g__Roseburia.s__Roseburia_intestinalis	0	0	0.304468	0	0	0.805771
PANTOSYN-PWY: pantothenate and coenzyme A biosynthesis I|g__Roseburia.s__Roseburia_intestinalis_CAG_13	0	0	0.345795	0.28385	0	0.794918
PANTOSYN-PWY: pantothenate and coenzyme A biosynthesis I|g__Ruminococcus.s__Ruminococcus_callidus	0	0	0	3.01021	0	0
PANTOSYN-PWY: pantothenate and coenzyme A biosynthesis I|g__Ruminococcus.s__Ruminococcus_lactaris	0	0	0	8.90233	0.474328	0
PANTOSYN-PWY: pantothenate and coenzyme A biosynthesis I|unclassified	41.9785	121.063	123.946	106.892	83.0235	85.0684
PENTOSE-P-PWY: pentose phosphate pathway	140.316	86.1862	147.531	108.011	157.215	159.041
PENTOSE-P-PWY: pentose phosphate pathway|g__Bacteroides.s__Bacteroides_fragilis	0	0	0	0	0	0.0375885
PENTOSE-P-PWY: pentose phosphate pathway|g__Bacteroides.s__Bacteroides_fragilis_CAG_47	0	0	0	0	0	0.490239
PENTOSE-P-PWY: pentose phosphate pathway|g__Bacteroides.s__Bacteroides_xylanisolvens	0	0	1.24008	0	1.17949	1.29019
PENTOSE-P-PWY: pentose phosphate pathway|g__Escherichia.s__Escherichia_coli	0	0	0	23.3423	0	0
PENTOSE-P-PWY: pentose phosphate pathway|g__Parabacteroides.s__Parabacteroides_distasonis	3.95656	1.10165	4.90944	0.433372	13.9524	3.06399
PENTOSE-P-PWY: pentose phosphate pathway|unclassified	4.04564	8.05174	7.26309	10.9838	7.44764	6.63252
PEPTIDOGLYCANSYN-PWY: peptidoglycan biosynthesis I (meso-diaminopimelate containing)	553.357	731.174	560.197	564.938	651.103	575.389
PEPTIDOGLYCANSYN-PWY: peptidoglycan biosynthesis I (meso-diaminopimelate containing)|g__Agathobaculum.s__Agathobaculum_butyriciproducens	1.96753	8.62815	1.92858	0	2.04957	2.17828
PEPTIDOGLYCANSYN-PWY: peptidoglycan biosynthesis I (meso-diaminopimelate containing)|g__Akkermansia.s__Akkermansia_muciniphila	0	1.82257	0.926617	11.3675	10.5492	12.9103
PEPTIDOGLYCANSYN-PWY: peptidoglycan biosynthesis I (meso-diaminopimelate containing)|g__Alistipes.s__Alistipes_finegoldii	3.27608	0	3.40959	23.0254	41.742	10.0189
PEPTIDOGLYCANSYN-PWY: peptidoglycan biosynthesis I (meso-diaminopimelate containing)|g__Alistipes.s__Alistipes_indistinctus	0	0	0	1.97465	1.65439	0.801006
PEPTIDOGLYCANSYN-PWY: peptidoglycan biosynthesis I (meso-diaminopimelate containing)|g__Alistipes.s__Alistipes_putredinis	0.725627	5.93471	4.11018	5.72475	35.5944	11.5082
PEPTIDOGLYCANSYN-PWY: peptidoglycan biosynthesis I (meso-diaminopimelate containing)|g__Alistipes.s__Alistipes_putredinis_CAG_67	0.467492	4.44552	3.18412	2.33133	14.1262	8.2798
PEPTIDOGLYCANSYN-PWY: peptidoglycan biosynthesis I (meso-diaminopimelate containing)|g__Alistipes.s__Alistipes_sp_An31A	0	1.4187	0	0	0	0
PEPTIDOGLYCANSYN-PWY: peptidoglycan biosynthesis I (meso-diaminopimelate containing)|g__Anaerostipes.s__Anaerostipes_hadrus	15.4999	0	6.427	14.2253	4.97411	10.636
PEPTIDOGLYCANSYN-PWY: peptidoglycan biosynthesis I (meso-diaminopimelate containing)|g__Bacteroides.s__Bacteroides_caccae	0.828639	0	0	1.20847	1.65612	0
PEPTIDOGLYCANSYN-PWY: peptidoglycan biosynthesis I (meso-diaminopimelate containing)|g__Bacteroides.s__Bacteroides_cellulosilyticus	4.02291	0	0	5.10327	0	5.26345
PEPTIDOGLYCANSYN-PWY: peptidoglycan biosynthesis I (meso-diaminopimelate containing)|g__Bacteroides.s__Bacteroides_clarus	0	0.62866	0	1.57142	2.14455	0
PEPTIDOGLYCANSYN-PWY: peptidoglycan biosynthesis I (meso-diaminopimelate containing)|g__Bacteroides.s__Bacteroides_coprocola	47.0446	0	0	0	0	0
PEPTIDOGLYCANSYN-PWY: peptidoglycan biosynthesis I (meso-diaminopimelate containing)|g__Bacteroides.s__Bacteroides_coprocola_CAG_162	37.3021	0	0	0	0	0
PEPTIDOGLYCANSYN-PWY: peptidoglycan biosynthesis I (meso-diaminopimelate containing)|g__Bacteroides.s__Bacteroides_dorei	0	1.18819	4.37107	4.73598	33.9421	22.5836
PEPTIDOGLYCANSYN-PWY: peptidoglycan biosynthesis I (meso-diaminopimelate containing)|g__Bacteroides.s__Bacteroides_eggerthii	0	0	8.99628	3.50484	30.3653	0
PEPTIDOGLYCANSYN-PWY: peptidoglycan biosynthesis I (meso-diaminopimelate containing)|g__Bacteroides.s__Bacteroides_faecis	0	0	0	0	1.61928	0
PEPTIDOGLYCANSYN-PWY: peptidoglycan biosynthesis I (meso-diaminopimelate containing)|g__Bacteroides.s__Bacteroides_finegoldii	0	0	0	0.50138	0	0
PEPTIDOGLYCANSYN-PWY: peptidoglycan biosynthesis I (meso-diaminopimelate containing)|g__Bacteroides.s__Bacteroides_fragilis	0	0	0	0	0	1.78466
PEPTIDOGLYCANSYN-PWY: peptidoglycan biosynthesis I (meso-diaminopimelate containing)|g__Bacteroides.s__Bacteroides_fragilis_CAG_47	0	0	0	0	0	0.861095
PEPTIDOGLYCANSYN-PWY: peptidoglycan biosynthesis I (meso-diaminopimelate containing)|g__Bacteroides.s__Bacteroides_massiliensis	9.03232	1.01157	6.63391	0	7.05793	0
PEPTIDOGLYCANSYN-PWY: peptidoglycan biosynthesis I (meso-diaminopimelate containing)|g__Bacteroides.s__Bacteroides_ovatus	10.4899	0	0	3.13248	13.6686	2.18331
PEPTIDOGLYCANSYN-PWY: peptidoglycan biosynthesis I (meso-diaminopimelate containing)|g__Bacteroides.s__Bacteroides_plebeius	0	1.64731	0	0.359817	0	0
PEPTIDOGLYCANSYN-PWY: peptidoglycan biosynthesis I (meso-diaminopimelate containing)|g__Bacteroides.s__Bacteroides_plebeius_CAG_211	0	1.20915	0	0.969479	0	0
PEPTIDOGLYCANSYN-PWY: peptidoglycan biosynthesis I (meso-diaminopimelate containing)|g__Bacteroides.s__Bacteroides_salyersiae	2.55166	0	1.745	0.621721	0	0
PEPTIDOGLYCANSYN-PWY: peptidoglycan biosynthesis I (meso-diaminopimelate containing)|g__Bacteroides.s__Bacteroides_sp_CAG_598	0	7.54718	0	0	0	0
PEPTIDOGLYCANSYN-PWY: peptidoglycan biosynthesis I (meso-diaminopimelate containing)|g__Bacteroides.s__Bacteroides_stercoris	0	0	0.809384	1.28878	0	6.89141
PEPTIDOGLYCANSYN-PWY: peptidoglycan biosynthesis I (meso-diaminopimelate containing)|g__Bacteroides.s__Bacteroides_thetaiotaomicron	4.33316	0	4.47087	0	0	1.98028
PEPTIDOGLYCANSYN-PWY: peptidoglycan biosynthesis I (meso-diaminopimelate containing)|g__Bacteroides.s__Bacteroides_uniformis	3.43666	2.76447	9.22709	3.09823	11.7595	10.0994
PEPTIDOGLYCANSYN-PWY: peptidoglycan biosynthesis I (meso-diaminopimelate containing)|g__Bacteroides.s__Bacteroides_uniformis_CAG_3	3.38212	1.96245	7.29795	3.33602	8.17928	7.53253
PEPTIDOGLYCANSYN-PWY: peptidoglycan biosynthesis I (meso-diaminopimelate containing)|g__Bacteroides.s__Bacteroides_vulgatus	25.0131	5.97825	7.56925	2.28527	0	0
PEPTIDOGLYCANSYN-PWY: peptidoglycan biosynthesis I (meso-diaminopimelate containing)|g__Bacteroides.s__Bacteroides_vulgatus_CAG_6	22.9547	5.30932	7.56897	2.28093	0	0
PEPTIDOGLYCANSYN-PWY: peptidoglycan biosynthesis I (meso-diaminopimelate containing)|g__Bacteroides.s__Bacteroides_xylanisolvens	0	0	1.53668	0	1.12394	2.09781
PEPTIDOGLYCANSYN-PWY: peptidoglycan biosynthesis I (meso-diaminopimelate containing)|g__Barnesiella.s__Barnesiella_intestinihominis	0.919229	0.832498	0.355915	1.19352	20.8906	3.65032
PEPTIDOGLYCANSYN-PWY: peptidoglycan biosynthesis I (meso-diaminopimelate containing)|g__Barnesiella.s__Barnesiella_viscericola	0	0	4.93812	0	0	0
PEPTIDOGLYCANSYN-PWY: peptidoglycan biosynthesis I (meso-diaminopimelate containing)|g__Bifidobacterium.s__Bifidobacterium_adolescentis	0	1.83645	0	0	0	17.6849
PEPTIDOGLYCANSYN-PWY: peptidoglycan biosynthesis I (meso-diaminopimelate containing)|g__Bifidobacterium.s__Bifidobacterium_longum	1.92571	0.0791948	5.54171	0.502827	0.785174	7.31229
PEPTIDOGLYCANSYN-PWY: peptidoglycan biosynthesis I (meso-diaminopimelate containing)|g__Bifidobacterium.s__Bifidobacterium_longum_CAG_69	3.49422	0.0751126	5.27604	1.97537	2.43208	6.52664
PEPTIDOGLYCANSYN-PWY: peptidoglycan biosynthesis I (meso-diaminopimelate containing)|g__Bifidobacterium.s__Bifidobacterium_pseudocatenulatum	0	0	9.13432	1.29264	0	8.32242
PEPTIDOGLYCANSYN-PWY: peptidoglycan biosynthesis I (meso-diaminopimelate containing)|g__Bilophila.s__Bilophila_wadsworthia	0	0	0	0	2.57887	0
PEPTIDOGLYCANSYN-PWY: peptidoglycan biosynthesis I (meso-diaminopimelate containing)|g__Blautia.s__Blautia_obeum	14.1647	51.1495	13.0286	0	14.4327	8.24036
PEPTIDOGLYCANSYN-PWY: peptidoglycan biosynthesis I (meso-diaminopimelate containing)|g__Blautia.s__Blautia_wexlerae	4.95456	0	0	8.90763	0	3.82768
PEPTIDOGLYCANSYN-PWY: peptidoglycan biosynthesis I (meso-diaminopimelate containing)|g__Blautia.s__Ruminococcus_torques	0	19.9165	30.6661	28.269	10.3932	7.11879
PEPTIDOGLYCANSYN-PWY: peptidoglycan biosynthesis I (meso-diaminopimelate containing)|g__Butyricimonas.s__Butyricimonas_virosa	0	0.513541	0	0.585305	0	0
PEPTIDOGLYCANSYN-PWY: peptidoglycan biosynthesis I (meso-diaminopimelate containing)|g__Butyrivibrio.s__Butyrivibrio_crossotus	0	0	10.3733	0	0	0
PEPTIDOGLYCANSYN-PWY: peptidoglycan biosynthesis I (meso-diaminopimelate containing)|g__Butyrivibrio.s__Butyrivibrio_crossotus_CAG_259	0	0	3.91704	0	0	0
PEPTIDOGLYCANSYN-PWY: peptidoglycan biosynthesis I (meso-diaminopimelate containing)|g__Butyrivibrio.s__Butyrivibrio_sp_CAG_318	0	3.19256	0	0	0	0
PEPTIDOGLYCANSYN-PWY: peptidoglycan biosynthesis I (meso-diaminopimelate containing)|g__Clostridium.s__Clostridium_sp_CAG_253	0	0	0	0.499933	0	0
PEPTIDOGLYCANSYN-PWY: peptidoglycan biosynthesis I (meso-diaminopimelate containing)|g__Clostridium.s__Clostridium_sp_CAG_411	0	0	0.391619	0	0	0
PEPTIDOGLYCANSYN-PWY: peptidoglycan biosynthesis I (meso-diaminopimelate containing)|g__Clostridium.s__Clostridium_sp_CAG_58	0	0.933192	0	0	0	0
PEPTIDOGLYCANSYN-PWY: peptidoglycan biosynthesis I (meso-diaminopimelate containing)|g__Clostridium.s__Clostridium_sp_CAG_632	0	0	7.66202	0	0	0
PEPTIDOGLYCANSYN-PWY: peptidoglycan biosynthesis I (meso-diaminopimelate containing)|g__Coprobacter.s__Coprobacter_fastidiosus	0	0	0	0	0	0.332473
PEPTIDOGLYCANSYN-PWY: peptidoglycan biosynthesis I (meso-diaminopimelate containing)|g__Coprococcus.s__Coprococcus_catus	0.54566	3.53873	1.34972	1.91315	1.65727	2.59652
PEPTIDOGLYCANSYN-PWY: peptidoglycan biosynthesis I (meso-diaminopimelate containing)|g__Coprococcus.s__Coprococcus_comes	1.35097	1.01674	1.71154	2.88914	0.892243	0.92039
PEPTIDOGLYCANSYN-PWY: peptidoglycan biosynthesis I (meso-diaminopimelate containing)|g__Coprococcus.s__Coprococcus_comes_CAG_19	0.124826	0.704044	1.02614	2.5696	0.250691	0.667594
PEPTIDOGLYCANSYN-PWY: peptidoglycan biosynthesis I (meso-diaminopimelate containing)|g__Coprococcus.s__Coprococcus_eutactus	0	0	0	4.79579	2.46863	1.41407
PEPTIDOGLYCANSYN-PWY: peptidoglycan biosynthesis I (meso-diaminopimelate containing)|g__Desulfovibrio.s__Desulfovibrio_piger	0	4.55874	0	2.46397	0	0
PEPTIDOGLYCANSYN-PWY: peptidoglycan biosynthesis I (meso-diaminopimelate containing)|g__Dialister.s__Dialister_invisus	0	0	0	0	11.8709	0
PEPTIDOGLYCANSYN-PWY: peptidoglycan biosynthesis I (meso-diaminopimelate containing)|g__Dialister.s__Dialister_invisus_CAG_218	0	0	0	0	8.76557	0
PEPTIDOGLYCANSYN-PWY: peptidoglycan biosynthesis I (meso-diaminopimelate containing)|g__Dialister.s__Dialister_sp_CAG_357	0	0	0	0	0	8.51936
PEPTIDOGLYCANSYN-PWY: peptidoglycan biosynthesis I (meso-diaminopimelate containing)|g__Dialister.s__Dialister_succinatiphilus	0	0	0	5.56799	0	0
PEPTIDOGLYCANSYN-PWY: peptidoglycan biosynthesis I (meso-diaminopimelate containing)|g__Dorea.s__Dorea_formicigenerans	0.116949	1.77522	0.0559456	0	0.149667	0.339356
PEPTIDOGLYCANSYN-PWY: peptidoglycan biosynthesis I (meso-diaminopimelate containing)|g__Dorea.s__Dorea_formicigenerans_CAG_28	0.331153	2.02124	0.180207	0	0.238891	0.331679
PEPTIDOGLYCANSYN-PWY: peptidoglycan biosynthesis I (meso-diaminopimelate containing)|g__Dorea.s__Dorea_longicatena	0	0	0.499856	0.244058	0.681271	0.681094
PEPTIDOGLYCANSYN-PWY: peptidoglycan biosynthesis I (meso-diaminopimelate containing)|g__Dorea.s__Dorea_longicatena_CAG_42	0	16.1555	1.01068	0.444224	1.44975	2.16213
PEPTIDOGLYCANSYN-PWY: peptidoglycan biosynthesis I (meso-diaminopimelate containing)|g__Dorea.s__Dorea_sp_CAG_317	0	1.24507	0	0	0	0
PEPTIDOGLYCANSYN-PWY: peptidoglycan biosynthesis I (meso-diaminopimelate containing)|g__Eggerthella.s__Eggerthella_lenta	0	0	0	0	0.625721	0
PEPTIDOGLYCANSYN-PWY: peptidoglycan biosynthesis I (meso-diaminopimelate containing)|g__Escherichia.s__Escherichia_coli	0	0	0	22.2035	0	0
PEPTIDOGLYCANSYN-PWY: peptidoglycan biosynthesis I (meso-diaminopimelate containing)|g__Eubacterium.s__Eubacterium_eligens	4.73369	0	0.364349	1.34835	0.281488	0.145854
PEPTIDOGLYCANSYN-PWY: peptidoglycan biosynthesis I (meso-diaminopimelate containing)|g__Eubacterium.s__Eubacterium_eligens_CAG_72	4.68128	0	0.428167	1.39586	0.238315	0.16809
PEPTIDOGLYCANSYN-PWY: peptidoglycan biosynthesis I (meso-diaminopimelate containing)|g__Eubacterium.s__Eubacterium_hallii	1.73938	0	0	0	0.618814	0.0825889
PEPTIDOGLYCANSYN-PWY: peptidoglycan biosynthesis I (meso-diaminopimelate containing)|g__Eubacterium.s__Eubacterium_hallii_CAG_12	1.92784	0	4.49814	0.724698	1.50185	3.9235
PEPTIDOGLYCANSYN-PWY: peptidoglycan biosynthesis I (meso-diaminopimelate containing)|g__Eubacterium.s__Eubacterium_ramulus	0.869541	0	1.12791	3.27163	0	1.22772
PEPTIDOGLYCANSYN-PWY: peptidoglycan biosynthesis I (meso-diaminopimelate containing)|g__Eubacterium.s__Eubacterium_sp_CAG_274	0	0	3.53666	0	0	0
PEPTIDOGLYCANSYN-PWY: peptidoglycan biosynthesis I (meso-diaminopimelate containing)|g__Eubacterium.s__Eubacterium_sp_CAG_38	0.968917	0.450131	2.16417	0	0	0
PEPTIDOGLYCANSYN-PWY: peptidoglycan biosynthesis I (meso-diaminopimelate containing)|g__Eubacterium.s__Eubacterium_ventriosum	0	0	0.524596	0.48474	0	0
PEPTIDOGLYCANSYN-PWY: peptidoglycan biosynthesis I (meso-diaminopimelate containing)|g__Faecalibacterium.s__Faecalibacterium_prausnitzii	14.322	71.9032	19.2014	3.01286	6.14007	2.06737
PEPTIDOGLYCANSYN-PWY: peptidoglycan biosynthesis I (meso-diaminopimelate containing)|g__Faecalitalea.s__Faecalitalea_cylindroides	0	1.32998	0	0	0	0
PEPTIDOGLYCANSYN-PWY: peptidoglycan biosynthesis I (meso-diaminopimelate containing)|g__Firmicutes_unclassified.s__Firmicutes_bacterium_CAG_110	0	0.975647	8.70981	3.16455	0	3.46344
PEPTIDOGLYCANSYN-PWY: peptidoglycan biosynthesis I (meso-diaminopimelate containing)|g__Firmicutes_unclassified.s__Firmicutes_bacterium_CAG_170	0	0	0	0.374045	3.33843	0
PEPTIDOGLYCANSYN-PWY: peptidoglycan biosynthesis I (meso-diaminopimelate containing)|g__Firmicutes_unclassified.s__Firmicutes_bacterium_CAG_83	0	0.886927	0	1.77183	0	0
PEPTIDOGLYCANSYN-PWY: peptidoglycan biosynthesis I (meso-diaminopimelate containing)|g__Firmicutes_unclassified.s__Firmicutes_bacterium_CAG_94	0	2.12356	0	0	0	0
PEPTIDOGLYCANSYN-PWY: peptidoglycan biosynthesis I (meso-diaminopimelate containing)|g__Firmicutes_unclassified.s__Firmicutes_bacterium_CAG_95	0	2.27488	0	4.401	0	0
PEPTIDOGLYCANSYN-PWY: peptidoglycan biosynthesis I (meso-diaminopimelate containing)|g__Flavonifractor.s__Flavonifractor_plautii	0	0.653697	0	0	0	0
PEPTIDOGLYCANSYN-PWY: peptidoglycan biosynthesis I (meso-diaminopimelate containing)|g__Fusicatenibacter.s__Fusicatenibacter_saccharivorans	7.89161	17.1129	5.03398	34.2829	12.346	1.64781
PEPTIDOGLYCANSYN-PWY: peptidoglycan biosynthesis I (meso-diaminopimelate containing)|g__Gemmiger.s__Gemmiger_formicilis	13.1898	8.72748	5.26198	8.52467	2.64507	0.876978
PEPTIDOGLYCANSYN-PWY: peptidoglycan biosynthesis I (meso-diaminopimelate containing)|g__Intestinibacter.s__Intestinibacter_bartlettii	0	0	0	0.514403	0	0
PEPTIDOGLYCANSYN-PWY: peptidoglycan biosynthesis I (meso-diaminopimelate containing)|g__Lachnospira.s__Lachnospira_pectinoschiza	0	0	3.33453	0	0	0.785918
PEPTIDOGLYCANSYN-PWY: peptidoglycan biosynthesis I (meso-diaminopimelate containing)|g__Lachnospiraceae_unclassified.s__Eubacterium_rectale	72.0834	0	0	4.29248	1.32311	0
PEPTIDOGLYCANSYN-PWY: peptidoglycan biosynthesis I (meso-diaminopimelate containing)|g__Lawsonibacter.s__Lawsonibacter_asaccharolyticus	0	1.62853	0	0	0	0
PEPTIDOGLYCANSYN-PWY: peptidoglycan biosynthesis I (meso-diaminopimelate containing)|g__Megamonas.s__Megamonas_funiformis	0	5.24046	0	0	0	0
PEPTIDOGLYCANSYN-PWY: peptidoglycan biosynthesis I (meso-diaminopimelate containing)|g__Megamonas.s__Megamonas_hypermegale	0	5.35776	0	0	0	0
PEPTIDOGLYCANSYN-PWY: peptidoglycan biosynthesis I (meso-diaminopimelate containing)|g__Monoglobus.s__Monoglobus_pectinilyticus	0	0	0	0	0	1.80028
PEPTIDOGLYCANSYN-PWY: peptidoglycan biosynthesis I (meso-diaminopimelate containing)|g__Odoribacter.s__Odoribacter_laneus	0	0	1.23221	0	0	0
PEPTIDOGLYCANSYN-PWY: peptidoglycan biosynthesis I (meso-diaminopimelate containing)|g__Odoribacter.s__Odoribacter_laneus_CAG_561	0	0	0.910874	0	0	0
PEPTIDOGLYCANSYN-PWY: peptidoglycan biosynthesis I (meso-diaminopimelate containing)|g__Oscillibacter.s__Oscillibacter_sp_CAG_241	0	1.96218	1.57351	0	0	0
PEPTIDOGLYCANSYN-PWY: peptidoglycan biosynthesis I (meso-diaminopimelate containing)|g__Oxalobacter.s__Oxalobacter_formigenes	0	0	0	1.32857	0	0
PEPTIDOGLYCANSYN-PWY: peptidoglycan biosynthesis I (meso-diaminopimelate containing)|g__Parabacteroides.s__Parabacteroides_distasonis	4.36316	1.34794	4.77421	0.622927	14.0874	3.92271
PEPTIDOGLYCANSYN-PWY: peptidoglycan biosynthesis I (meso-diaminopimelate containing)|g__Parabacteroides.s__Parabacteroides_goldsteinii	0	0	0.87517	0	0	0
PEPTIDOGLYCANSYN-PWY: peptidoglycan biosynthesis I (meso-diaminopimelate containing)|g__Parabacteroides.s__Parabacteroides_merdae	1.72999	0.711664	3.11665	0.895442	0	0
PEPTIDOGLYCANSYN-PWY: peptidoglycan biosynthesis I (meso-diaminopimelate containing)|g__Parabacteroides.s__Parabacteroides_sp_CAG_409	0	3.57792	0	0	0	0
PEPTIDOGLYCANSYN-PWY: peptidoglycan biosynthesis I (meso-diaminopimelate containing)|g__Paraprevotella.s__Paraprevotella_clara	0	2.01552	0	0	0	0
PEPTIDOGLYCANSYN-PWY: peptidoglycan biosynthesis I (meso-diaminopimelate containing)|g__Paraprevotella.s__Paraprevotella_clara_CAG_116	0	1.87482	0	0	0	0
PEPTIDOGLYCANSYN-PWY: peptidoglycan biosynthesis I (meso-diaminopimelate containing)|g__Paraprevotella.s__Paraprevotella_xylaniphila	2.43865	0	0	0	3.35714	0
PEPTIDOGLYCANSYN-PWY: peptidoglycan biosynthesis I (meso-diaminopimelate containing)|g__Parasutterella.s__Parasutterella_excrementihominis	0	0	0	0	3.21006	1.0906
PEPTIDOGLYCANSYN-PWY: peptidoglycan biosynthesis I (meso-diaminopimelate containing)|g__Phascolarctobacterium.s__Phascolarctobacterium_faecium	7.5341	0	0	0	0	0
PEPTIDOGLYCANSYN-PWY: peptidoglycan biosynthesis I (meso-diaminopimelate containing)|g__Phascolarctobacterium.s__Phascolarctobacterium_sp_CAG_266	0	18.7874	6.00361	0	0	0
PEPTIDOGLYCANSYN-PWY: peptidoglycan biosynthesis I (meso-diaminopimelate containing)|g__Prevotella.s__Prevotella_copri	0	3.4315	0	0	0	0
PEPTIDOGLYCANSYN-PWY: peptidoglycan biosynthesis I (meso-diaminopimelate containing)|g__Prevotella.s__Prevotella_copri_CAG_164	0	5.88191	0	0	0	0
PEPTIDOGLYCANSYN-PWY: peptidoglycan biosynthesis I (meso-diaminopimelate containing)|g__Roseburia.s__Roseburia_faecis	0	1.05947	14.9417	0	0	17.4893
PEPTIDOGLYCANSYN-PWY: peptidoglycan biosynthesis I (meso-diaminopimelate containing)|g__Roseburia.s__Roseburia_hominis	0	7.87648	0	3.69077	2.37711	0.792006
PEPTIDOGLYCANSYN-PWY: peptidoglycan biosynthesis I (meso-diaminopimelate containing)|g__Roseburia.s__Roseburia_intestinalis	0	0.122466	0.122293	0.177256	0	0.934949
PEPTIDOGLYCANSYN-PWY: peptidoglycan biosynthesis I (meso-diaminopimelate containing)|g__Roseburia.s__Roseburia_intestinalis_CAG_13	0	0.232686	0.279166	0.198237	0	0.702535
PEPTIDOGLYCANSYN-PWY: peptidoglycan biosynthesis I (meso-diaminopimelate containing)|g__Roseburia.s__Roseburia_inulinivorans	0.527784	2.00382	0.157997	1.27552	0	2.30243
PEPTIDOGLYCANSYN-PWY: peptidoglycan biosynthesis I (meso-diaminopimelate containing)|g__Roseburia.s__Roseburia_inulinivorans_CAG_15	0.180877	0	0.0983968	0.131193	0	1.31825
PEPTIDOGLYCANSYN-PWY: peptidoglycan biosynthesis I (meso-diaminopimelate containing)|g__Roseburia.s__Roseburia_sp_CAG_471	7.01753	0	0	0	0.582548	1.66713
PEPTIDOGLYCANSYN-PWY: peptidoglycan biosynthesis I (meso-diaminopimelate containing)|g__Ruminococcus.s__Ruminococcus_bicirculans	6.35734	2.18725	0	2.99285	0	1.00033
PEPTIDOGLYCANSYN-PWY: peptidoglycan biosynthesis I (meso-diaminopimelate containing)|g__Ruminococcus.s__Ruminococcus_bromii	0	87.2756	16.5948	20.5744	14.267	39.4335
PEPTIDOGLYCANSYN-PWY: peptidoglycan biosynthesis I (meso-diaminopimelate containing)|g__Ruminococcus.s__Ruminococcus_callidus	0	0	0	4.52014	0	0
PEPTIDOGLYCANSYN-PWY: peptidoglycan biosynthesis I (meso-diaminopimelate containing)|g__Ruminococcus.s__Ruminococcus_lactaris	0	0	2.27606	10.2345	0.552903	0.313679
PEPTIDOGLYCANSYN-PWY: peptidoglycan biosynthesis I (meso-diaminopimelate containing)|g__Ruthenibacterium.s__Ruthenibacterium_lactatiformans	0	0.48415	0	0.532008	0.668606	0.284296
PEPTIDOGLYCANSYN-PWY: peptidoglycan biosynthesis I (meso-diaminopimelate containing)|g__Streptococcus.s__Streptococcus_salivarius	0	0	0	0.379833	0	0
PEPTIDOGLYCANSYN-PWY: peptidoglycan biosynthesis I (meso-diaminopimelate containing)|g__Streptococcus.s__Streptococcus_thermophilus	0	0	0	0.20089	0	0
PEPTIDOGLYCANSYN-PWY: peptidoglycan biosynthesis I (meso-diaminopimelate containing)|g__Streptococcus.s__Streptococcus_thermophilus_CAG_236	0	0	0	0.136981	0	0
PEPTIDOGLYCANSYN-PWY: peptidoglycan biosynthesis I (meso-diaminopimelate containing)|unclassified	124.923	248.412	228.575	218.74	245.788	190.706
PHOSLIPSYN-PWY: superpathway of phospholipid biosynthesis I (bacteria)	121.649	117.459	154.746	262.438	172.299	126.401
PHOSLIPSYN-PWY: superpathway of phospholipid biosynthesis I (bacteria)|g__Escherichia.s__Escherichia_coli	0	0	0	35.2485	0	0
PHOSLIPSYN-PWY: superpathway of phospholipid biosynthesis I (bacteria)|g__Fusicatenibacter.s__Fusicatenibacter_saccharivorans	6.20222	13.8781	4.68875	27.0748	11.2659	1.39633
PHOSLIPSYN-PWY: superpathway of phospholipid biosynthesis I (bacteria)|g__Oxalobacter.s__Oxalobacter_formigenes	0	0	0	1.19834	0	0
PHOSLIPSYN-PWY: superpathway of phospholipid biosynthesis I (bacteria)|unclassified	18.1634	10.31	35.5921	22.6694	20.5791	11.7726
POLYAMINSYN3-PWY: superpathway of polyamine biosynthesis II	0.578078	0	1.57435	61.6767	2.75444	0
POLYAMINSYN3-PWY: superpathway of polyamine biosynthesis II|unclassified	0.543236	0	1.32217	0	0	0
POLYAMSYN-PWY: superpathway of polyamine biosynthesis I	7.86283	51.8263	19.362	75.003	16.9037	47.2903
POLYAMSYN-PWY: superpathway of polyamine biosynthesis I|g__Escherichia.s__Escherichia_coli	0	0	0	22.1384	0	0
POLYAMSYN-PWY: superpathway of polyamine biosynthesis I|unclassified	5.96893	21.9062	4.37866	16.9464	10.9305	2.42605
POLYISOPRENSYN-PWY: polyisoprenoid biosynthesis (E. coli)	76.1194	31.0411	47.1672	41.0058	64.7529	45.2037
POLYISOPRENSYN-PWY: polyisoprenoid biosynthesis (E. coli)|g__Escherichia.s__Escherichia_coli	0	0	0	18.8016	0	0
POLYISOPRENSYN-PWY: polyisoprenoid biosynthesis (E. coli)|unclassified	0.793494	0.471903	1.35647	2.86527	0.508003	0
PPGPPMET-PWY: ppGpp biosynthesis	33.6088	40.7916	35.1642	42.3419	22.3124	34.1161
PPGPPMET-PWY: ppGpp biosynthesis|unclassified	10.4572	4.85592	12.1723	9.45604	9.50267	4.00874
PROPFERM-PWY: L-alanine fermentation to propanoate and acetate	1.86997	1.87727	1.84761	0	4.7876	0.514063
PROPFERM-PWY: L-alanine fermentation to propanoate and acetate|unclassified	0.898323	1.82774	0	0	0.944914	0
PROTOCATECHUATE-ORTHO-CLEAVAGE-PWY: protocatechuate degradation II (ortho-cleavage pathway)	0.364177	0	0	0.918835	0.361214	0
PROTOCATECHUATE-ORTHO-CLEAVAGE-PWY: protocatechuate degradation II (ortho-cleavage pathway)|unclassified	0.364177	0	0	0	0.361214	0
PRPP-PWY: superpathway of histidine, purine, and pyrimidine biosynthesis	123.039	149.531	161.746	173.573	156.922	217.158
PRPP-PWY: superpathway of histidine, purine, and pyrimidine biosynthesis|g__Escherichia.s__Escherichia_coli	0	0	0	10.4639	0	0
PRPP-PWY: superpathway of histidine, purine, and pyrimidine biosynthesis|unclassified	26.4092	46.9222	37.9503	39.6399	19.0839	14.2281
PWY-101: photosynthesis light reactions	0	0	0	0.221871	0	0
PWY-101: photosynthesis light reactions|unclassified	0	0	0	0.191725	0	0
PWY-1042: glycolysis IV (plant cytosol)	756.263	768.349	659.54	596.547	666.225	623.595
PWY-1042: glycolysis IV (plant cytosol)|g__Agathobaculum.s__Agathobaculum_butyriciproducens	9.51587	11.0307	5.03595	4.06554	2.59556	4.84601
PWY-1042: glycolysis IV (plant cytosol)|g__Alistipes.s__Alistipes_putredinis	0.337515	7.15175	4.38513	3.74648	21.3226	12.5813
PWY-1042: glycolysis IV (plant cytosol)|g__Alistipes.s__Alistipes_putredinis_CAG_67	0.530208	0.284666	5.04326	7.44256	45.4531	9.05672
PWY-1042: glycolysis IV (plant cytosol)|g__Anaerostipes.s__Anaerostipes_hadrus	31.1399	0	9.55461	22.1922	9.79366	18.9213
PWY-1042: glycolysis IV (plant cytosol)|g__Bacteroides.s__Bacteroides_caccae	1.02133	0	0	1.36451	1.71483	0
PWY-1042: glycolysis IV (plant cytosol)|g__Bacteroides.s__Bacteroides_cellulosilyticus	0	0	0	0	0	2.55284
PWY-1042: glycolysis IV (plant cytosol)|g__Bacteroides.s__Bacteroides_coprocola	41.8137	0	0	0	0	0
PWY-1042: glycolysis IV (plant cytosol)|g__Bacteroides.s__Bacteroides_coprocola_CAG_162	58.3153	0	0	0	0	0
PWY-1042: glycolysis IV (plant cytosol)|g__Bacteroides.s__Bacteroides_dorei	0	1.4519	8.10256	7.62922	53.8526	35.1191
PWY-1042: glycolysis IV (plant cytosol)|g__Bacteroides.s__Bacteroides_fragilis	0	0	0	0	0	0.800742
PWY-1042: glycolysis IV (plant cytosol)|g__Bacteroides.s__Bacteroides_fragilis_CAG_47	0	0	0	0	0	1.22401
PWY-1042: glycolysis IV (plant cytosol)|g__Bacteroides.s__Bacteroides_massiliensis	20.087	2.30155	12.0817	0	12.4828	0
PWY-1042: glycolysis IV (plant cytosol)|g__Bacteroides.s__Bacteroides_plebeius	0	3.40429	0	1.58662	0	0
PWY-1042: glycolysis IV (plant cytosol)|g__Bacteroides.s__Bacteroides_salyersiae	3.25851	0	2.11272	0.809105	0	0
PWY-1042: glycolysis IV (plant cytosol)|g__Bacteroides.s__Bacteroides_vulgatus	33.9378	7.75973	12.4736	2.94317	0	0
PWY-1042: glycolysis IV (plant cytosol)|g__Bacteroides.s__Bacteroides_vulgatus_CAG_6	34.2914	7.49983	10.8579	3.34277	0	0
PWY-1042: glycolysis IV (plant cytosol)|g__Blautia.s__Blautia_obeum	23.9184	49.3201	19.8048	0	11.813	8.61704
PWY-1042: glycolysis IV (plant cytosol)|g__Blautia.s__Blautia_wexlerae	10.6729	0	0	16.5224	0	6.72967
PWY-1042: glycolysis IV (plant cytosol)|g__Blautia.s__Ruminococcus_torques	0	30.2954	39.5805	33.0961	12.2073	8.33089
PWY-1042: glycolysis IV (plant cytosol)|g__Butyricimonas.s__Butyricimonas_virosa	0	0.766638	0	0.572041	0	0
PWY-1042: glycolysis IV (plant cytosol)|g__Butyrivibrio.s__Butyrivibrio_crossotus	0	0	12.7761	0	0	0
PWY-1042: glycolysis IV (plant cytosol)|g__Butyrivibrio.s__Butyrivibrio_crossotus_CAG_259	0	0	7.39326	0	0	0
PWY-1042: glycolysis IV (plant cytosol)|g__Clostridium.s__Clostridium_sp_CAG_253	0	0	0	1.12551	0	0
PWY-1042: glycolysis IV (plant cytosol)|g__Clostridium.s__Clostridium_sp_CAG_411	0	0	0.555239	0	0	0
PWY-1042: glycolysis IV (plant cytosol)|g__Clostridium.s__Clostridium_sp_CAG_58	0	1.14519	0	0	0	0
PWY-1042: glycolysis IV (plant cytosol)|g__Clostridium.s__Clostridium_sp_CAG_632	0	0	8.05139	0	0	0
PWY-1042: glycolysis IV (plant cytosol)|g__Coprococcus.s__Coprococcus_catus	1.10253	5.31013	2.38936	3.02685	3.17466	4.081
PWY-1042: glycolysis IV (plant cytosol)|g__Coprococcus.s__Coprococcus_comes	0.917108	0	2.59233	3.86104	1.26871	0.906625
PWY-1042: glycolysis IV (plant cytosol)|g__Coprococcus.s__Coprococcus_comes_CAG_19	0.935892	0	1.9044	3.32613	0.90318	1.26213
PWY-1042: glycolysis IV (plant cytosol)|g__Coprococcus.s__Coprococcus_eutactus	0	0	0	7.28725	2.95419	4.69327
PWY-1042: glycolysis IV (plant cytosol)|g__Desulfovibrio.s__Desulfovibrio_piger	0	5.48757	0	3.01503	0	0
PWY-1042: glycolysis IV (plant cytosol)|g__Dorea.s__Dorea_formicigenerans	0.225717	1.73249	0	0	0	0.154854
PWY-1042: glycolysis IV (plant cytosol)|g__Dorea.s__Dorea_formicigenerans_CAG_28	0	2.00055	0	0	0	0
PWY-1042: glycolysis IV (plant cytosol)|g__Dorea.s__Dorea_longicatena	0	10.2589	0.889507	0.448806	1.18323	1.84343
PWY-1042: glycolysis IV (plant cytosol)|g__Dorea.s__Dorea_longicatena_CAG_42	0	15.7013	0.617089	0	2.22312	2.79479
PWY-1042: glycolysis IV (plant cytosol)|g__Dorea.s__Dorea_sp_CAG_317	0	1.84679	0	0	0	0
PWY-1042: glycolysis IV (plant cytosol)|g__Eggerthella.s__Eggerthella_lenta	0	0	0	0	0.351141	0
PWY-1042: glycolysis IV (plant cytosol)|g__Escherichia.s__Escherichia_coli	0	0	0	42.8741	0	0
PWY-1042: glycolysis IV (plant cytosol)|g__Eubacterium.s__Eubacterium_eligens	7.74285	0	0.48355	1.40068	0	0.282443
PWY-1042: glycolysis IV (plant cytosol)|g__Eubacterium.s__Eubacterium_eligens_CAG_72	2.58075	0	0.250209	1.03749	0	0.215737
PWY-1042: glycolysis IV (plant cytosol)|g__Eubacterium.s__Eubacterium_hallii	3.93293	0	4.48774	0.847933	1.88234	3.01847
PWY-1042: glycolysis IV (plant cytosol)|g__Eubacterium.s__Eubacterium_hallii_CAG_12	3.52452	0	7.32635	0.982502	3.19308	7.00126
PWY-1042: glycolysis IV (plant cytosol)|g__Eubacterium.s__Eubacterium_ventriosum	0	0	1.10176	0.550336	0	0
PWY-1042: glycolysis IV (plant cytosol)|g__Faecalibacterium.s__Faecalibacterium_prausnitzii	92.5612	135.033	50.1661	9.26359	11.1035	15.0897
PWY-1042: glycolysis IV (plant cytosol)|g__Firmicutes_unclassified.s__Firmicutes_bacterium_CAG_95	0	2.48361	0	4.97497	0	0
PWY-1042: glycolysis IV (plant cytosol)|g__Flavonifractor.s__Flavonifractor_plautii	0	1.18302	0	0	0	0
PWY-1042: glycolysis IV (plant cytosol)|g__Fusicatenibacter.s__Fusicatenibacter_saccharivorans	7.54864	18.1849	5.73907	33.7593	14.0016	1.75951
PWY-1042: glycolysis IV (plant cytosol)|g__Intestinibacter.s__Intestinibacter_bartlettii	0	0	0	0.60701	0	0
PWY-1042: glycolysis IV (plant cytosol)|g__Lachnospiraceae_unclassified.s__Eubacterium_rectale	77.287	0	0	11.9859	1.54214	0
PWY-1042: glycolysis IV (plant cytosol)|g__Prevotella.s__Prevotella_copri	0	4.90463	0	0	0	0
PWY-1042: glycolysis IV (plant cytosol)|g__Prevotella.s__Prevotella_copri_CAG_164	0	6.00356	0	0	0	0
PWY-1042: glycolysis IV (plant cytosol)|g__Roseburia.s__Roseburia_faecis	0	1.53328	19.6096	0	0	19.0836
PWY-1042: glycolysis IV (plant cytosol)|g__Roseburia.s__Roseburia_hominis	0	8.91445	0	4.44779	2.58779	1.06148
PWY-1042: glycolysis IV (plant cytosol)|g__Roseburia.s__Roseburia_intestinalis	0	0.325216	0.355634	0.255393	0	1.11469
PWY-1042: glycolysis IV (plant cytosol)|g__Roseburia.s__Roseburia_intestinalis_CAG_13	0	0.548921	0.538652	0.248881	0	1.3831
PWY-1042: glycolysis IV (plant cytosol)|g__Roseburia.s__Roseburia_inulinivorans	0.788949	2.72174	0.304749	1.20992	0	3.0182
PWY-1042: glycolysis IV (plant cytosol)|g__Roseburia.s__Roseburia_inulinivorans_CAG_15	0.7432	2.46266	0.200448	0.781613	0	2.0581
PWY-1042: glycolysis IV (plant cytosol)|g__Roseburia.s__Roseburia_sp_CAG_182	0	0	0	10.6334	0	0
PWY-1042: glycolysis IV (plant cytosol)|g__Ruminococcus.s__Ruminococcus_bicirculans	7.33383	2.66323	0	3.42332	0	1.22745
PWY-1042: glycolysis IV (plant cytosol)|g__Ruminococcus.s__Ruminococcus_lactaris	0	0	2.87572	12.6626	0.508578	0.434651
PWY-1042: glycolysis IV (plant cytosol)|g__Ruthenibacterium.s__Ruthenibacterium_lactatiformans	0	0.382367	0	0.84118	0.596364	0
PWY-1042: glycolysis IV (plant cytosol)|g__Streptococcus.s__Streptococcus_salivarius	0	0	0	0.403709	0	0
PWY-1042: glycolysis IV (plant cytosol)|g__Streptococcus.s__Streptococcus_salivarius_CAG_79	0	0	0	0.342694	0	0
PWY-1042: glycolysis IV (plant cytosol)|g__Streptococcus.s__Streptococcus_thermophilus	0	0	0	0.380557	0	0
PWY-1042: glycolysis IV (plant cytosol)|unclassified	110.782	200.558	205.256	153.883	173.106	172.606
PWY-1269: CMP-3-deoxy-D-manno-octulosonate biosynthesis I	48.221	35.5957	74.3256	103.654	104.812	84.9265
PWY-1269: CMP-3-deoxy-D-manno-octulosonate biosynthesis I|g__Bacteroides.s__Bacteroides_caccae	0.541721	0	0	0.602428	1.12624	0
PWY-1269: CMP-3-deoxy-D-manno-octulosonate biosynthesis I|g__Bacteroides.s__Bacteroides_eggerthii	0	0	6.37864	0	0	0
PWY-1269: CMP-3-deoxy-D-manno-octulosonate biosynthesis I|g__Bacteroides.s__Bacteroides_faecis	0	0	0	0	1.12221	0
PWY-1269: CMP-3-deoxy-D-manno-octulosonate biosynthesis I|g__Bacteroides.s__Bacteroides_finegoldii	0	0	0	0.302661	0	0
PWY-1269: CMP-3-deoxy-D-manno-octulosonate biosynthesis I|g__Bacteroides.s__Bacteroides_fragilis	0	0	0	0	0	2.24155
PWY-1269: CMP-3-deoxy-D-manno-octulosonate biosynthesis I|g__Bacteroides.s__Bacteroides_ovatus	9.88156	0	0	2.95185	11.7258	0.63027
PWY-1269: CMP-3-deoxy-D-manno-octulosonate biosynthesis I|g__Bacteroides.s__Bacteroides_sp_CAG_633	0	1.57981	0	0	0	0
PWY-1269: CMP-3-deoxy-D-manno-octulosonate biosynthesis I|g__Bacteroides.s__Bacteroides_thetaiotaomicron	4.05351	0	3.28167	0	0	1.7844
PWY-1269: CMP-3-deoxy-D-manno-octulosonate biosynthesis I|g__Bacteroides.s__Bacteroides_uniformis	0	1.79998	8.72611	3.65894	11.3649	8.24883
PWY-1269: CMP-3-deoxy-D-manno-octulosonate biosynthesis I|g__Bacteroides.s__Bacteroides_uniformis_CAG_3	4.11987	2.33203	6.06968	2.88963	5.1186	6.89697
PWY-1269: CMP-3-deoxy-D-manno-octulosonate biosynthesis I|g__Bacteroides.s__Bacteroides_xylanisolvens	0	0	1.22827	0	0	2.22831
PWY-1269: CMP-3-deoxy-D-manno-octulosonate biosynthesis I|g__Escherichia.s__Escherichia_coli	0	0	0	32.0017	0	0
PWY-1269: CMP-3-deoxy-D-manno-octulosonate biosynthesis I|g__Oxalobacter.s__Oxalobacter_formigenes	0	0	0	0.989255	0	0
PWY-1269: CMP-3-deoxy-D-manno-octulosonate biosynthesis I|g__Prevotella.s__Prevotella_copri_CAG_164	0	7.44159	0	0	0	0
PWY-1269: CMP-3-deoxy-D-manno-octulosonate biosynthesis I|unclassified	5.55537	15.0388	33.1718	20.5657	24.0785	17.1668
PWY-1861: formaldehyde assimilation II (RuMP Cycle)	163.653	131.712	55.6423	135.146	50.3662	111.49
PWY-1861: formaldehyde assimilation II (RuMP Cycle)|g__Anaerostipes.s__Anaerostipes_hadrus	22.8474	0	8.29766	18.4406	8.73506	12.3227
PWY-1861: formaldehyde assimilation II (RuMP Cycle)|g__Blautia.s__Blautia_obeum	0	32.4699	3.54453	0	0	0.251473
PWY-1861: formaldehyde assimilation II (RuMP Cycle)|g__Escherichia.s__Escherichia_coli	0	0	0	24.7974	0	0
PWY-1861: formaldehyde assimilation II (RuMP Cycle)|unclassified	34.2011	59.2913	16.2245	16.5627	6.64865	15.2321
PWY-241: C4 photosynthetic carbon assimilation cycle, NADP-ME type	30.2149	41.6358	75.0669	73.7542	20.5547	111.942
PWY-241: C4 photosynthetic carbon assimilation cycle, NADP-ME type|unclassified	9.84672	8.65101	3.89398	7.56435	3.65676	3.22732
PWY-2723: trehalose degradation V	20.1309	0.492858	50.2167	32.4325	25.1319	58.8803
PWY-2723: trehalose degradation V|g__Bifidobacterium.s__Bifidobacterium_longum	4.64129	0	11.5189	1.98261	2.4908	12.4275
PWY-2723: trehalose degradation V|g__Bifidobacterium.s__Bifidobacterium_longum_CAG_69	2.93796	0	10.0618	1.9691	0	12.275
PWY-2723: trehalose degradation V|g__Escherichia.s__Escherichia_coli	0	0	0	12.2125	0	0
PWY-2723: trehalose degradation V|unclassified	4.04473	0	0	7.62657	10.928	0.49871
PWY-2941: L-lysine biosynthesis II	91.5823	92.5028	90.0775	49.3103	92.3742	93.5481
PWY-2941: L-lysine biosynthesis II|g__Bacteroides.s__Bacteroides_cellulosilyticus	0	0	0	0	0	1.28595
PWY-2941: L-lysine biosynthesis II|g__Bacteroides.s__Bacteroides_fragilis	0	0	0	0	0	1.51731
PWY-2941: L-lysine biosynthesis II|g__Bacteroides.s__Bacteroides_fragilis_CAG_47	0	0	0	0	0	0.674741
PWY-2941: L-lysine biosynthesis II|g__Bacteroides.s__Bacteroides_uniformis	0	1.71099	0	0	0	0
PWY-2941: L-lysine biosynthesis II|g__Blautia.s__Ruminococcus_torques	0	15.1126	2.42928	9.58217	0	0.774006
PWY-2941: L-lysine biosynthesis II|g__Dialister.s__Dialister_sp_CAG_357	0	0	0	0	0	8.08153
PWY-2941: L-lysine biosynthesis II|g__Flavonifractor.s__Flavonifractor_plautii	0	0.454213	0	0	0	0
PWY-2941: L-lysine biosynthesis II|g__Intestinibacter.s__Intestinibacter_bartlettii	0	0	0	0.426137	0	0
PWY-2941: L-lysine biosynthesis II|g__Lachnospira.s__Lachnospira_pectinoschiza	0	0	0	0	0	0.860566
PWY-2941: L-lysine biosynthesis II|g__Parabacteroides.s__Parabacteroides_distasonis	4.51131	0.996875	6.46608	0	15.1321	0
PWY-2941: L-lysine biosynthesis II|g__Streptococcus.s__Streptococcus_salivarius	0	0	0	0.405879	0	0
PWY-2941: L-lysine biosynthesis II|g__Streptococcus.s__Streptococcus_thermophilus_CAG_236	0	0	0	0.182079	0	0
PWY-2941: L-lysine biosynthesis II|unclassified	21.4783	44.081	19.3299	9.61834	23.3635	21.7945
PWY-2942: L-lysine biosynthesis III	435.239	564.402	443.397	416.526	492.347	473.672
PWY-2942: L-lysine biosynthesis III|g__Akkermansia.s__Akkermansia_muciniphila	0	1.97552	0.936457	12.4566	12.4013	13.9803
PWY-2942: L-lysine biosynthesis III|g__Alistipes.s__Alistipes_finegoldii	3.41484	0	4.74526	15.7017	44.4892	4.98657
PWY-2942: L-lysine biosynthesis III|g__Alistipes.s__Alistipes_indistinctus	0	0	0	2.09789	1.73843	0.775594
PWY-2942: L-lysine biosynthesis III|g__Alistipes.s__Alistipes_sp_An31A	0	1.48456	0	0	0	0
PWY-2942: L-lysine biosynthesis III|g__Anaerostipes.s__Anaerostipes_hadrus	15.2224	0	5.46468	11.9371	4.31846	8.69619
PWY-2942: L-lysine biosynthesis III|g__Bacteroides.s__Bacteroides_caccae	0.506273	0	0	0.814411	1.25058	0
PWY-2942: L-lysine biosynthesis III|g__Bacteroides.s__Bacteroides_cellulosilyticus	0	0	0	0	0	2.36411
PWY-2942: L-lysine biosynthesis III|g__Bacteroides.s__Bacteroides_clarus	0	0.625666	0	1.60663	2.30861	0
PWY-2942: L-lysine biosynthesis III|g__Bacteroides.s__Bacteroides_coprocola	30.5212	0	0	0	0	0
PWY-2942: L-lysine biosynthesis III|g__Bacteroides.s__Bacteroides_coprocola_CAG_162	59.0088	0	0	0	0	0
PWY-2942: L-lysine biosynthesis III|g__Bacteroides.s__Bacteroides_dorei	0	0.919857	4.10793	2.81921	29.0088	18.1201
PWY-2942: L-lysine biosynthesis III|g__Bacteroides.s__Bacteroides_eggerthii	0	0	10.066	3.87044	33.8077	0
PWY-2942: L-lysine biosynthesis III|g__Bacteroides.s__Bacteroides_faecis	0	0	0	0	0.841586	0
PWY-2942: L-lysine biosynthesis III|g__Bacteroides.s__Bacteroides_finegoldii	0	0	0	0.532008	0	0
PWY-2942: L-lysine biosynthesis III|g__Bacteroides.s__Bacteroides_fragilis	0	0	0	0	0	1.8286
PWY-2942: L-lysine biosynthesis III|g__Bacteroides.s__Bacteroides_fragilis_CAG_47	0	0	0	0	0	0.862419
PWY-2942: L-lysine biosynthesis III|g__Bacteroides.s__Bacteroides_massiliensis	7.93403	1.26467	5.27266	0	7.18083	0
PWY-2942: L-lysine biosynthesis III|g__Bacteroides.s__Bacteroides_ovatus	9.15078	0	0	0.513197	10.4424	1.81643
PWY-2942: L-lysine biosynthesis III|g__Bacteroides.s__Bacteroides_plebeius	0	1.64295	0	0	0	0
PWY-2942: L-lysine biosynthesis III|g__Bacteroides.s__Bacteroides_plebeius_CAG_211	0	1.41707	0	1.19231	0	0
PWY-2942: L-lysine biosynthesis III|g__Bacteroides.s__Bacteroides_salyersiae	2.53954	0	1.63423	0.695999	0	0
PWY-2942: L-lysine biosynthesis III|g__Bacteroides.s__Bacteroides_sp_CAG_144	0	0	2.61707	0	1.36312	0
PWY-2942: L-lysine biosynthesis III|g__Bacteroides.s__Bacteroides_sp_CAG_598	0	7.95404	0	0	0	0
PWY-2942: L-lysine biosynthesis III|g__Bacteroides.s__Bacteroides_sp_CAG_633	0	1.19962	0	0	0	0
PWY-2942: L-lysine biosynthesis III|g__Bacteroides.s__Bacteroides_stercoris	0	0	0.977783	0.622686	0	6.57508
PWY-2942: L-lysine biosynthesis III|g__Bacteroides.s__Bacteroides_thetaiotaomicron	3.84901	0	3.71462	0	0	2.08325
PWY-2942: L-lysine biosynthesis III|g__Bacteroides.s__Bacteroides_uniformis	5.14938	2.65942	10.4902	4.16032	14.0836	7.45471
PWY-2942: L-lysine biosynthesis III|g__Bacteroides.s__Bacteroides_uniformis_CAG_3	1.89754	2.35081	7.49643	3.67413	9.69638	10.6659
PWY-2942: L-lysine biosynthesis III|g__Bacteroides.s__Bacteroides_vulgatus	27.0997	6.48581	7.96452	2.72708	0	0
PWY-2942: L-lysine biosynthesis III|g__Bacteroides.s__Bacteroides_vulgatus_CAG_6	11.9785	2.58948	4.6328	1.52367	0	0
PWY-2942: L-lysine biosynthesis III|g__Bacteroides.s__Bacteroides_xylanisolvens	0	0	1.40483	0	0.657669	2.13513
PWY-2942: L-lysine biosynthesis III|g__Barnesiella.s__Barnesiella_intestinihominis	0.9265	0.922851	0.56536	1.73783	23.0112	4.32003
PWY-2942: L-lysine biosynthesis III|g__Barnesiella.s__Barnesiella_viscericola	0	0	4.20576	0	0	0
PWY-2942: L-lysine biosynthesis III|g__Bifidobacterium.s__Bifidobacterium_adolescentis	0	1.98477	0	0	0	21.6788
PWY-2942: L-lysine biosynthesis III|g__Bifidobacterium.s__Bifidobacterium_longum	2.63771	0.12165	2.13662	1.7945	1.30929	9.17981
PWY-2942: L-lysine biosynthesis III|g__Bifidobacterium.s__Bifidobacterium_longum_CAG_69	2.17688	0.135529	15.7944	1.09199	2.73947	8.58448
PWY-2942: L-lysine biosynthesis III|g__Bifidobacterium.s__Bifidobacterium_pseudocatenulatum	0	0	11.6988	1.56636	0	14.9777
PWY-2942: L-lysine biosynthesis III|g__Bilophila.s__Bilophila_wadsworthia	0	0	0	0	2.68536	0
PWY-2942: L-lysine biosynthesis III|g__Blautia.s__Blautia_obeum	20.2473	58.5111	16.1244	0	14.2776	9.4244
PWY-2942: L-lysine biosynthesis III|g__Blautia.s__Blautia_wexlerae	6.94572	0	0	10.8613	0	4.29806
PWY-2942: L-lysine biosynthesis III|g__Blautia.s__Ruminococcus_torques	0	19.0487	6.68339	14.964	2.70465	3.39514
PWY-2942: L-lysine biosynthesis III|g__Butyricimonas.s__Butyricimonas_virosa	0	0.435707	0	0.66296	0	0
PWY-2942: L-lysine biosynthesis III|g__Butyrivibrio.s__Butyrivibrio_crossotus	0	0	11.2172	0	0	0
PWY-2942: L-lysine biosynthesis III|g__Butyrivibrio.s__Butyrivibrio_crossotus_CAG_259	0	0	3.70338	0	0	0
PWY-2942: L-lysine biosynthesis III|g__Clostridium.s__Clostridium_sp_CAG_411	0	0	0.392182	0	0	0
PWY-2942: L-lysine biosynthesis III|g__Coprobacter.s__Coprobacter_fastidiosus	0	0	0	0	0	0.411621
PWY-2942: L-lysine biosynthesis III|g__Coprococcus.s__Coprococcus_catus	0.83076	3.97416	1.50772	2.05496	2.04007	2.88214
PWY-2942: L-lysine biosynthesis III|g__Coprococcus.s__Coprococcus_comes	0.905595	1.02137	1.25273	2.16614	0.798989	0.767918
PWY-2942: L-lysine biosynthesis III|g__Coprococcus.s__Coprococcus_comes_CAG_19	1.22433	1.28345	1.72279	3.09052	0.718399	1.29839
PWY-2942: L-lysine biosynthesis III|g__Desulfovibrio.s__Desulfovibrio_piger	0	4.23107	0	3.11777	0	0
PWY-2942: L-lysine biosynthesis III|g__Dialister.s__Dialister_invisus	0	0	0	0	5.07139	0
PWY-2942: L-lysine biosynthesis III|g__Dialister.s__Dialister_invisus_CAG_218	0	0	0	0	13.9797	0
PWY-2942: L-lysine biosynthesis III|g__Dialister.s__Dialister_succinatiphilus	0	0	0	5.86607	0	0
PWY-2942: L-lysine biosynthesis III|g__Dorea.s__Dorea_formicigenerans	0.19239	1.14057	0	0	0.065623	0.238767
PWY-2942: L-lysine biosynthesis III|g__Dorea.s__Dorea_formicigenerans_CAG_28	0.575048	2.24821	0	0	0.271127	0.514857
PWY-2942: L-lysine biosynthesis III|g__Dorea.s__Dorea_longicatena	0	10.2017	0.538652	0.530802	1.19733	1.61737
PWY-2942: L-lysine biosynthesis III|g__Dorea.s__Dorea_longicatena_CAG_42	0	14.178	1.08827	0.521155	1.50588	2.63305
PWY-2942: L-lysine biosynthesis III|g__Dorea.s__Dorea_sp_CAG_317	0	1.18139	0	0	0	0
PWY-2942: L-lysine biosynthesis III|g__Eggerthella.s__Eggerthella_lenta	0.463553	0	0	0	0.943763	0
PWY-2942: L-lysine biosynthesis III|g__Escherichia.s__Escherichia_coli	0	0	0	22.0361	0	0
PWY-2942: L-lysine biosynthesis III|g__Eubacterium.s__Eubacterium_eligens	1.51003	0	0	2.21654	0.203489	0.055324
PWY-2942: L-lysine biosynthesis III|g__Eubacterium.s__Eubacterium_eligens_CAG_72	6.27887	0	0.44391	0.229829	0.084907	0.34412
PWY-2942: L-lysine biosynthesis III|g__Eubacterium.s__Eubacterium_hallii	1.94723	1.89877	2.41522	0.45797	0.998161	1.6584
PWY-2942: L-lysine biosynthesis III|g__Eubacterium.s__Eubacterium_hallii_CAG_12	2.24475	0	3.49196	0.592781	1.38931	2.33817
PWY-2942: L-lysine biosynthesis III|g__Eubacterium.s__Eubacterium_sp_CAG_38	0.990125	0.457479	2.25919	0	0	0.256237
PWY-2942: L-lysine biosynthesis III|g__Flavonifractor.s__Flavonifractor_plautii	0	0.504288	0	0	0	0
PWY-2942: L-lysine biosynthesis III|g__Fusicatenibacter.s__Fusicatenibacter_saccharivorans	5.20179	9.5774	3.55409	16.3254	9.18406	1.16577
PWY-2942: L-lysine biosynthesis III|g__Intestinibacter.s__Intestinibacter_bartlettii	0	0	0	0.382486	0	0
PWY-2942: L-lysine biosynthesis III|g__Lachnospira.s__Lachnospira_pectinoschiza	0	0	2.98817	0	0	0.871683
PWY-2942: L-lysine biosynthesis III|g__Megamonas.s__Megamonas_funiformis	0	12.3291	0	0	0	0
PWY-2942: L-lysine biosynthesis III|g__Megamonas.s__Megamonas_funiformis_CAG_377	0	13.0062	0	0	0	0
PWY-2942: L-lysine biosynthesis III|g__Methanobrevibacter.s__Methanobrevibacter_smithii	0	0.849099	1.96597	0	4.32968	2.67673
PWY-2942: L-lysine biosynthesis III|g__Methanobrevibacter.s__Methanobrevibacter_smithii_CAG_186	0	0.685538	2.12931	0	4.11727	2.65529
PWY-2942: L-lysine biosynthesis III|g__Odoribacter.s__Odoribacter_laneus	0	0	0.878824	0	0	0
PWY-2942: L-lysine biosynthesis III|g__Odoribacter.s__Odoribacter_laneus_CAG_561	0	0	1.35647	0	0	0
PWY-2942: L-lysine biosynthesis III|g__Oxalobacter.s__Oxalobacter_formigenes	0	0	0	1.27672	0	0
PWY-2942: L-lysine biosynthesis III|g__Parabacteroides.s__Parabacteroides_distasonis	5.27027	1.56321	6.42447	0.618345	16.9077	4.45556
PWY-2942: L-lysine biosynthesis III|g__Parabacteroides.s__Parabacteroides_goldsteinii	0	0	0.918745	0	0	0
PWY-2942: L-lysine biosynthesis III|g__Parabacteroides.s__Parabacteroides_merdae	2.01176	0.600629	3.55606	1.05389	0	0
PWY-2942: L-lysine biosynthesis III|g__Parabacteroides.s__Parabacteroides_sp_CAG_409	0	2.98899	0	0	0	0
PWY-2942: L-lysine biosynthesis III|g__Paraprevotella.s__Paraprevotella_clara	0	0.439245	0	0	0	0
PWY-2942: L-lysine biosynthesis III|g__Paraprevotella.s__Paraprevotella_clara_CAG_116	0	1.11771	0	0	0	0
PWY-2942: L-lysine biosynthesis III|g__Paraprevotella.s__Paraprevotella_xylaniphila	1.65819	0	0	0	3.10903	0
PWY-2942: L-lysine biosynthesis III|g__Parasutterella.s__Parasutterella_excrementihominis	0	0	0	0	2.75617	0.898154
PWY-2942: L-lysine biosynthesis III|g__Prevotella.s__Prevotella_copri_CAG_164	0	3.59806	0	0	0	0
PWY-2942: L-lysine biosynthesis III|g__Roseburia.s__Roseburia_sp_CAG_471	7.585	0	0	0	0.636371	1.56734
PWY-2942: L-lysine biosynthesis III|g__Ruminococcaceae_unclassified.s__Eubacterium_siraeum	0	0	3.82876	2.47362	0.769344	19.0995
PWY-2942: L-lysine biosynthesis III|g__Ruminococcus.s__Ruminococcus_lactaris	0	0	2.28646	9.24864	0.391723	0.537887
PWY-2942: L-lysine biosynthesis III|g__Ruthenibacterium.s__Ruthenibacterium_lactatiformans	0	0.298545	0	0.618345	0.36582	0.165707
PWY-2942: L-lysine biosynthesis III|g__Streptococcus.s__Streptococcus_salivarius	0	0	0	0.375492	0	0
PWY-2942: L-lysine biosynthesis III|g__Streptococcus.s__Streptococcus_thermophilus_CAG_236	0	0	0	0.188108	0	0
PWY-2942: L-lysine biosynthesis III|unclassified	77.8645	166.061	143.908	122.508	96.5712	105.265
PWY-3001: superpathway of L-isoleucine biosynthesis I	389.732	446.695	366.85	351.505	401.398	366.174
PWY-3001: superpathway of L-isoleucine biosynthesis I|g__Anaerostipes.s__Anaerostipes_hadrus	9.30136	0	4.19058	9.7997	3.82081	8.05189
PWY-3001: superpathway of L-isoleucine biosynthesis I|g__Bacteroides.s__Bacteroides_cellulosilyticus	0	0	0	0	0	1.79763
PWY-3001: superpathway of L-isoleucine biosynthesis I|g__Bacteroides.s__Bacteroides_clarus	0	0.57423	0	1.74096	2.20298	0
PWY-3001: superpathway of L-isoleucine biosynthesis I|g__Bacteroides.s__Bacteroides_eggerthii	0	0	9.26954	3.95605	32.5389	0
PWY-3001: superpathway of L-isoleucine biosynthesis I|g__Bacteroides.s__Bacteroides_fragilis	0	0	0	0	0	1.31269
PWY-3001: superpathway of L-isoleucine biosynthesis I|g__Bacteroides.s__Bacteroides_fragilis_CAG_47	0	0	0	0	0	0.837271
PWY-3001: superpathway of L-isoleucine biosynthesis I|g__Bacteroides.s__Bacteroides_stercoris	0	0	0.928866	1.28806	0	7.32685
PWY-3001: superpathway of L-isoleucine biosynthesis I|g__Bifidobacterium.s__Bifidobacterium_adolescentis	0	1.87264	0	0	0	20.5061
PWY-3001: superpathway of L-isoleucine biosynthesis I|g__Bifidobacterium.s__Bifidobacterium_longum	4.27408	0.0601445	10.9583	2.01613	2.76826	14.0322
PWY-3001: superpathway of L-isoleucine biosynthesis I|g__Bifidobacterium.s__Bifidobacterium_longum_CAG_69	2.55924	0	7.6415	1.73903	2.4741	11.3607
PWY-3001: superpathway of L-isoleucine biosynthesis I|g__Bifidobacterium.s__Bifidobacterium_pseudocatenulatum	0	0	11.7238	1.82392	0	11.6861
PWY-3001: superpathway of L-isoleucine biosynthesis I|g__Blautia.s__Blautia_obeum	9.43255	34.5284	9.61168	0	5.66085	4.62524
PWY-3001: superpathway of L-isoleucine biosynthesis I|g__Blautia.s__Ruminococcus_torques	0	18.1076	6.59456	13.0142	8.84126	6.5314
PWY-3001: superpathway of L-isoleucine biosynthesis I|g__Escherichia.s__Escherichia_coli	0	0	0	39.9609	0	0
PWY-3001: superpathway of L-isoleucine biosynthesis I|g__Eubacterium.s__Eubacterium_hallii	1.9751	1.35284	3.57996	0.83081	1.21518	2.7617
PWY-3001: superpathway of L-isoleucine biosynthesis I|g__Eubacterium.s__Eubacterium_hallii_CAG_12	2.31292	0	3.39553	0.654519	1.55452	2.7932
PWY-3001: superpathway of L-isoleucine biosynthesis I|g__Faecalibacterium.s__Faecalibacterium_prausnitzii	2.55924	0	0	1.18002	0	0
PWY-3001: superpathway of L-isoleucine biosynthesis I|g__Streptococcus.s__Streptococcus_salivarius	0	0	0	0.394303	0	0
PWY-3001: superpathway of L-isoleucine biosynthesis I|g__Streptococcus.s__Streptococcus_salivarius_CAG_79	0	0	0	0.19269	0	0
PWY-3001: superpathway of L-isoleucine biosynthesis I|g__Streptococcus.s__Streptococcus_thermophilus	0	0	0	0.170021	0	0
PWY-3001: superpathway of L-isoleucine biosynthesis I|g__Streptococcus.s__Streptococcus_thermophilus_CAG_236	0	0	0	0.205713	0	0
PWY-3001: superpathway of L-isoleucine biosynthesis I|unclassified	62.5691	124.211	117.265	92.36	84.7939	90.0036
PWY-3781: aerobic respiration I (cytochrome c)	4.62493	10.841	0.315432	0	0	0
PWY-3781: aerobic respiration I (cytochrome c)|unclassified	0	0	0.312621	0	0	0
PWY-3841: folate transformations II	463.296	603.116	513.999	475.012	613.331	524.417
PWY-3841: folate transformations II|g__Akkermansia.s__Akkermansia_muciniphila	0	1.88081	1.26819	12.4322	11.3447	12.1972
PWY-3841: folate transformations II|g__Alistipes.s__Alistipes_finegoldii	4.30923	0	4.61256	18.8624	53.7412	5.46278
PWY-3841: folate transformations II|g__Alistipes.s__Alistipes_indistinctus	0	0	0	1.96452	1.98826	1.05724
PWY-3841: folate transformations II|g__Alistipes.s__Alistipes_putredinis	0.508393	4.75359	4.13126	6.48996	40.0591	12.7756
PWY-3841: folate transformations II|g__Alistipes.s__Alistipes_putredinis_CAG_67	0.394172	4.71495	2.88809	1.20606	7.84713	5.10172
PWY-3841: folate transformations II|g__Alistipes.s__Alistipes_sp_An31A	0	1.72977	0	0	0	0
PWY-3841: folate transformations II|g__Anaerostipes.s__Anaerostipes_hadrus	14.8355	0	5.66963	12.1402	4.08273	8.93919
PWY-3841: folate transformations II|g__Bacteroides.s__Bacteroides_caccae	0.922259	0	0	1.13685	1.82823	0
PWY-3841: folate transformations II|g__Bacteroides.s__Bacteroides_cellulosilyticus	0	0	0	0	0	1.64516
PWY-3841: folate transformations II|g__Bacteroides.s__Bacteroides_clarus	0	0.748132	0	1.86806	3.02355	0
PWY-3841: folate transformations II|g__Bacteroides.s__Bacteroides_coprocola	46.7483	0	0	0	0	0
PWY-3841: folate transformations II|g__Bacteroides.s__Bacteroides_coprocola_CAG_162	18.7275	0	0	0	0	0
PWY-3841: folate transformations II|g__Bacteroides.s__Bacteroides_dorei	0	0.739968	3.73767	5.11895	32.2543	21.3924
PWY-3841: folate transformations II|g__Bacteroides.s__Bacteroides_eggerthii	0	0	9.22512	4.45647	34.8579	0
PWY-3841: folate transformations II|g__Bacteroides.s__Bacteroides_faecis	0	0	0	0	1.90422	0
PWY-3841: folate transformations II|g__Bacteroides.s__Bacteroides_finegoldii	0	0	0	0.51585	0	0
PWY-3841: folate transformations II|g__Bacteroides.s__Bacteroides_fragilis	0	0	0	0	0	1.70393
PWY-3841: folate transformations II|g__Bacteroides.s__Bacteroides_fragilis_CAG_47	0	0	0	0	0	0.761035
PWY-3841: folate transformations II|g__Bacteroides.s__Bacteroides_massiliensis	9.16775	1.19745	5.60946	0	7.14974	0
PWY-3841: folate transformations II|g__Bacteroides.s__Bacteroides_ovatus	10.1967	0	0	3.39728	12.4229	3.46635
PWY-3841: folate transformations II|g__Bacteroides.s__Bacteroides_plebeius_CAG_211	0	2.29393	0	1.58179	0	0
PWY-3841: folate transformations II|g__Bacteroides.s__Bacteroides_salyersiae	2.72254	0	1.67359	0.425896	0	0
PWY-3841: folate transformations II|g__Bacteroides.s__Bacteroides_sp_CAG_598	0	9.18442	0	0	0	0
PWY-3841: folate transformations II|g__Bacteroides.s__Bacteroides_sp_CAG_633	0	1.36536	0	0	0	0
PWY-3841: folate transformations II|g__Bacteroides.s__Bacteroides_stercoris	0	0	0.904407	1.37415	0	7.8523
PWY-3841: folate transformations II|g__Bacteroides.s__Bacteroides_thetaiotaomicron	4.50374	0	4.76943	0	0	2.42102
PWY-3841: folate transformations II|g__Bacteroides.s__Bacteroides_uniformis	7.47017	2.89347	11.6848	5.44862	19.1021	12.9921
PWY-3841: folate transformations II|g__Bacteroides.s__Bacteroides_uniformis_CAG_3	3.23003	2.97212	8.84447	4.2305	11.8763	8.88254
PWY-3841: folate transformations II|g__Bacteroides.s__Bacteroides_vulgatus	29.6647	5.4277	8.70784	3.04325	0	0
PWY-3841: folate transformations II|g__Bacteroides.s__Bacteroides_vulgatus_CAG_6	23.6345	5.65984	7.53917	1.92955	0	0
PWY-3841: folate transformations II|g__Bacteroides.s__Bacteroides_xylanisolvens	0	0	1.67443	0	1.37377	3.46026
PWY-3841: folate transformations II|g__Barnesiella.s__Barnesiella_intestinihominis	1.34552	0.988438	0.475678	1.2801	22.9586	3.74879
PWY-3841: folate transformations II|g__Barnesiella.s__Barnesiella_viscericola	0	0	5.07559	0	0	0
PWY-3841: folate transformations II|g__Bifidobacterium.s__Bifidobacterium_adolescentis	0	1.59641	0	0	0	15.8227
PWY-3841: folate transformations II|g__Bifidobacterium.s__Bifidobacterium_longum	1.1604	0	5.06238	0	0	0
PWY-3841: folate transformations II|g__Bifidobacterium.s__Bifidobacterium_longum_CAG_69	4.31377	0	12.3755	2.34797	3.06615	16.8251
PWY-3841: folate transformations II|g__Bifidobacterium.s__Bifidobacterium_pseudocatenulatum	0	0	9.88073	1.24802	0	10.6058
PWY-3841: folate transformations II|g__Blautia.s__Blautia_obeum	7.47654	39.2548	7.23132	0	9.48195	4.6001
PWY-3841: folate transformations II|g__Blautia.s__Blautia_wexlerae	5.96075	0	0	8.67467	0	0.994508
PWY-3841: folate transformations II|g__Blautia.s__Ruminococcus_torques	0	16.4644	31.2789	19.684	9.46813	6.37337
PWY-3841: folate transformations II|g__Butyricimonas.s__Butyricimonas_virosa	0	0.725	0	0.793188	0	0
PWY-3841: folate transformations II|g__Butyrivibrio.s__Butyrivibrio_crossotus	0	0	10.2757	0	0	0
PWY-3841: folate transformations II|g__Butyrivibrio.s__Butyrivibrio_crossotus_CAG_259	0	0	7.34153	0	0	0
PWY-3841: folate transformations II|g__Butyrivibrio.s__Butyrivibrio_sp_CAG_318	0	2.62377	0	0	0	0
PWY-3841: folate transformations II|g__Clostridium.s__Clostridium_sp_CAG_632	0	0	7.32044	0	0	0
PWY-3841: folate transformations II|g__Coprobacter.s__Coprobacter_fastidiosus	0	0	0	0	0	0.374826
PWY-3841: folate transformations II|g__Coprococcus.s__Coprococcus_catus	0.553234	2.72719	1.56901	1.91291	1.94941	2.73337
PWY-3841: folate transformations II|g__Coprococcus.s__Coprococcus_comes	1.008	1.35937	1.14871	1.9023	0.528438	0.818742
PWY-3841: folate transformations II|g__Coprococcus.s__Coprococcus_comes_CAG_19	0.877418	1.20507	2.83805	3.96281	1.18467	1.02124
PWY-3841: folate transformations II|g__Coprococcus.s__Coprococcus_eutactus	0	0	0	6.9858	3.31022	4.86877
PWY-3841: folate transformations II|g__Dialister.s__Dialister_invisus	0	0	0	0	19.0134	0
PWY-3841: folate transformations II|g__Dialister.s__Dialister_sp_CAG_357	0	0	0	0	0	10.9962
PWY-3841: folate transformations II|g__Dialister.s__Dialister_succinatiphilus	0	0	0	7.39481	0	0
PWY-3841: folate transformations II|g__Dorea.s__Dorea_formicigenerans	0.209356	1.51123	0	0	0.101025	0.265767
PWY-3841: folate transformations II|g__Dorea.s__Dorea_formicigenerans_CAG_28	0.42962	1.77685	0.179363	0	0	0.305473
PWY-3841: folate transformations II|g__Dorea.s__Dorea_longicatena	0	0	0.20832	0.433372	1.06954	0.389121
PWY-3841: folate transformations II|g__Dorea.s__Dorea_longicatena_CAG_42	0	11.8553	0.631145	0.388756	0.882745	1.74284
PWY-3841: folate transformations II|g__Dorea.s__Dorea_sp_CAG_317	0	1.40156	0	0	0	0
PWY-3841: folate transformations II|g__Escherichia.s__Escherichia_coli	0	0	0	11.0446	0	0
PWY-3841: folate transformations II|g__Eubacterium.s__Eubacterium_hallii	2.02388	2.27597	0.47118	0	0.913254	0.280855
PWY-3841: folate transformations II|g__Eubacterium.s__Eubacterium_hallii_CAG_12	1.67424	0	2.57266	0.646561	1.40168	3.23023
PWY-3841: folate transformations II|g__Eubacterium.s__Eubacterium_ramulus	0.934681	0	0.491141	0	0	0.727682
PWY-3841: folate transformations II|g__Eubacterium.s__Eubacterium_ventriosum	0	0	0.603875	0.66706	0	0
PWY-3841: folate transformations II|g__Faecalitalea.s__Faecalitalea_cylindroides	0	1.36944	0	0	0	0
PWY-3841: folate transformations II|g__Firmicutes_unclassified.s__Firmicutes_bacterium_CAG_170	0	0	0	1.12431	4.56483	0
PWY-3841: folate transformations II|g__Flavonifractor.s__Flavonifractor_plautii	0	0.575863	0	0	0	0
PWY-3841: folate transformations II|g__Lachnospiraceae_unclassified.s__Eubacterium_rectale	67.8551	0	0	0.26938	0.243784	0
PWY-3841: folate transformations II|g__Lawsonibacter.s__Lawsonibacter_asaccharolyticus	0	1.20153	0	0	0	0
PWY-3841: folate transformations II|g__Odoribacter.s__Odoribacter_laneus	0	0	1.1355	0	0	0
PWY-3841: folate transformations II|g__Odoribacter.s__Odoribacter_laneus_CAG_561	0	0	0.996619	0	0	0
PWY-3841: folate transformations II|g__Oxalobacter.s__Oxalobacter_formigenes	0	0	0	1.25671	0	0
PWY-3841: folate transformations II|g__Parabacteroides.s__Parabacteroides_distasonis	4.10138	1.06028	5.19254	0.385621	13.0466	3.49865
PWY-3841: folate transformations II|g__Parabacteroides.s__Parabacteroides_goldsteinii	0	0	1.02136	0	0	0
PWY-3841: folate transformations II|g__Parabacteroides.s__Parabacteroides_merdae	1.78725	0.610426	2.88668	1.04834	0	0
PWY-3841: folate transformations II|g__Parabacteroides.s__Parabacteroides_sp_CAG_409	0	3.51342	0	0	0	0
PWY-3841: folate transformations II|g__Paraprevotella.s__Paraprevotella_clara	0	0.80991	0	0	0	0
PWY-3841: folate transformations II|g__Paraprevotella.s__Paraprevotella_clara_CAG_116	0	2.1203	0	0	0	0
PWY-3841: folate transformations II|g__Paraprevotella.s__Paraprevotella_xylaniphila	2.43835	0	0	0	3.51659	0
PWY-3841: folate transformations II|g__Parasutterella.s__Parasutterella_excrementihominis	0	0	0	0	2.73055	0.527828
PWY-3841: folate transformations II|g__Prevotella.s__Prevotella_sp_CAG_279	0	4.70379	0	0	0	66.1852
PWY-3841: folate transformations II|g__Roseburia.s__Roseburia_faecis	0	0.886383	14.1517	0	0	17.2058
PWY-3841: folate transformations II|g__Roseburia.s__Roseburia_hominis	0	6.64039	0	3.59648	2.21449	0.984184
PWY-3841: folate transformations II|g__Roseburia.s__Roseburia_intestinalis	0	0.210914	0.380655	0.181114	0	0.98842
PWY-3841: folate transformations II|g__Roseburia.s__Roseburia_intestinalis_CAG_13	0	0.278951	0.290973	0.391409	0	0.898948
PWY-3841: folate transformations II|g__Roseburia.s__Roseburia_inulinivorans	0.320548	1.54117	0.0806854	0.51802	0	1.27801
PWY-3841: folate transformations II|g__Roseburia.s__Roseburia_inulinivorans_CAG_15	0.282676	1.22657	0.131571	0.985155	0	1.86778
PWY-3841: folate transformations II|g__Roseburia.s__Roseburia_sp_CAG_182	0	0	0	9.21488	0	0
PWY-3841: folate transformations II|g__Ruminococcaceae_unclassified.s__Eubacterium_siraeum	0	0	3.8833	2.36051	0.872671	18.9727
PWY-3841: folate transformations II|g__Ruminococcus.s__Ruminococcus_lactaris	0	0	1.86167	8.31606	0.609028	0.359738
PWY-3841: folate transformations II|g__Streptococcus.s__Streptococcus_salivarius	0	0	0	0.0930893	0	0
PWY-3841: folate transformations II|g__Streptococcus.s__Streptococcus_thermophilus	0	0	0	0.168091	0	0
PWY-3841: folate transformations II|g__Streptococcus.s__Streptococcus_thermophilus_CAG_236	0	0	0	0.158204	0	0
PWY-3841: folate transformations II|unclassified	84.673	196.49	206.592	163.338	216.107	153.995
PWY-4041: &gamma;-glutamyl cycle	44.3878	77.6953	85.9851	117.35	54.4723	116.421
PWY-4041: &gamma;-glutamyl cycle|g__Bacteroides.s__Bacteroides_dorei	0	0	0	1.34762	0.426262	0
PWY-4041: &gamma;-glutamyl cycle|g__Bacteroides.s__Bacteroides_ovatus	0	0	0	1.16603	0.291562	0
PWY-4041: &gamma;-glutamyl cycle|g__Bacteroides.s__Bacteroides_thetaiotaomicron	0	0	1.01939	0	0	0
PWY-4041: &gamma;-glutamyl cycle|g__Bifidobacterium.s__Bifidobacterium_longum	3.78326	0.213635	13.7162	2.2286	3.91551	17.1274
PWY-4041: &gamma;-glutamyl cycle|g__Escherichia.s__Escherichia_coli	0	0	0	22.7172	0	0
PWY-4041: &gamma;-glutamyl cycle|g__Streptococcus.s__Streptococcus_thermophilus	0	0	0	0.27565	0	0
PWY-4041: &gamma;-glutamyl cycle|g__Streptococcus.s__Streptococcus_thermophilus_CAG_236	0	0	0	0.129505	0	0
PWY-4041: &gamma;-glutamyl cycle|unclassified	8.27821	20.4159	20.2883	22.9829	21.7391	14.5317
PWY-4242: pantothenate and coenzyme A biosynthesis III	526.626	598.71	488.146	460.407	496.039	472.446
PWY-4242: pantothenate and coenzyme A biosynthesis III|g__Agathobaculum.s__Agathobaculum_butyriciproducens	2.30262	9.34417	2.11806	0.518503	3.00542	2.59229
PWY-4242: pantothenate and coenzyme A biosynthesis III|g__Alistipes.s__Alistipes_finegoldii	4.09108	0	1.46836	21.0876	52.2117	7.80677
PWY-4242: pantothenate and coenzyme A biosynthesis III|g__Alistipes.s__Alistipes_indistinctus	0	0	0	2.14033	1.49379	0.822183
PWY-4242: pantothenate and coenzyme A biosynthesis III|g__Alistipes.s__Alistipes_putredinis	0.489003	4.22889	4.75032	6.53386	43.7798	13.4612
PWY-4242: pantothenate and coenzyme A biosynthesis III|g__Alistipes.s__Alistipes_putredinis_CAG_67	0.157244	1.47857	0.989029	1.59048	7.76712	3.45894
PWY-4242: pantothenate and coenzyme A biosynthesis III|g__Alistipes.s__Alistipes_sp_An31A	0	1.20017	0	0	0	0
PWY-4242: pantothenate and coenzyme A biosynthesis III|g__Anaerostipes.s__Anaerostipes_hadrus	9.60555	0	4.66204	10.725	4.11295	8.22077
PWY-4242: pantothenate and coenzyme A biosynthesis III|g__Bacteroides.s__Bacteroides_caccae	0.459311	0	0	0.957903	1.39046	0
PWY-4242: pantothenate and coenzyme A biosynthesis III|g__Bacteroides.s__Bacteroides_cellulosilyticus	2.85737	0	0	4.55824	0	4.55642
PWY-4242: pantothenate and coenzyme A biosynthesis III|g__Bacteroides.s__Bacteroides_clarus	0	0.796574	0	1.27262	2.49857	0
PWY-4242: pantothenate and coenzyme A biosynthesis III|g__Bacteroides.s__Bacteroides_coprocola	11.1198	0	0	0	0	0
PWY-4242: pantothenate and coenzyme A biosynthesis III|g__Bacteroides.s__Bacteroides_coprocola_CAG_162	55.4979	0	0	0	0	0
PWY-4242: pantothenate and coenzyme A biosynthesis III|g__Bacteroides.s__Bacteroides_dorei	0	1.04423	3.22967	4.59032	28.2119	19.0087
PWY-4242: pantothenate and coenzyme A biosynthesis III|g__Bacteroides.s__Bacteroides_eggerthii	0	0	6.74187	3.5046	30.1394	0
PWY-4242: pantothenate and coenzyme A biosynthesis III|g__Bacteroides.s__Bacteroides_faecis	0	0	0	0	1.31131	0
PWY-4242: pantothenate and coenzyme A biosynthesis III|g__Bacteroides.s__Bacteroides_finegoldii	0	0	0	0.427101	0	0
PWY-4242: pantothenate and coenzyme A biosynthesis III|g__Bacteroides.s__Bacteroides_fragilis	0	0	0	0	0	1.75131
PWY-4242: pantothenate and coenzyme A biosynthesis III|g__Bacteroides.s__Bacteroides_fragilis_CAG_47	0	0	0	0	0	0.128648
PWY-4242: pantothenate and coenzyme A biosynthesis III|g__Bacteroides.s__Bacteroides_ovatus	10.7111	0	0	3.35387	4.01855	1.54642
PWY-4242: pantothenate and coenzyme A biosynthesis III|g__Bacteroides.s__Bacteroides_plebeius	0	0.937547	0	0.477264	0	0
PWY-4242: pantothenate and coenzyme A biosynthesis III|g__Bacteroides.s__Bacteroides_plebeius_CAG_211	0	0	0	1.15276	0	0
PWY-4242: pantothenate and coenzyme A biosynthesis III|g__Bacteroides.s__Bacteroides_salyersiae	2.01146	0	1.25582	0.603634	0	0
PWY-4242: pantothenate and coenzyme A biosynthesis III|g__Bacteroides.s__Bacteroides_sp_CAG_144	0	0	3.01628	0	1.77153	0
PWY-4242: pantothenate and coenzyme A biosynthesis III|g__Bacteroides.s__Bacteroides_sp_CAG_598	0	8.26456	0	0	0	0
PWY-4242: pantothenate and coenzyme A biosynthesis III|g__Bacteroides.s__Bacteroides_sp_CAG_633	0	0.963401	0	0	0	0
PWY-4242: pantothenate and coenzyme A biosynthesis III|g__Bacteroides.s__Bacteroides_stercoris	0	0	0.849305	0.911118	0	7.79565
PWY-4242: pantothenate and coenzyme A biosynthesis III|g__Bacteroides.s__Bacteroides_thetaiotaomicron	4.26651	0	3.94121	0	0	1.79472
PWY-4242: pantothenate and coenzyme A biosynthesis III|g__Bacteroides.s__Bacteroides_uniformis	3.69237	2.21228	7.47479	3.57284	9.69868	7.97062
PWY-4242: pantothenate and coenzyme A biosynthesis III|g__Bacteroides.s__Bacteroides_uniformis_CAG_3	1.78847	1.81658	6.41969	2.18519	7.01476	3.29588
PWY-4242: pantothenate and coenzyme A biosynthesis III|g__Bacteroides.s__Bacteroides_vulgatus	24.5011	5.53003	8.71149	2.4565	0	0
PWY-4242: pantothenate and coenzyme A biosynthesis III|g__Bacteroides.s__Bacteroides_vulgatus_CAG_6	12.9495	2.88639	3.85406	1.34352	0	0
PWY-4242: pantothenate and coenzyme A biosynthesis III|g__Bacteroides.s__Bacteroides_xylanisolvens	0	0	1.131	0	0.996434	2.14202
PWY-4242: pantothenate and coenzyme A biosynthesis III|g__Barnesiella.s__Barnesiella_intestinihominis	1.08799	0.787049	0.599096	1.09271	19.6947	3.79909
PWY-4242: pantothenate and coenzyme A biosynthesis III|g__Barnesiella.s__Barnesiella_viscericola	0	0	5.78967	0	0	0
PWY-4242: pantothenate and coenzyme A biosynthesis III|g__Bifidobacterium.s__Bifidobacterium_adolescentis	0	1.81332	0	0	0	16.3057
PWY-4242: pantothenate and coenzyme A biosynthesis III|g__Bifidobacterium.s__Bifidobacterium_pseudocatenulatum	0	0	9.02749	1.3592	0	9.97605
PWY-4242: pantothenate and coenzyme A biosynthesis III|g__Bilophila.s__Bilophila_wadsworthia	0	0	0	0	2.58779	0
PWY-4242: pantothenate and coenzyme A biosynthesis III|g__Blautia.s__Blautia_obeum	6.2613	39.3247	8.90295	0	9.68803	4.71286
PWY-4242: pantothenate and coenzyme A biosynthesis III|g__Blautia.s__Blautia_wexlerae	1.84028	0	0	7.30028	0	0
PWY-4242: pantothenate and coenzyme A biosynthesis III|g__Blautia.s__Ruminococcus_torques	0	6.46268	29.2149	11.0774	1.44831	1.02707
PWY-4242: pantothenate and coenzyme A biosynthesis III|g__Butyricimonas.s__Butyricimonas_virosa	0	0	0	0.297114	0	0
PWY-4242: pantothenate and coenzyme A biosynthesis III|g__Butyrivibrio.s__Butyrivibrio_crossotus	0	0	13.3674	0	0	0
PWY-4242: pantothenate and coenzyme A biosynthesis III|g__Butyrivibrio.s__Butyrivibrio_crossotus_CAG_259	0	0	1.53499	0	0	0
PWY-4242: pantothenate and coenzyme A biosynthesis III|g__Clostridium.s__Clostridium_sp_CAG_58	0	0.735613	0	0	0	0
PWY-4242: pantothenate and coenzyme A biosynthesis III|g__Clostridium.s__Clostridium_sp_CAG_632	0	0	8.29766	0	0	0
PWY-4242: pantothenate and coenzyme A biosynthesis III|g__Coprobacter.s__Coprobacter_fastidiosus	0	0	0	0	0	0.349415
PWY-4242: pantothenate and coenzyme A biosynthesis III|g__Coprococcus.s__Coprococcus_comes	0.191178	1.17758	0.333425	0.621962	0.564128	0.201707
PWY-4242: pantothenate and coenzyme A biosynthesis III|g__Coprococcus.s__Coprococcus_comes_CAG_19	0.76259	0.723095	2.40088	2.3048	0.799852	1.03474
PWY-4242: pantothenate and coenzyme A biosynthesis III|g__Coprococcus.s__Coprococcus_eutactus	0	0	0	6.71883	2.31983	3.49812
PWY-4242: pantothenate and coenzyme A biosynthesis III|g__Desulfovibrio.s__Desulfovibrio_piger	0	6.12059	0	2.95329	0	0
PWY-4242: pantothenate and coenzyme A biosynthesis III|g__Dialister.s__Dialister_invisus	0	0	0	0	2.56621	0
PWY-4242: pantothenate and coenzyme A biosynthesis III|g__Dialister.s__Dialister_invisus_CAG_218	0	0	0	0	13.1804	0
PWY-4242: pantothenate and coenzyme A biosynthesis III|g__Dialister.s__Dialister_sp_CAG_357	0	0	0	0	0	8.27477
PWY-4242: pantothenate and coenzyme A biosynthesis III|g__Dialister.s__Dialister_succinatiphilus	0	0	0	5.35939	0	0
PWY-4242: pantothenate and coenzyme A biosynthesis III|g__Dorea.s__Dorea_formicigenerans	0.375387	1.68132	0	0	0	0.477004
PWY-4242: pantothenate and coenzyme A biosynthesis III|g__Dorea.s__Dorea_formicigenerans_CAG_28	0	1.41081	0	0	0	0
PWY-4242: pantothenate and coenzyme A biosynthesis III|g__Dorea.s__Dorea_longicatena	0	0	0.279728	0.146869	0.456771	0.337503
PWY-4242: pantothenate and coenzyme A biosynthesis III|g__Dorea.s__Dorea_longicatena_CAG_42	0	14.6995	0.585602	0.158927	0.732215	1.6576
PWY-4242: pantothenate and coenzyme A biosynthesis III|g__Eggerthella.s__Eggerthella_lenta	0	0	0	0	0.672348	0
PWY-4242: pantothenate and coenzyme A biosynthesis III|g__Escherichia.s__Escherichia_coli	0	0	0	15.7695	0	0
PWY-4242: pantothenate and coenzyme A biosynthesis III|g__Eubacterium.s__Eubacterium_eligens	5.22421	0	0.177395	1.01337	0	0.14506
PWY-4242: pantothenate and coenzyme A biosynthesis III|g__Eubacterium.s__Eubacterium_eligens_CAG_72	0.468704	0	0.158559	1.27745	0	0.14956
PWY-4242: pantothenate and coenzyme A biosynthesis III|g__Eubacterium.s__Eubacterium_hallii	2.34019	0	0	0	0.862022	1.8789
PWY-4242: pantothenate and coenzyme A biosynthesis III|g__Eubacterium.s__Eubacterium_ramulus	0.685331	0	0.656447	1.54031	0	0.735888
PWY-4242: pantothenate and coenzyme A biosynthesis III|g__Eubacterium.s__Eubacterium_sp_CAG_274	0	0	3.39582	0	0	0
PWY-4242: pantothenate and coenzyme A biosynthesis III|g__Eubacterium.s__Eubacterium_ventriosum	0	0	0.601626	0.5759	0	0
PWY-4242: pantothenate and coenzyme A biosynthesis III|g__Faecalibacterium.s__Faecalibacterium_prausnitzii	64.7662	117.595	36.2992	4.23436	6.90366	9.73119
PWY-4242: pantothenate and coenzyme A biosynthesis III|g__Faecalitalea.s__Faecalitalea_cylindroides	0	1.41326	0	0	0	0
PWY-4242: pantothenate and coenzyme A biosynthesis III|g__Firmicutes_unclassified.s__Firmicutes_bacterium_CAG_110	0	0.801473	9.00022	2.78786	0	3.18682
PWY-4242: pantothenate and coenzyme A biosynthesis III|g__Flavonifractor.s__Flavonifractor_plautii	0	0.558446	0	0	0	0
PWY-4242: pantothenate and coenzyme A biosynthesis III|g__Fusicatenibacter.s__Fusicatenibacter_saccharivorans	6.53034	16.3598	4.44444	28.4253	10.1831	1.27775
PWY-4242: pantothenate and coenzyme A biosynthesis III|g__Gemmiger.s__Gemmiger_formicilis	12.5741	7.7932	4.59541	7.50358	2.24126	1.20416
PWY-4242: pantothenate and coenzyme A biosynthesis III|g__Intestinibacter.s__Intestinibacter_bartlettii	0	0	0	0.340041	0	0
PWY-4242: pantothenate and coenzyme A biosynthesis III|g__Lachnospira.s__Lachnospira_pectinoschiza	0	0	2.36405	0	0	0.67527
PWY-4242: pantothenate and coenzyme A biosynthesis III|g__Lachnospiraceae_unclassified.s__Eubacterium_rectale	74.2712	0	0	10.1725	1.99632	0
PWY-4242: pantothenate and coenzyme A biosynthesis III|g__Lawsonibacter.s__Lawsonibacter_asaccharolyticus	0	1.12206	0	0	0	0
PWY-4242: pantothenate and coenzyme A biosynthesis III|g__Megamonas.s__Megamonas_funiformis	0	9.82777	0	0	0	0
PWY-4242: pantothenate and coenzyme A biosynthesis III|g__Monoglobus.s__Monoglobus_pectinilyticus	0	0	0	0	0	1.73013
PWY-4242: pantothenate and coenzyme A biosynthesis III|g__Odoribacter.s__Odoribacter_laneus	0	0	1.31149	0	0	0
PWY-4242: pantothenate and coenzyme A biosynthesis III|g__Odoribacter.s__Odoribacter_laneus_CAG_561	0	0	0.482707	0	0	0
PWY-4242: pantothenate and coenzyme A biosynthesis III|g__Oxalobacter.s__Oxalobacter_formigenes	0	0	0	1.18532	0	0
PWY-4242: pantothenate and coenzyme A biosynthesis III|g__Parabacteroides.s__Parabacteroides_distasonis	2.94826	1.07607	3.38176	0	9.97786	2.5449
PWY-4242: pantothenate and coenzyme A biosynthesis III|g__Parabacteroides.s__Parabacteroides_goldsteinii	0	0	0.434071	0	0	0
PWY-4242: pantothenate and coenzyme A biosynthesis III|g__Parabacteroides.s__Parabacteroides_merdae	1.17191	0.364405	2.68933	0.743268	0	0
PWY-4242: pantothenate and coenzyme A biosynthesis III|g__Parabacteroides.s__Parabacteroides_sp_CAG_409	0	3.06438	0	0	0	0
PWY-4242: pantothenate and coenzyme A biosynthesis III|g__Paraprevotella.s__Paraprevotella_clara	0	0.947888	0	0	0	0
PWY-4242: pantothenate and coenzyme A biosynthesis III|g__Paraprevotella.s__Paraprevotella_clara_CAG_116	0	0.946255	0	0	0	0
PWY-4242: pantothenate and coenzyme A biosynthesis III|g__Paraprevotella.s__Paraprevotella_xylaniphila	2.27626	0	0	0	3.1312	0
PWY-4242: pantothenate and coenzyme A biosynthesis III|g__Phascolarctobacterium.s__Phascolarctobacterium_faecium	8.34517	0	0	0	0	0
PWY-4242: pantothenate and coenzyme A biosynthesis III|g__Prevotella.s__Prevotella_sp_CAG_279	0	3.65412	0	0	0	63.4886
PWY-4242: pantothenate and coenzyme A biosynthesis III|g__Prevotella.s__Prevotella_sp_CAG_485	0	0	0	3.27091	0	0
PWY-4242: pantothenate and coenzyme A biosynthesis III|g__Roseburia.s__Roseburia_faecis	0	1.1539	16.5742	0	0	18.033
PWY-4242: pantothenate and coenzyme A biosynthesis III|g__Roseburia.s__Roseburia_hominis	0	5.45791	0	3.34422	1.11905	0.513004
PWY-4242: pantothenate and coenzyme A biosynthesis III|g__Roseburia.s__Roseburia_intestinalis	0	0	0.2578	0	0	0.7748
PWY-4242: pantothenate and coenzyme A biosynthesis III|g__Roseburia.s__Roseburia_intestinalis_CAG_13	0	0	0.309528	0.233206	0	0.717359
PWY-4242: pantothenate and coenzyme A biosynthesis III|g__Roseburia.s__Roseburia_sp_CAG_182	0	0	0	8.28109	0.3143	0
PWY-4242: pantothenate and coenzyme A biosynthesis III|g__Roseburia.s__Roseburia_sp_CAG_471	6.13466	0	0	0	0	1.13242
PWY-4242: pantothenate and coenzyme A biosynthesis III|g__Ruminococcus.s__Ruminococcus_bicirculans	6.11648	2.57016	0	2.76929	0	1.35583
PWY-4242: pantothenate and coenzyme A biosynthesis III|g__Ruminococcus.s__Ruminococcus_callidus	0	0	0	3.0992	0	0
PWY-4242: pantothenate and coenzyme A biosynthesis III|g__Ruminococcus.s__Ruminococcus_lactaris	0	0	2.17345	8.50079	0.420793	0
PWY-4242: pantothenate and coenzyme A biosynthesis III|g__Streptococcus.s__Streptococcus_salivarius	0	0	0	0.482569	0	0
PWY-4242: pantothenate and coenzyme A biosynthesis III|unclassified	87.1662	160.141	175.997	161.604	107.235	143.021
PWY-4702: phytate degradation I	0	0	0	32.3731	0.16636	0.255708
PWY-4702: phytate degradation I|g__Escherichia.s__Escherichia_coli	0	0	0	21.242	0	0
PWY-4702: phytate degradation I|unclassified	0	0	0	0.281921	0.16636	0.255708
PWY-4722: creatinine degradation II	0	0.798479	0	0.437713	0.374454	0
PWY-4722: creatinine degradation II|unclassified	0	0.792764	0	0.328948	0	0
PWY-4981: L-proline biosynthesis II (from arginine)	99.5706	116.296	74.277	65.7782	125.955	107.07
PWY-4981: L-proline biosynthesis II (from arginine)|g__Butyricimonas.s__Butyricimonas_virosa	0	0.617229	0	0.412632	0	0
PWY-4981: L-proline biosynthesis II (from arginine)|g__Eggerthella.s__Eggerthella_lenta	0	0	0	0	1.19215	0
PWY-4981: L-proline biosynthesis II (from arginine)|g__Escherichia.s__Escherichia_coli	0	0	0	11.6793	0	0
PWY-4981: L-proline biosynthesis II (from arginine)|g__Eubacterium.s__Eubacterium_ramulus	0.99164	0	0.96457	1.89241	0	1.31772
PWY-4981: L-proline biosynthesis II (from arginine)|g__Firmicutes_unclassified.s__Firmicutes_bacterium_CAG_170	0	0	0	0.544307	4.19095	0
PWY-4981: L-proline biosynthesis II (from arginine)|unclassified	48.4989	95.5291	61.8115	54.9627	98.0062	88.2637
PWY-4984: urea cycle	302.162	56.7767	178	53.6272	199.089	116.112
PWY-4984: urea cycle|g__Alistipes.s__Alistipes_finegoldii	4.12653	0	2.39048	12.6404	48.5343	0
PWY-4984: urea cycle|g__Coprococcus.s__Coprococcus_catus	0.361753	3.15173	2.10401	2.03663	2.19895	2.12799
PWY-4984: urea cycle|g__Flavonifractor.s__Flavonifractor_plautii	0	1.34168	0	0	0	0
PWY-4984: urea cycle|unclassified	1.22948	7.73823	6.02863	9.70372	4.22837	4.26656
PWY-5004: superpathway of L-citrulline metabolism	0	0	4.68397	13.6658	15.466	3.05976
PWY-5004: superpathway of L-citrulline metabolism|unclassified	0	0	2.88471	1.78051	0	0
PWY-5005: biotin biosynthesis II	20.6954	74.1397	21.1764	32.875	62.6044	29.2261
PWY-5005: biotin biosynthesis II|g__Megamonas.s__Megamonas_funiformis	0	9.34063	0	0	0	0
PWY-5005: biotin biosynthesis II|g__Phascolarctobacterium.s__Phascolarctobacterium_faecium	7.67226	0	0	0	0	0
PWY-5005: biotin biosynthesis II|unclassified	0	13.8087	9.71823	3.2603	0	0
PWY-5022: 4-aminobutanoate degradation V	10.223	5.03037	16.0294	33.1203	11.3384	45.9906
PWY-5022: 4-aminobutanoate degradation V|unclassified	1.01436	2.29801	0	2.52499	0.61133	0
PWY-5030: L-histidine degradation III	109.951	49.8862	106.817	86.8535	248.248	105.612
PWY-5030: L-histidine degradation III|g__Alistipes.s__Alistipes_finegoldii	1.60456	0	5.03707	14.7204	25.2784	3.93594
PWY-5030: L-histidine degradation III|g__Alistipes.s__Alistipes_putredinis	0.506273	6.20305	3.99913	6.2271	39.0618	13.5274
PWY-5030: L-histidine degradation III|g__Alistipes.s__Alistipes_putredinis_CAG_67	0.330547	2.09145	1.82765	1.426	8.8119	3.98306
PWY-5030: L-histidine degradation III|g__Bacteroides.s__Bacteroides_clarus	0	0.755752	0	2.00697	2.31292	0
PWY-5030: L-histidine degradation III|g__Bacteroides.s__Bacteroides_dorei	0	0.68826	3.9623	4.88574	34.7226	21.1038
PWY-5030: L-histidine degradation III|g__Bacteroides.s__Bacteroides_eggerthii	0	0	10.626	4.1432	35.7502	0
PWY-5030: L-histidine degradation III|g__Bacteroides.s__Bacteroides_faecis	0	0	0	0	1.37607	0
PWY-5030: L-histidine degradation III|g__Bacteroides.s__Bacteroides_fragilis	0	0	0	0	0	2.01337
PWY-5030: L-histidine degradation III|g__Bacteroides.s__Bacteroides_massiliensis	9.00929	1.28508	6.41828	0	7.71387	0
PWY-5030: L-histidine degradation III|g__Bacteroides.s__Bacteroides_ovatus	11.7137	0	0	3.32951	14.5427	2.16134
PWY-5030: L-histidine degradation III|g__Bacteroides.s__Bacteroides_stercoris	0	0	1.12819	1.15903	0	8.22871
PWY-5030: L-histidine degradation III|g__Bacteroides.s__Bacteroides_thetaiotaomicron	4.66462	0	4.66626	0	0	2.14678
PWY-5030: L-histidine degradation III|g__Bacteroides.s__Bacteroides_uniformis	5.43842	3.92681	11.8408	4.63975	15.8822	11.3629
PWY-5030: L-histidine degradation III|g__Bacteroides.s__Bacteroides_uniformis_CAG_3	0	0	0.166993	0	0	0
PWY-5030: L-histidine degradation III|g__Bacteroides.s__Bacteroides_vulgatus	24.9998	5.3534	7.89902	1.85841	0	0
PWY-5030: L-histidine degradation III|g__Bacteroides.s__Bacteroides_vulgatus_CAG_6	20.0397	5.5352	7.27293	2.06364	0	0
PWY-5030: L-histidine degradation III|g__Bacteroides.s__Bacteroides_xylanisolvens	0	0	1.45571	0	0.97715	3.21408
PWY-5030: L-histidine degradation III|unclassified	7.39897	2.17527	15.7966	15.9571	34.1234	10.2606
PWY-5083: NAD/NADH phosphorylation and dephosphorylation	22.4208	0	34.7718	72.3388	28.7705	11.4092
PWY-5083: NAD/NADH phosphorylation and dephosphorylation|g__Bacteroides.s__Bacteroides_fragilis	0	0	0	0	0	1.74998
PWY-5083: NAD/NADH phosphorylation and dephosphorylation|g__Bacteroides.s__Bacteroides_ovatus	11.3661	0	0	3.02806	4.63362	1.33439
PWY-5083: NAD/NADH phosphorylation and dephosphorylation|g__Bacteroides.s__Bacteroides_xylanisolvens	0	0	1.18863	0	10.0737	3.35332
PWY-5083: NAD/NADH phosphorylation and dephosphorylation|g__Escherichia.s__Escherichia_coli	0	0	0	13.5954	0	0
PWY-5083: NAD/NADH phosphorylation and dephosphorylation|unclassified	0	0	23.6372	5.93408	0.373591	0
PWY-5088: L-glutamate degradation VIII (to propanoate)	0	1.14628	1.2339	0	0	0
PWY-5088: L-glutamate degradation VIII (to propanoate)|unclassified	0	1.09757	1.03345	0	0	0
PWY-5097: L-lysine biosynthesis VI	501.432	616.921	486.238	447.905	512.237	485.729
PWY-5097: L-lysine biosynthesis VI|g__Agathobaculum.s__Agathobaculum_butyriciproducens	3.55785	9.18959	2.12453	1.53308	2.33451	2.41149
PWY-5097: L-lysine biosynthesis VI|g__Akkermansia.s__Akkermansia_muciniphila	0	1.38931	0.628053	10.863	10.9783	12.531
PWY-5097: L-lysine biosynthesis VI|g__Alistipes.s__Alistipes_finegoldii	3.56451	0	2.87234	16.6794	46.4712	5.41513
PWY-5097: L-lysine biosynthesis VI|g__Alistipes.s__Alistipes_sp_An31A	0	1.52892	0	0	0	0
PWY-5097: L-lysine biosynthesis VI|g__Anaerostipes.s__Anaerostipes_hadrus	14.159	0	5.38793	11.3677	4.07122	8.30389
PWY-5097: L-lysine biosynthesis VI|g__Bacteroides.s__Bacteroides_caccae	0.568383	0	0	0.899542	1.22813	0
PWY-5097: L-lysine biosynthesis VI|g__Bacteroides.s__Bacteroides_cellulosilyticus	2.74284	0	0	4.18637	0	3.95421
PWY-5097: L-lysine biosynthesis VI|g__Bacteroides.s__Bacteroides_clarus	0	0.595186	0	1.57456	2.29047	0
PWY-5097: L-lysine biosynthesis VI|g__Bacteroides.s__Bacteroides_coprocola	38.2216	0	0	0	0	0
PWY-5097: L-lysine biosynthesis VI|g__Bacteroides.s__Bacteroides_coprocola_CAG_162	54.7223	0	0	0	0	0
PWY-5097: L-lysine biosynthesis VI|g__Bacteroides.s__Bacteroides_dorei	0	1.21813	4.37894	3.03264	28.0478	17.6579
PWY-5097: L-lysine biosynthesis VI|g__Bacteroides.s__Bacteroides_eggerthii	0	0	8.75338	3.38208	32.8607	0
PWY-5097: L-lysine biosynthesis VI|g__Bacteroides.s__Bacteroides_faecis	0	0	0	0	1.59165	0
PWY-5097: L-lysine biosynthesis VI|g__Bacteroides.s__Bacteroides_finegoldii	0	0	0	0.680565	0	0
PWY-5097: L-lysine biosynthesis VI|g__Bacteroides.s__Bacteroides_fragilis	0	0	0	0	0	1.81537
PWY-5097: L-lysine biosynthesis VI|g__Bacteroides.s__Bacteroides_fragilis_CAG_47	0	0	0	0	0	0.940772
PWY-5097: L-lysine biosynthesis VI|g__Bacteroides.s__Bacteroides_massiliensis	8.58209	1.30957	5.64292	0	7.05908	0
PWY-5097: L-lysine biosynthesis VI|g__Bacteroides.s__Bacteroides_ovatus	7.06782	0	0	0.540207	7.86123	0.132883
PWY-5097: L-lysine biosynthesis VI|g__Bacteroides.s__Bacteroides_plebeius	0	1.71235	0	0	0	0
PWY-5097: L-lysine biosynthesis VI|g__Bacteroides.s__Bacteroides_plebeius_CAG_211	0	1.59043	0	1.47134	0	0
PWY-5097: L-lysine biosynthesis VI|g__Bacteroides.s__Bacteroides_salyersiae	2.49592	0	1.61933	0	0	0
PWY-5097: L-lysine biosynthesis VI|g__Bacteroides.s__Bacteroides_sp_CAG_598	0	8.58134	0	0	0	0
PWY-5097: L-lysine biosynthesis VI|g__Bacteroides.s__Bacteroides_sp_CAG_633	0	1.17377	0	0	0	0
PWY-5097: L-lysine biosynthesis VI|g__Bacteroides.s__Bacteroides_stercoris	0	0	0.861956	0.685388	0	6.24552
PWY-5097: L-lysine biosynthesis VI|g__Bacteroides.s__Bacteroides_thetaiotaomicron	3.83961	0	3.7194	0	0	1.96493
PWY-5097: L-lysine biosynthesis VI|g__Bacteroides.s__Bacteroides_uniformis	5.39024	2.22916	8.52426	3.01238	12.6555	6.90438
PWY-5097: L-lysine biosynthesis VI|g__Bacteroides.s__Bacteroides_uniformis_CAG_3	1.75484	2.2776	7.91448	3.71127	10.0233	10.7217
PWY-5097: L-lysine biosynthesis VI|g__Bacteroides.s__Bacteroides_vulgatus	25.0397	6.70897	7.87624	2.60385	0	0
PWY-5097: L-lysine biosynthesis VI|g__Bacteroides.s__Bacteroides_vulgatus_CAG_6	7.07994	1.67316	3.5004	1.24441	0	0
PWY-5097: L-lysine biosynthesis VI|g__Bacteroides.s__Bacteroides_xylanisolvens	0	0	1.40033	0	0.785174	2.39614
PWY-5097: L-lysine biosynthesis VI|g__Barnesiella.s__Barnesiella_intestinihominis	0.933166	0.966122	0.42901	1.58541	22.4362	4.09027
PWY-5097: L-lysine biosynthesis VI|g__Barnesiella.s__Barnesiella_viscericola	0	0	4.05704	0	0	0
PWY-5097: L-lysine biosynthesis VI|g__Bifidobacterium.s__Bifidobacterium_adolescentis	0	2.01443	0	0	0	23.2962
PWY-5097: L-lysine biosynthesis VI|g__Bifidobacterium.s__Bifidobacterium_longum	1.08011	0.135801	2.44221	0.824299	1.41349	5.02919
PWY-5097: L-lysine biosynthesis VI|g__Bifidobacterium.s__Bifidobacterium_longum_CAG_69	2.35958	0.145327	5.71208	1.20751	2.52246	9.20284
PWY-5097: L-lysine biosynthesis VI|g__Bifidobacterium.s__Bifidobacterium_pseudocatenulatum	0	0	11.4551	1.58059	0	14.2122
PWY-5097: L-lysine biosynthesis VI|g__Bilophila.s__Bilophila_wadsworthia	0	0	0	0	2.5829	0
PWY-5097: L-lysine biosynthesis VI|g__Blautia.s__Blautia_obeum	19.9973	59.5705	15.8728	0	14.6475	8.93866
PWY-5097: L-lysine biosynthesis VI|g__Blautia.s__Blautia_wexlerae	7.98341	0	0	13.688	0	5.79975
PWY-5097: L-lysine biosynthesis VI|g__Blautia.s__Ruminococcus_torques	0	17.01	9.5265	19.3486	3.16084	3.88088
PWY-5097: L-lysine biosynthesis VI|g__Butyrivibrio.s__Butyrivibrio_crossotus	0	0	9.57851	0	0	0
PWY-5097: L-lysine biosynthesis VI|g__Butyrivibrio.s__Butyrivibrio_crossotus_CAG_259	0	0	4.71855	0	0	0
PWY-5097: L-lysine biosynthesis VI|g__Butyrivibrio.s__Butyrivibrio_sp_CAG_318	0	3.15065	0	0	0	0
PWY-5097: L-lysine biosynthesis VI|g__Clostridium.s__Clostridium_sp_CAG_411	0	0	0.381499	0	0	0
PWY-5097: L-lysine biosynthesis VI|g__Coprobacter.s__Coprobacter_fastidiosus	0	0	0	0	0	0.438886
PWY-5097: L-lysine biosynthesis VI|g__Coprococcus.s__Coprococcus_catus	0.877418	3.99866	1.67387	2.47796	2.1457	3.27708
PWY-5097: L-lysine biosynthesis VI|g__Coprococcus.s__Coprococcus_comes	1.01739	1.3806	1.74921	2.6147	0.86087	0.93389
PWY-5097: L-lysine biosynthesis VI|g__Coprococcus.s__Coprococcus_comes_CAG_19	1.20766	1.18085	2.21449	3.00032	0.758119	1.37383
PWY-5097: L-lysine biosynthesis VI|g__Coprococcus.s__Coprococcus_eutactus	0	0	0	1.98767	0.374454	0
PWY-5097: L-lysine biosynthesis VI|g__Desulfovibrio.s__Desulfovibrio_piger	0	3.98478	0	2.60192	0	0
PWY-5097: L-lysine biosynthesis VI|g__Dialister.s__Dialister_invisus	0	0	0	0	5.66085	0
PWY-5097: L-lysine biosynthesis VI|g__Dialister.s__Dialister_invisus_CAG_218	0	0	0	0	12.3429	0
PWY-5097: L-lysine biosynthesis VI|g__Dorea.s__Dorea_formicigenerans	0.176938	1.24072	0	0	0	0.261267
PWY-5097: L-lysine biosynthesis VI|g__Dorea.s__Dorea_formicigenerans_CAG_28	0.32479	2.06505	0	0	0	0.433062
PWY-5097: L-lysine biosynthesis VI|g__Dorea.s__Dorea_longicatena	0	10.7836	0.563392	0.547925	1.26324	1.80663
PWY-5097: L-lysine biosynthesis VI|g__Dorea.s__Dorea_longicatena_CAG_42	0	15.2582	1.00084	0.47244	1.3588	2.65052
PWY-5097: L-lysine biosynthesis VI|g__Dorea.s__Dorea_sp_CAG_317	0	1.43639	0	0	0	0
PWY-5097: L-lysine biosynthesis VI|g__Escherichia.s__Escherichia_coli	0	0	0	19.4185	0	0
PWY-5097: L-lysine biosynthesis VI|g__Eubacterium.s__Eubacterium_eligens	1.51912	0	0	2.19194	0.52556	0.116207
PWY-5097: L-lysine biosynthesis VI|g__Eubacterium.s__Eubacterium_eligens_CAG_72	8.83538	0	0.405395	0.783542	0.0926781	0.359738
PWY-5097: L-lysine biosynthesis VI|g__Eubacterium.s__Eubacterium_hallii	2.05266	2.12928	0	0	0.419354	0.268149
PWY-5097: L-lysine biosynthesis VI|g__Eubacterium.s__Eubacterium_hallii_CAG_12	1.97449	0	3.51614	0.661513	1.60057	3.08173
PWY-5097: L-lysine biosynthesis VI|g__Eubacterium.s__Eubacterium_ramulus	0.659881	0	1.2949	3.65798	0.559235	0.789359
PWY-5097: L-lysine biosynthesis VI|g__Eubacterium.s__Eubacterium_sp_CAG_180	0	0	0	18.9852	0	0
PWY-5097: L-lysine biosynthesis VI|g__Eubacterium.s__Eubacterium_sp_CAG_274	0	0	2.98199	0	0	0
PWY-5097: L-lysine biosynthesis VI|g__Eubacterium.s__Eubacterium_sp_CAG_38	0.982248	0.457479	2.11188	0	0	0.263914
PWY-5097: L-lysine biosynthesis VI|g__Faecalibacterium.s__Faecalibacterium_prausnitzii	67.8569	77.8384	32.3787	3.08015	5.73741	9.17557
PWY-5097: L-lysine biosynthesis VI|g__Flavonifractor.s__Flavonifractor_plautii	0	0.436796	0	0	0	0
PWY-5097: L-lysine biosynthesis VI|g__Fusicatenibacter.s__Fusicatenibacter_saccharivorans	6.5976	14.0888	4.50433	27.3463	10.4015	1.22877
PWY-5097: L-lysine biosynthesis VI|g__Gemmiger.s__Gemmiger_formicilis	13.0819	10.4959	5.27238	8.81768	2.5757	1.22295
PWY-5097: L-lysine biosynthesis VI|g__Intestinibacter.s__Intestinibacter_bartlettii	0	0	0	0.411908	0	0
PWY-5097: L-lysine biosynthesis VI|g__Lachnospira.s__Lachnospira_pectinoschiza	0	0	3.1799	0	0	0.85686
PWY-5097: L-lysine biosynthesis VI|g__Lachnospiraceae_unclassified.s__Eubacterium_rectale	45.3655	0	0	2.20954	1.50991	0
PWY-5097: L-lysine biosynthesis VI|g__Megamonas.s__Megamonas_funiformis	0	11.8381	0	0	0	0
PWY-5097: L-lysine biosynthesis VI|g__Megamonas.s__Megamonas_funiformis_CAG_377	0	6.50241	0	0	0	0
PWY-5097: L-lysine biosynthesis VI|g__Methanobrevibacter.s__Methanobrevibacter_smithii	0	0.881756	2.01011	0	4.36134	2.71458
PWY-5097: L-lysine biosynthesis VI|g__Methanobrevibacter.s__Methanobrevibacter_smithii_CAG_186	0	0.725	2.26931	0	4.16131	2.92132
PWY-5097: L-lysine biosynthesis VI|g__Monoglobus.s__Monoglobus_pectinilyticus	0	0	0	0	0	1.93237
PWY-5097: L-lysine biosynthesis VI|g__Odoribacter.s__Odoribacter_laneus	0	0	0.90497	0	0	0
PWY-5097: L-lysine biosynthesis VI|g__Odoribacter.s__Odoribacter_laneus_CAG_561	0	0	1.14787	0	0	0
PWY-5097: L-lysine biosynthesis VI|g__Oxalobacter.s__Oxalobacter_formigenes	0	0	0	1.11394	0	0
PWY-5097: L-lysine biosynthesis VI|g__Parabacteroides.s__Parabacteroides_distasonis	4.88852	1.52293	6.38089	0.589164	16.7638	3.92933
PWY-5097: L-lysine biosynthesis VI|g__Parabacteroides.s__Parabacteroides_goldsteinii	0	0	1.01546	0	0	0
PWY-5097: L-lysine biosynthesis VI|g__Parabacteroides.s__Parabacteroides_merdae	1.89996	0.646621	3.53891	1.12238	0	0
PWY-5097: L-lysine biosynthesis VI|g__Parabacteroides.s__Parabacteroides_sp_CAG_409	0	3.08125	0	0	0	0
PWY-5097: L-lysine biosynthesis VI|g__Paraprevotella.s__Paraprevotella_clara	0	0.504016	0	0	0	0
PWY-5097: L-lysine biosynthesis VI|g__Paraprevotella.s__Paraprevotella_clara_CAG_116	0	1.16588	0	0	0	0
PWY-5097: L-lysine biosynthesis VI|g__Paraprevotella.s__Paraprevotella_xylaniphila	1.72999	0	0	0	3.01808	0
PWY-5097: L-lysine biosynthesis VI|g__Parasutterella.s__Parasutterella_excrementihominis	0	0	0	0	2.70724	0.880154
PWY-5097: L-lysine biosynthesis VI|g__Prevotella.s__Prevotella_copri_CAG_164	0	3.55914	0	0	0	0
PWY-5097: L-lysine biosynthesis VI|g__Roseburia.s__Roseburia_hominis	0	7.15856	0	3.81618	1.68029	0.966714
PWY-5097: L-lysine biosynthesis VI|g__Roseburia.s__Roseburia_intestinalis	0	0.264799	0.2429	0	0	0.694594
PWY-5097: L-lysine biosynthesis VI|g__Roseburia.s__Roseburia_intestinalis_CAG_13	0	0	0.375032	0.2238	0	0.916948
PWY-5097: L-lysine biosynthesis VI|g__Roseburia.s__Roseburia_inulinivorans	0.325093	1.8525	0.12145	0.625338	0	1.62848
PWY-5097: L-lysine biosynthesis VI|g__Ruminococcaceae_unclassified.s__Eubacterium_siraeum	0	0	3.85716	2.5028	0.814243	19.1942
PWY-5097: L-lysine biosynthesis VI|g__Ruminococcus.s__Ruminococcus_bromii	0	74.6622	33.9261	17.2314	17.2681	33.1052
PWY-5097: L-lysine biosynthesis VI|g__Ruminococcus.s__Ruminococcus_callidus	0	0	0	3.35363	0	0
PWY-5097: L-lysine biosynthesis VI|g__Ruminococcus.s__Ruminococcus_lactaris	0	0	2.30164	9.20282	0.397192	0.490239
PWY-5097: L-lysine biosynthesis VI|g__Ruthenibacterium.s__Ruthenibacterium_lactatiformans	0	0.519257	0	0.69817	0.421657	0.178413
PWY-5097: L-lysine biosynthesis VI|unclassified	89.5578	184.954	159.304	165.224	105.999	123.716
PWY-5100: pyruvate fermentation to acetate and lactate II	333.193	299.68	272.767	263.672	143.275	237.408
PWY-5100: pyruvate fermentation to acetate and lactate II|g__Agathobaculum.s__Agathobaculum_butyriciproducens	11.5052	11.2508	5.53665	5.62153	3.16976	5.29416
PWY-5100: pyruvate fermentation to acetate and lactate II|g__Anaerostipes.s__Anaerostipes_hadrus	21.4401	0	7.76267	16.8728	8.23828	11.8994
PWY-5100: pyruvate fermentation to acetate and lactate II|g__Bifidobacterium.s__Bifidobacterium_adolescentis	0	1.43558	0	0	0	16.0995
PWY-5100: pyruvate fermentation to acetate and lactate II|g__Bifidobacterium.s__Bifidobacterium_longum	3.37061	0.146415	9.87736	2.00745	2.54692	13.5226
PWY-5100: pyruvate fermentation to acetate and lactate II|g__Bifidobacterium.s__Bifidobacterium_longum_CAG_69	3.34607	0.114574	9.15653	1.44747	1.93559	10.9886
PWY-5100: pyruvate fermentation to acetate and lactate II|g__Bifidobacterium.s__Bifidobacterium_pseudocatenulatum	0	0	8.20405	1.41539	0	2.93561
PWY-5100: pyruvate fermentation to acetate and lactate II|g__Blautia.s__Blautia_obeum	16.6579	31.5489	18.2807	0	6.16511	4.79783
PWY-5100: pyruvate fermentation to acetate and lactate II|g__Blautia.s__Blautia_wexlerae	7.96948	0	0	9.36536	0	1.04877
PWY-5100: pyruvate fermentation to acetate and lactate II|g__Blautia.s__Ruminococcus_torques	0	18.088	31.3647	31.2768	8.77103	5.83708
PWY-5100: pyruvate fermentation to acetate and lactate II|g__Coprococcus.s__Coprococcus_catus	0.616253	3.22059	2.33931	2.02385	1.56056	2.5367
PWY-5100: pyruvate fermentation to acetate and lactate II|g__Coprococcus.s__Coprococcus_comes	0.780163	1.1207	1.55608	3.57381	0.733366	0.756271
PWY-5100: pyruvate fermentation to acetate and lactate II|g__Coprococcus.s__Coprococcus_comes_CAG_19	0.640794	0.833586	1.69327	2.35858	0.601256	0.946066
PWY-5100: pyruvate fermentation to acetate and lactate II|g__Coprococcus.s__Coprococcus_eutactus	0	0	0	13.9053	4.88661	7.38826
PWY-5100: pyruvate fermentation to acetate and lactate II|g__Desulfovibrio.s__Desulfovibrio_piger	0	5.31694	0	2.82041	0	0
PWY-5100: pyruvate fermentation to acetate and lactate II|g__Dorea.s__Dorea_formicigenerans	0.479611	2.12111	0.267921	0	0.22709	0.641387
PWY-5100: pyruvate fermentation to acetate and lactate II|g__Dorea.s__Dorea_sp_CAG_317	0	1.15608	0	0	0	0
PWY-5100: pyruvate fermentation to acetate and lactate II|g__Eggerthella.s__Eggerthella_lenta	0.529299	0	0	0	0.965925	0
PWY-5100: pyruvate fermentation to acetate and lactate II|g__Escherichia.s__Escherichia_coli	0	0	0	16.6234	0	0
PWY-5100: pyruvate fermentation to acetate and lactate II|g__Eubacterium.s__Eubacterium_hallii	3.29335	0	8.22513	1.16241	2.88684	5.68381
PWY-5100: pyruvate fermentation to acetate and lactate II|g__Eubacterium.s__Eubacterium_hallii_CAG_12	4.27105	0	7.12534	1.52126	3.29266	6.79082
PWY-5100: pyruvate fermentation to acetate and lactate II|g__Eubacterium.s__Eubacterium_ramulus	2.01691	0	1.30193	4.13283	0.980028	2.45755
PWY-5100: pyruvate fermentation to acetate and lactate II|g__Eubacterium.s__Eubacterium_ventriosum	0	0	0.448127	0.510785	0	0
PWY-5100: pyruvate fermentation to acetate and lactate II|g__Faecalitalea.s__Faecalitalea_cylindroides	0	1.71752	0	0	0	0
PWY-5100: pyruvate fermentation to acetate and lactate II|g__Flavonifractor.s__Flavonifractor_plautii	0	1.08968	0	0	0	0
PWY-5100: pyruvate fermentation to acetate and lactate II|g__Fusicatenibacter.s__Fusicatenibacter_saccharivorans	5.02819	10.9667	4.10062	22.2286	8.87753	1.13189
PWY-5100: pyruvate fermentation to acetate and lactate II|g__Lachnospiraceae_unclassified.s__Eubacterium_rectale	71.662	0	0	5.29572	1.0232	0
PWY-5100: pyruvate fermentation to acetate and lactate II|g__Roseburia.s__Roseburia_faecis	0	0.657507	12.9743	0	0	15.4057
PWY-5100: pyruvate fermentation to acetate and lactate II|g__Roseburia.s__Roseburia_hominis	0	6.60283	0	3.47276	1.95516	0.821124
PWY-5100: pyruvate fermentation to acetate and lactate II|g__Roseburia.s__Roseburia_intestinalis	0	0.601445	0.680344	0.49318	0	1.65257
PWY-5100: pyruvate fermentation to acetate and lactate II|g__Roseburia.s__Roseburia_intestinalis_CAG_13	0	0.40441	0.378968	0.347517	0	1.1258
PWY-5100: pyruvate fermentation to acetate and lactate II|g__Roseburia.s__Roseburia_inulinivorans	0.629887	2.31951	0.204947	1.47713	0	3.03117
PWY-5100: pyruvate fermentation to acetate and lactate II|g__Roseburia.s__Roseburia_inulinivorans_CAG_15	0.415986	2.31352	0.213943	0.733862	0	1.53028
PWY-5100: pyruvate fermentation to acetate and lactate II|g__Roseburia.s__Roseburia_sp_CAG_182	0	0	0	7.62295	0	0
PWY-5100: pyruvate fermentation to acetate and lactate II|g__Ruminococcus.s__Ruminococcus_lactaris	0	0	2.31373	8.85361	0	0
PWY-5100: pyruvate fermentation to acetate and lactate II|g__Streptococcus.s__Streptococcus_salivarius	0	0	0	0.252016	0	0
PWY-5100: pyruvate fermentation to acetate and lactate II|g__Streptococcus.s__Streptococcus_thermophilus	0	0	0	0.0996007	0	0
PWY-5100: pyruvate fermentation to acetate and lactate II|g__Streptococcus.s__Streptococcus_thermophilus_CAG_236	0	0	0	0.197272	0	0
PWY-5100: pyruvate fermentation to acetate and lactate II|unclassified	36.3183	77.167	52.2386	45.5277	25.6436	39.6752
PWY-5101: L-isoleucine biosynthesis II	0	3.63262	12.4509	0	21.4944	17.9525
PWY-5101: L-isoleucine biosynthesis II|g__Methanobrevibacter.s__Methanobrevibacter_smithii	0	0.670842	1.33454	0	2.66608	1.73437
PWY-5101: L-isoleucine biosynthesis II|g__Methanobrevibacter.s__Methanobrevibacter_smithii_CAG_186	0	0.631109	2.3261	0	6.0448	2.55681
PWY-5101: L-isoleucine biosynthesis II|g__Monoglobus.s__Monoglobus_pectinilyticus	0	0	0	0	0	1.9816
PWY-5101: L-isoleucine biosynthesis II|unclassified	0	0	1.91255	0	0	2.11343
PWY-5103: L-isoleucine biosynthesis III	392.616	520.063	436.346	423.357	428.419	458.707
PWY-5103: L-isoleucine biosynthesis III|g__Agathobaculum.s__Agathobaculum_butyriciproducens	6.12345	10.7204	4.46862	2.3663	1.72692	3.97115
PWY-5103: L-isoleucine biosynthesis III|g__Akkermansia.s__Akkermansia_muciniphila	0	1.61574	0.999712	11.4669	10.4686	12.3942
PWY-5103: L-isoleucine biosynthesis III|g__Alistipes.s__Alistipes_finegoldii	0.949526	0	0	19.0479	18.9472	10.0242
PWY-5103: L-isoleucine biosynthesis III|g__Anaerostipes.s__Anaerostipes_hadrus	15.2397	0	5.65726	12.7648	5.39116	9.67084
PWY-5103: L-isoleucine biosynthesis III|g__Bacteroides.s__Bacteroides_caccae	0.80228	0	0	1.18629	1.67857	0
PWY-5103: L-isoleucine biosynthesis III|g__Bacteroides.s__Bacteroides_cellulosilyticus	0	0	0	0	0	1.58428
PWY-5103: L-isoleucine biosynthesis III|g__Bacteroides.s__Bacteroides_clarus	0	0.442239	0	1.75857	1.91458	0
PWY-5103: L-isoleucine biosynthesis III|g__Bacteroides.s__Bacteroides_eggerthii	0	0	8.45875	3.56947	30.4091	0
PWY-5103: L-isoleucine biosynthesis III|g__Bacteroides.s__Bacteroides_faecis	0	0	0	0	1.5194	0
PWY-5103: L-isoleucine biosynthesis III|g__Bacteroides.s__Bacteroides_finegoldii	0	0	0	0.594469	0	0
PWY-5103: L-isoleucine biosynthesis III|g__Bacteroides.s__Bacteroides_fragilis	0	0	0	0	0	1.1888
PWY-5103: L-isoleucine biosynthesis III|g__Bacteroides.s__Bacteroides_fragilis_CAG_47	0	0	0	0	0	1.0988
PWY-5103: L-isoleucine biosynthesis III|g__Bacteroides.s__Bacteroides_ovatus	12.4478	0	0	3.59672	8.01954	2.33975
PWY-5103: L-isoleucine biosynthesis III|g__Bacteroides.s__Bacteroides_stercoris	0	0	0.870953	1.235	0	6.36861
PWY-5103: L-isoleucine biosynthesis III|g__Bacteroides.s__Bacteroides_thetaiotaomicron	5.42357	0	4.39412	0	0	2.0806
PWY-5103: L-isoleucine biosynthesis III|g__Bacteroides.s__Bacteroides_uniformis	2.30898	2.27733	8.21332	2.80136	9.29199	6.81755
PWY-5103: L-isoleucine biosynthesis III|g__Bacteroides.s__Bacteroides_uniformis_CAG_3	2.87766	1.95619	6.78207	3.20965	9.41805	5.7116
PWY-5103: L-isoleucine biosynthesis III|g__Bacteroides.s__Bacteroides_xylanisolvens	0	0	1.95388	0	6.99202	3.10661
PWY-5103: L-isoleucine biosynthesis III|g__Bifidobacterium.s__Bifidobacterium_adolescentis	0	2.35108	0	0	0	24.634
PWY-5103: L-isoleucine biosynthesis III|g__Bifidobacterium.s__Bifidobacterium_longum	3.72872	0.0854542	11.4213	2.19315	2.73487	14.7959
PWY-5103: L-isoleucine biosynthesis III|g__Bifidobacterium.s__Bifidobacterium_longum_CAG_69	3.61178	0.0693975	10.5144	2.03542	2.79934	12.6718
PWY-5103: L-isoleucine biosynthesis III|g__Bifidobacterium.s__Bifidobacterium_pseudocatenulatum	0	0	11.6044	1.79522	0	10.7662
PWY-5103: L-isoleucine biosynthesis III|g__Bilophila.s__Bilophila_wadsworthia	0	0	0	0	2.1788	0
PWY-5103: L-isoleucine biosynthesis III|g__Blautia.s__Blautia_obeum	11.0798	27.8393	13.9229	0	3.72267	3.80544
PWY-5103: L-isoleucine biosynthesis III|g__Blautia.s__Blautia_wexlerae	8.49393	0	0	13.6853	0	6.60764
PWY-5103: L-isoleucine biosynthesis III|g__Blautia.s__Ruminococcus_torques	0	18.2728	11.6954	15.312	9.02547	6.6312
PWY-5103: L-isoleucine biosynthesis III|g__Butyrivibrio.s__Butyrivibrio_crossotus	0	0	12.8813	0	0	0
PWY-5103: L-isoleucine biosynthesis III|g__Butyrivibrio.s__Butyrivibrio_crossotus_CAG_259	0	0	5.44556	0	0	0
PWY-5103: L-isoleucine biosynthesis III|g__Coprococcus.s__Coprococcus_comes	1.88905	0.97347	2.67667	3.6423	0.791794	0.875654
PWY-5103: L-isoleucine biosynthesis III|g__Coprococcus.s__Coprococcus_comes_CAG_19	1.3643	1.36563	1.93533	3.58249	0.647883	1.59513
PWY-5103: L-isoleucine biosynthesis III|g__Coprococcus.s__Coprococcus_eutactus	0	0	0	6.49406	2.86986	4.47754
PWY-5103: L-isoleucine biosynthesis III|g__Coprococcus.s__Coprococcus_eutactus_CAG_665	0	0	0	0	0	0.168884
PWY-5103: L-isoleucine biosynthesis III|g__Desulfovibrio.s__Desulfovibrio_piger	0	7.22061	0	3.64302	0	0
PWY-5103: L-isoleucine biosynthesis III|g__Dorea.s__Dorea_formicigenerans	0.479308	2.35924	0.509977	0	0.229968	0.57521
PWY-5103: L-isoleucine biosynthesis III|g__Dorea.s__Dorea_formicigenerans_CAG_28	0	1.05022	0.0995214	0	0.261916	0.33512
PWY-5103: L-isoleucine biosynthesis III|g__Dorea.s__Dorea_longicatena	0	0.945439	0.700867	0.737238	0.827195	0.863742
PWY-5103: L-isoleucine biosynthesis III|g__Dorea.s__Dorea_longicatena_CAG_42	0	12.5245	1.13128	0.814411	1.42327	1.94534
PWY-5103: L-isoleucine biosynthesis III|g__Eggerthella.s__Eggerthella_lenta	0.415077	0	0	0	0.7302	0
PWY-5103: L-isoleucine biosynthesis III|g__Escherichia.s__Escherichia_coli	0	0	0	48.7945	0	0
PWY-5103: L-isoleucine biosynthesis III|g__Eubacterium.s__Eubacterium_eligens	0.403564	0	0.475397	3.60106	0.418203	0.162001
PWY-5103: L-isoleucine biosynthesis III|g__Eubacterium.s__Eubacterium_eligens_CAG_72	2.39139	0	0.335111	0.152174	0.121748	0.0399709
PWY-5103: L-isoleucine biosynthesis III|g__Eubacterium.s__Eubacterium_hallii	2.39109	2.87278	2.87656	0.800665	1.34642	3.00391
PWY-5103: L-isoleucine biosynthesis III|g__Eubacterium.s__Eubacterium_hallii_CAG_12	2.36139	1.56485	3.58136	0.618345	0.85828	2.28496
PWY-5103: L-isoleucine biosynthesis III|g__Eubacterium.s__Eubacterium_sp_CAG_274	0	0	3.60554	0	0	0
PWY-5103: L-isoleucine biosynthesis III|g__Eubacterium.s__Eubacterium_ventriosum	0	0	1.28366	0.563359	0	0
PWY-5103: L-isoleucine biosynthesis III|g__Flavonifractor.s__Flavonifractor_plautii	0	1.61329	0	0	0	0
PWY-5103: L-isoleucine biosynthesis III|g__Gemmiger.s__Gemmiger_formicilis	15.227	14.7106	6.94991	11.5407	4.57346	3.25247
PWY-5103: L-isoleucine biosynthesis III|g__Lachnospiraceae_unclassified.s__Eubacterium_rectale	75.3443	0	0	4.65205	0.63119	0
PWY-5103: L-isoleucine biosynthesis III|g__Methanobrevibacter.s__Methanobrevibacter_smithii	0	0.65914	1.38852	0	2.89173	1.89849
PWY-5103: L-isoleucine biosynthesis III|g__Methanobrevibacter.s__Methanobrevibacter_smithii_CAG_186	0	0.507826	1.69271	0	5.54716	2.56899
PWY-5103: L-isoleucine biosynthesis III|g__Monoglobus.s__Monoglobus_pectinilyticus	0	0	0	0	0	1.93952
PWY-5103: L-isoleucine biosynthesis III|g__Parabacteroides.s__Parabacteroides_distasonis	3.72357	1.42823	4.87149	0.312549	15.0018	3.64159
PWY-5103: L-isoleucine biosynthesis III|g__Parabacteroides.s__Parabacteroides_goldsteinii	0	0	0.646327	0	0	0
PWY-5103: L-isoleucine biosynthesis III|g__Parabacteroides.s__Parabacteroides_merdae	0.507485	0.0718468	2.41494	0.907983	0	0
PWY-5103: L-isoleucine biosynthesis III|g__Prevotella.s__Prevotella_copri	0	1.93959	0	0	0	0
PWY-5103: L-isoleucine biosynthesis III|g__Prevotella.s__Prevotella_copri_CAG_164	0	9.79675	0	0	0	0
PWY-5103: L-isoleucine biosynthesis III|g__Roseburia.s__Roseburia_hominis	0	6.90002	0	3.45902	1.94106	1.23407
PWY-5103: L-isoleucine biosynthesis III|g__Roseburia.s__Roseburia_intestinalis	0	1.10601	0.82063	0.730003	0	1.50619
PWY-5103: L-isoleucine biosynthesis III|g__Roseburia.s__Roseburia_intestinalis_CAG_13	0	1.61873	0.365755	0.569629	0	1.68857
PWY-5103: L-isoleucine biosynthesis III|g__Roseburia.s__Roseburia_inulinivorans	0.507788	3.34686	0.264828	1.51765	0	2.14361
PWY-5103: L-isoleucine biosynthesis III|g__Roseburia.s__Roseburia_inulinivorans_CAG_15	0.0469613	0.646894	0.258924	1.02639	0	1.79181
PWY-5103: L-isoleucine biosynthesis III|g__Ruminococcaceae_unclassified.s__Eubacterium_siraeum	0	0	4.63899	2.43841	1.04623	22.9565
PWY-5103: L-isoleucine biosynthesis III|g__Ruminococcus.s__Ruminococcus_bicirculans	7.26263	2.68772	0	3.5509	0	1.31428
PWY-5103: L-isoleucine biosynthesis III|g__Ruthenibacterium.s__Ruthenibacterium_lactatiformans	0	0.401145	0	0.534902	0.571899	0.236384
PWY-5103: L-isoleucine biosynthesis III|g__Streptococcus.s__Streptococcus_salivarius_CAG_79	0	0	0	0.16785	0	0
PWY-5103: L-isoleucine biosynthesis III|g__Streptococcus.s__Streptococcus_thermophilus	0	0	0	0.191002	0	0
PWY-5103: L-isoleucine biosynthesis III|g__Streptococcus.s__Streptococcus_thermophilus_CAG_236	0	0	0	0.203784	0	0
PWY-5103: L-isoleucine biosynthesis III|unclassified	50.1801	142.203	125.237	75.9346	69.8951	85.0126
PWY-5104: L-isoleucine biosynthesis IV	115.944	122.233	145.969	207.129	107.516	150.84
PWY-5104: L-isoleucine biosynthesis IV|g__Anaerostipes.s__Anaerostipes_hadrus	17.768	0	6.62211	16.4705	6.8671	11.0029
PWY-5104: L-isoleucine biosynthesis IV|g__Coprococcus.s__Coprococcus_eutactus	0	0	0	7.35816	3.22675	5.05883
PWY-5104: L-isoleucine biosynthesis IV|g__Coprococcus.s__Coprococcus_eutactus_CAG_665	0	0	0	0.465205	0.191113	0.216002
PWY-5104: L-isoleucine biosynthesis IV|g__Desulfovibrio.s__Desulfovibrio_piger	0	6.98738	0	4.05783	0	0
PWY-5104: L-isoleucine biosynthesis IV|g__Eggerthella.s__Eggerthella_lenta	0.450525	0	0	0	1.08825	0
PWY-5104: L-isoleucine biosynthesis IV|g__Escherichia.s__Escherichia_coli	0	0	0	29.3094	0	0
PWY-5104: L-isoleucine biosynthesis IV|g__Eubacterium.s__Eubacterium_hallii	2.60377	0	3.23023	0.960556	1.59539	3.4465
PWY-5104: L-isoleucine biosynthesis IV|g__Eubacterium.s__Eubacterium_hallii_CAG_12	2.76556	0	4.84084	0.94898	1.69555	3.05208
PWY-5104: L-isoleucine biosynthesis IV|g__Flavonifractor.s__Flavonifractor_plautii	0	1.09893	0	0	0	0
PWY-5104: L-isoleucine biosynthesis IV|g__Roseburia.s__Roseburia_intestinalis	0	0.993065	0.827377	0.665613	0	1.58507
PWY-5104: L-isoleucine biosynthesis IV|g__Roseburia.s__Roseburia_intestinalis_CAG_13	0	0.639273	0.322742	0.450012	0	1.66607
PWY-5104: L-isoleucine biosynthesis IV|unclassified	18.9408	83.9111	59.1056	36.0743	23.784	36.0315
PWY-5121: superpathway of geranylgeranyl diphosphate biosynthesis II (via MEP)	49.4423	12.0907	72.7805	25.2991	31.2714	79.7539
PWY-5121: superpathway of geranylgeranyl diphosphate biosynthesis II (via MEP)|unclassified	0	0	0	1.7195	0	0
PWY-5136: fatty acid &beta;-oxidation II (peroxisome)	9.46709	20.2937	10.3395	97.2113	11.3041	22.1738
PWY-5136: fatty acid &beta;-oxidation II (peroxisome)|g__Escherichia.s__Escherichia_coli	0	0	0	27.2863	0	0
PWY-5136: fatty acid &beta;-oxidation II (peroxisome)|unclassified	1.77392	3.4843	1.86504	4.20976	3.67921	2.74264
PWY-5138: unsaturated, even numbered fatty acid &beta;-oxidation	0	2.66949	0	17.8478	0.478069	0
PWY-5138: unsaturated, even numbered fatty acid &beta;-oxidation|g__Escherichia.s__Escherichia_coli	0	0	0	11.3231	0	0
PWY-5138: unsaturated, even numbered fatty acid &beta;-oxidation|g__Flavonifractor.s__Flavonifractor_plautii	0	1.16942	0	0	0	0
PWY-5138: unsaturated, even numbered fatty acid &beta;-oxidation|unclassified	0	0.624577	0	1.04955	0.457059	0
PWY-5154: L-arginine biosynthesis III (via N-acetyl-L-citrulline)	318.171	125.71	164.844	159	295.099	156.705
PWY-5154: L-arginine biosynthesis III (via N-acetyl-L-citrulline)|g__Alistipes.s__Alistipes_finegoldii	5.203	0	2.45261	18.7225	56.6471	0
PWY-5154: L-arginine biosynthesis III (via N-acetyl-L-citrulline)|g__Blautia.s__Ruminococcus_torques	0	11.8572	3.73374	12.0095	1.6141	1.83549
PWY-5154: L-arginine biosynthesis III (via N-acetyl-L-citrulline)|g__Coprococcus.s__Coprococcus_catus	0	3.37462	2.07139	1.86564	1.75714	2.37999
PWY-5154: L-arginine biosynthesis III (via N-acetyl-L-citrulline)|g__Dorea.s__Dorea_formicigenerans	0	0.839846	0	0	0	0
PWY-5154: L-arginine biosynthesis III (via N-acetyl-L-citrulline)|g__Escherichia.s__Escherichia_coli	0	0	0	19.9228	0	0
PWY-5154: L-arginine biosynthesis III (via N-acetyl-L-citrulline)|g__Eubacterium.s__Eubacterium_hallii	1.5067	0	1.57266	0.406844	1.0373	0.865595
PWY-5154: L-arginine biosynthesis III (via N-acetyl-L-citrulline)|g__Eubacterium.s__Eubacterium_hallii_CAG_12	1.44913	0	3.43292	0.38321	0.816834	1.88551
PWY-5154: L-arginine biosynthesis III (via N-acetyl-L-citrulline)|unclassified	3.59814	7.74367	8.31987	14.9288	20.2651	5.92019
PWY-5173: superpathway of acetyl-CoA biosynthesis	0.27692	1.01674	4.67244	22.6058	2.08094	9.80531
PWY-5173: superpathway of acetyl-CoA biosynthesis|g__Escherichia.s__Escherichia_coli	0	0	0	15.5452	0	0
PWY-5173: superpathway of acetyl-CoA biosynthesis|g__Oxalobacter.s__Oxalobacter_formigenes	0	0	0	1.47568	0	0
PWY-5173: superpathway of acetyl-CoA biosynthesis|unclassified	0.264195	1.01375	0.621587	2.11814	2.07518	0
PWY-5177: glutaryl-CoA degradation	123.761	174.735	89.0562	155.984	54.8295	68.0665
PWY-5177: glutaryl-CoA degradation|g__Anaerostipes.s__Anaerostipes_hadrus	14.8631	0	5.68987	0	2.91677	8.20304
PWY-5177: glutaryl-CoA degradation|g__Blautia.s__Ruminococcus_torques	0	0	0	0	0	0.546357
PWY-5177: glutaryl-CoA degradation|g__Coprococcus.s__Coprococcus_catus	0.729566	5.23175	2.88106	2.86744	3.42851	4.07597
PWY-5177: glutaryl-CoA degradation|g__Faecalibacterium.s__Faecalibacterium_prausnitzii	67.5551	101.909	40.1476	6.56183	8.07883	11.3978
PWY-5177: glutaryl-CoA degradation|unclassified	8.81326	18.5044	6.92264	13.4671	5.35864	6.67805
PWY-5180: toluene degradation I (aerobic) (via o-cresol)	0	0	0	30.6247	0	0
PWY-5180: toluene degradation I (aerobic) (via o-cresol)|unclassified	0	0	0	0.86602	0	0
PWY-5182: toluene degradation II (aerobic) (via 4-methylcatechol)	0	0	0	30.6247	0	0
PWY-5182: toluene degradation II (aerobic) (via 4-methylcatechol)|unclassified	0	0	0	0.86602	0	0
PWY-5188: tetrapyrrole biosynthesis I (from glutamate)	122.518	298.462	160.399	188.291	122.743	161.247
PWY-5188: tetrapyrrole biosynthesis I (from glutamate)|g__Akkermansia.s__Akkermansia_muciniphila	0	1.95293	0.600221	11.928	10.9121	13.5687
PWY-5188: tetrapyrrole biosynthesis I (from glutamate)|g__Anaerostipes.s__Anaerostipes_hadrus	9.39346	0	4.46862	9.34101	3.46651	6.73073
PWY-5188: tetrapyrrole biosynthesis I (from glutamate)|g__Bilophila.s__Bilophila_wadsworthia	0	0	0	0	1.97186	0
PWY-5188: tetrapyrrole biosynthesis I (from glutamate)|g__Blautia.s__Blautia_obeum	3.38424	20.4611	6.42981	0	2.84597	2.74555
PWY-5188: tetrapyrrole biosynthesis I (from glutamate)|g__Blautia.s__Blautia_wexlerae	5.12514	0	0	8.40432	0	3.58944
PWY-5188: tetrapyrrole biosynthesis I (from glutamate)|g__Blautia.s__Ruminococcus_torques	0	2.57424	0	2.3241	3.75922	4.14136
PWY-5188: tetrapyrrole biosynthesis I (from glutamate)|g__Clostridium.s__Clostridium_sp_CAG_253	0	0	0	0.584099	0	0
PWY-5188: tetrapyrrole biosynthesis I (from glutamate)|g__Coprococcus.s__Coprococcus_eutactus	0	0	0	7.21418	3.03276	3.65429
PWY-5188: tetrapyrrole biosynthesis I (from glutamate)|g__Desulfovibrio.s__Desulfovibrio_piger	0	4.9841	0	2.61494	0	0
PWY-5188: tetrapyrrole biosynthesis I (from glutamate)|g__Dialister.s__Dialister_invisus	0	0	0	0	11.7975	0
PWY-5188: tetrapyrrole biosynthesis I (from glutamate)|g__Dialister.s__Dialister_sp_CAG_357	0	0	0	0	0	8.6488
PWY-5188: tetrapyrrole biosynthesis I (from glutamate)|g__Dialister.s__Dialister_succinatiphilus	0	0	0	5.93071	0	0
PWY-5188: tetrapyrrole biosynthesis I (from glutamate)|g__Escherichia.s__Escherichia_coli	0	0	0	26.7142	0	0
PWY-5188: tetrapyrrole biosynthesis I (from glutamate)|g__Eubacterium.s__Eubacterium_eligens	3.56633	0	0.265953	1.66451	0.10966	0.0772947
PWY-5188: tetrapyrrole biosynthesis I (from glutamate)|g__Eubacterium.s__Eubacterium_eligens_CAG_72	3.74296	0	0.3174	1.98309	0.137002	0.270796
PWY-5188: tetrapyrrole biosynthesis I (from glutamate)|g__Eubacterium.s__Eubacterium_ramulus	0.615041	0	0.747816	0	0	1.13321
PWY-5188: tetrapyrrole biosynthesis I (from glutamate)|g__Eubacterium.s__Eubacterium_sp_CAG_38	0.981036	0.395974	1.94713	0	0	0.389121
PWY-5188: tetrapyrrole biosynthesis I (from glutamate)|g__Flavonifractor.s__Flavonifractor_plautii	0	0.549193	0	0	0	0
PWY-5188: tetrapyrrole biosynthesis I (from glutamate)|g__Intestinibacter.s__Intestinibacter_bartlettii	0	0	0	0.830569	0	0
PWY-5188: tetrapyrrole biosynthesis I (from glutamate)|g__Megamonas.s__Megamonas_funiformis	0	15.1504	0	0	0	0
PWY-5188: tetrapyrrole biosynthesis I (from glutamate)|g__Parasutterella.s__Parasutterella_excrementihominis	0	0	0	0	3.31569	0.712064
PWY-5188: tetrapyrrole biosynthesis I (from glutamate)|g__Roseburia.s__Roseburia_faecis	0	0.925844	13.7047	0	0	16.4431
PWY-5188: tetrapyrrole biosynthesis I (from glutamate)|g__Roseburia.s__Roseburia_sp_CAG_471	4.64977	0	0	0	0.562976	1.32036
PWY-5188: tetrapyrrole biosynthesis I (from glutamate)|g__Ruminococcus.s__Ruminococcus_bicirculans	7.25779	2.61833	0	3.48	0	1.42175
PWY-5188: tetrapyrrole biosynthesis I (from glutamate)|g__Ruminococcus.s__Ruminococcus_bromii	0	89.9536	35.9694	19.6652	19.8985	38.2792
PWY-5188: tetrapyrrole biosynthesis I (from glutamate)|g__Ruminococcus.s__Ruminococcus_callidus	0	0	0	4.39304	0	0
PWY-5188: tetrapyrrole biosynthesis I (from glutamate)|unclassified	39.788	39.1448	56.1053	31.8136	8.24202	25.2828
PWY-5189: tetrapyrrole biosynthesis II (from glycine)	0.775315	18.1432	0.849305	35.816	1.20079	3.48382
PWY-5189: tetrapyrrole biosynthesis II (from glycine)|g__Escherichia.s__Escherichia_coli	0	0	0	22.483	0	0
PWY-5189: tetrapyrrole biosynthesis II (from glycine)|unclassified	0.769862	14.6614	0.844526	6.70774	1.11156	3.24188
PWY-5198: factor 420 biosynthesis	0	1.70201	4.90803	0	9.38236	5.31798
PWY-5198: factor 420 biosynthesis|g__Methanobrevibacter.s__Methanobrevibacter_smithii	0	0.719285	2.86588	0	5.33129	2.79426
PWY-5198: factor 420 biosynthesis|g__Methanobrevibacter.s__Methanobrevibacter_smithii_CAG_186	0	0.747588	1.88669	0	3.75289	1.88393
PWY-5265: peptidoglycan biosynthesis II (staphylococci)	5.96378	19.504	0	0	0	2.99173
PWY-5265: peptidoglycan biosynthesis II (staphylococci)|unclassified	5.67231	16.9003	0	0	0	2.85038
PWY-5304: superpathway of sulfur oxidation (Acidianus ambivalens)	91.286	37.8461	54.2892	63.8289	10.9064	13.1441
PWY-5304: superpathway of sulfur oxidation (Acidianus ambivalens)|g__Anaerostipes.s__Anaerostipes_hadrus	11.2849	0	4.67244	9.91932	4.46668	6.36676
PWY-5304: superpathway of sulfur oxidation (Acidianus ambivalens)|g__Blautia.s__Blautia_obeum	4.93729	5.38497	9.74888	0	0.651625	0.993449
PWY-5304: superpathway of sulfur oxidation (Acidianus ambivalens)|g__Blautia.s__Ruminococcus_torques	0	0	30.76	18.7601	2.05129	0.951625
PWY-5304: superpathway of sulfur oxidation (Acidianus ambivalens)|g__Coprococcus.s__Coprococcus_eutactus	0	0	0	8.0597	2.6845	4.56277
PWY-5304: superpathway of sulfur oxidation (Acidianus ambivalens)|g__Desulfovibrio.s__Desulfovibrio_piger	0	24.8919	0	14.5465	0	0
PWY-5304: superpathway of sulfur oxidation (Acidianus ambivalens)|g__Lachnospiraceae_unclassified.s__Eubacterium_rectale	73.0923	0	0	8.85289	1.05227	0
PWY-5304: superpathway of sulfur oxidation (Acidianus ambivalens)|unclassified	1.97146	7.56923	9.10789	3.69005	0	0.269473
PWY-5345: superpathway of L-methionine biosynthesis (by sulfhydrylation)	0.750774	9.05705	17.1806	142.012	13.0757	10.8181
PWY-5345: superpathway of L-methionine biosynthesis (by sulfhydrylation)|unclassified	0.721083	5.07418	1.93055	25.9543	8.48177	7.62518
PWY-5347: superpathway of L-methionine biosynthesis (transsulfuration)	97.8327	72.688	152.456	176.346	76.3458	152.995
PWY-5347: superpathway of L-methionine biosynthesis (transsulfuration)|g__Anaerostipes.s__Anaerostipes_hadrus	7.91343	0	3.74189	8.83143	3.30677	7.28
PWY-5347: superpathway of L-methionine biosynthesis (transsulfuration)|g__Blautia.s__Ruminococcus_torques	0	10.2063	2.75708	10.5029	1.62906	1.39183
PWY-5347: superpathway of L-methionine biosynthesis (transsulfuration)|g__Escherichia.s__Escherichia_coli	0	0	0	30.5866	0	0
PWY-5347: superpathway of L-methionine biosynthesis (transsulfuration)|unclassified	22.3805	24.2693	23.9697	30.1566	8.29268	15.9142
PWY-5367: petroselinate biosynthesis	0	29.925	5.76043	25.8581	1.855	1.22507
PWY-5367: petroselinate biosynthesis|g__Blautia.s__Ruminococcus_torques	0	20.6445	5.43291	12.8753	1.36542	1.13877
PWY-5367: petroselinate biosynthesis|g__Escherichia.s__Escherichia_coli	0	0	0	9.42975	0	0
PWY-5367: petroselinate biosynthesis|unclassified	0	0	0	0.477264	0.421944	0
PWY-5384: sucrose degradation IV (sucrose phosphorylase)	17.6253	4.03267	51.8	41.0772	21.0995	73.6838
PWY-5384: sucrose degradation IV (sucrose phosphorylase)|g__Bifidobacterium.s__Bifidobacterium_longum	6.22191	0.394341	16.1	2.60409	3.44089	22.7622
PWY-5384: sucrose degradation IV (sucrose phosphorylase)|g__Bifidobacterium.s__Bifidobacterium_longum_CAG_69	1.29552	0	9.20966	0.124923	1.52631	0.210972
PWY-5384: sucrose degradation IV (sucrose phosphorylase)|g__Escherichia.s__Escherichia_coli	0	0	0	17.051	0	0
PWY-5384: sucrose degradation IV (sucrose phosphorylase)|g__Streptococcus.s__Streptococcus_salivarius	0	0	0	0.343659	0	0
PWY-5384: sucrose degradation IV (sucrose phosphorylase)|unclassified	3.2882	1.53899	0.721108	9.37356	9.59996	8.99637
PWY-5392: reductive TCA cycle II	0	0	0.95473	0.591817	0.383952	0
PWY-5392: reductive TCA cycle II|unclassified	0	0	0.910592	0.292773	0.375605	0
PWY-5415: catechol degradation I (meta-cleavage pathway)	0	0	0	0.731209	0	0
PWY-5415: catechol degradation I (meta-cleavage pathway)|unclassified	0	0	0	0.406603	0	0
PWY-5417: catechol degradation III (ortho-cleavage pathway)	0	0	0	0.185214	0	0
PWY-5417: catechol degradation III (ortho-cleavage pathway)|unclassified	0	0	0	0.182079	0	0
PWY-5431: aromatic compounds degradation via &beta;-ketoadipate	0	0	0	0.185214	0	0
PWY-5431: aromatic compounds degradation via &beta;-ketoadipate|unclassified	0	0	0	0.182079	0	0
PWY-5464: superpathway of cytosolic glycolysis (plants), pyruvate dehydrogenase and TCA cycle	3.50513	1.60676	9.50851	5.65144	6.3283	8.10721
PWY-5464: superpathway of cytosolic glycolysis (plants), pyruvate dehydrogenase and TCA cycle|unclassified	2.5856	1.536	2.74583	3.45877	4.94331	1.37304
PWY-5484: glycolysis II (from fructose 6-phosphate)	102.669	162.929	192.211	181.336	211.078	222.301
PWY-5484: glycolysis II (from fructose 6-phosphate)|g__Bacteroides.s__Bacteroides_cellulosilyticus	0	0	0	0	0	2.09437
PWY-5484: glycolysis II (from fructose 6-phosphate)|g__Bacteroides.s__Bacteroides_fragilis_CAG_47	0	0	0	0	0	0.700153
PWY-5484: glycolysis II (from fructose 6-phosphate)|g__Bacteroides.s__Bacteroides_salyersiae	2.38563	0	1.61258	0.683459	0	0
PWY-5484: glycolysis II (from fructose 6-phosphate)|g__Escherichia.s__Escherichia_coli	0	0	0	27.6468	0	0
PWY-5484: glycolysis II (from fructose 6-phosphate)|unclassified	18.9917	67.3597	50.2572	50.2547	48.7196	49.5454
PWY-5505: L-glutamate and L-glutamine biosynthesis	112.251	85.0563	82.6252	61.5429	53.5369	71.8531
PWY-5505: L-glutamate and L-glutamine biosynthesis|unclassified	3.07551	5.25407	38.6351	5.82073	6.29204	2.91258
PWY-561: superpathway of glyoxylate cycle and fatty acid degradation	0	0	0	56.5629	1.25259	0
PWY-561: superpathway of glyoxylate cycle and fatty acid degradation|g__Escherichia.s__Escherichia_coli	0	0	0	24.2061	0	0
PWY-561: superpathway of glyoxylate cycle and fatty acid degradation|unclassified	0	0	0	2.4413	1.13919	0
PWY-5654: 2-amino-3-carboxymuconate semialdehyde degradation to 2-oxopentenoate	0	0	0	0.042686	0	0
PWY-5654: 2-amino-3-carboxymuconate semialdehyde degradation to 2-oxopentenoate|unclassified	0	0	0	0.042686	0	0
PWY-5656: mannosylglycerate biosynthesis I	0	0	0	21.2972	0.129231	0.20409
PWY-5656: mannosylglycerate biosynthesis I|unclassified	0	0	0	0	0.128943	0.201443
PWY-5659: GDP-mannose biosynthesis	195.64	72.7288	137.079	101.425	140.775	119.158
PWY-5659: GDP-mannose biosynthesis|g__Bacteroides.s__Bacteroides_cellulosilyticus	0	0	0	0	0	1.69704
PWY-5659: GDP-mannose biosynthesis|g__Bacteroides.s__Bacteroides_dorei	0	0.43734	0.482988	0.674777	0	10.4319
PWY-5659: GDP-mannose biosynthesis|g__Bacteroides.s__Bacteroides_fragilis	0	0	0	0	0	0.914037
PWY-5659: GDP-mannose biosynthesis|g__Bacteroides.s__Bacteroides_vulgatus	13.4482	3.18875	5.0739	1.86878	0	0
PWY-5659: GDP-mannose biosynthesis|g__Bacteroides.s__Bacteroides_xylanisolvens	0	0	0.707052	0	8.23626	0
PWY-5659: GDP-mannose biosynthesis|g__Blautia.s__Blautia_obeum	0.919532	13.105	2.76776	0	0	1.77751
PWY-5659: GDP-mannose biosynthesis|g__Coprococcus.s__Coprococcus_eutactus	0	0	0	2.56285	0.762148	1.57501
PWY-5659: GDP-mannose biosynthesis|g__Coprococcus.s__Coprococcus_eutactus_CAG_665	0	0	0	0	0	0.269208
PWY-5659: GDP-mannose biosynthesis|g__Escherichia.s__Escherichia_coli	0	0	0	18.6425	0	0
PWY-5659: GDP-mannose biosynthesis|g__Faecalibacterium.s__Faecalibacterium_prausnitzii	59.3987	12.5626	26.961	0.389721	0.414749	5.17054
PWY-5659: GDP-mannose biosynthesis|g__Flavonifractor.s__Flavonifractor_plautii	0	0.598723	0	0	0	0
PWY-5659: GDP-mannose biosynthesis|g__Lachnospiraceae_unclassified.s__Eubacterium_rectale	1.00952	0	0	0.578552	2.15146	0
PWY-5659: GDP-mannose biosynthesis|g__Roseburia.s__Roseburia_faecis	0	0.664311	0	0	0	0
PWY-5659: GDP-mannose biosynthesis|g__Roseburia.s__Roseburia_intestinalis	0	0.419379	0.574919	0.302179	0	0.948713
PWY-5659: GDP-mannose biosynthesis|g__Roseburia.s__Roseburia_intestinalis_CAG_13	0	0.381006	0.462184	0.200648	0	1.3156
PWY-5659: GDP-mannose biosynthesis|g__Ruminococcaceae_unclassified.s__Eubacterium_siraeum	0	0	4.28785	2.02385	0.820576	16.868
PWY-5659: GDP-mannose biosynthesis|g__Ruminococcus.s__Ruminococcus_bicirculans	5.79169	2.28168	0	2.75626	0	1.05883
PWY-5659: GDP-mannose biosynthesis|unclassified	47.1512	29.446	39.054	17.3686	40.3605	24.8585
PWY-5667: CDP-diacylglycerol biosynthesis I	513.489	598.276	447.36	508.134	495.796	462.277
PWY-5667: CDP-diacylglycerol biosynthesis I|g__Alistipes.s__Alistipes_finegoldii	3.3594	0	1.80207	24.4931	47.322	10.0602
PWY-5667: CDP-diacylglycerol biosynthesis I|g__Alistipes.s__Alistipes_indistinctus	0	0	0	2.08655	1.6446	0.799153
PWY-5667: CDP-diacylglycerol biosynthesis I|g__Anaerostipes.s__Anaerostipes_hadrus	10.6584	0	5.56645	10.9076	4.05078	8.10642
PWY-5667: CDP-diacylglycerol biosynthesis I|g__Bacteroides.s__Bacteroides_caccae	0.737443	0	0	1.07704	0.852524	0
PWY-5667: CDP-diacylglycerol biosynthesis I|g__Bacteroides.s__Bacteroides_cellulosilyticus	3.27244	0	0	4.53292	0	3.97035
PWY-5667: CDP-diacylglycerol biosynthesis I|g__Bacteroides.s__Bacteroides_clarus	0	0.599812	0	1.08041	2.38661	0
PWY-5667: CDP-diacylglycerol biosynthesis I|g__Bacteroides.s__Bacteroides_coprocola	36.7598	0	0	0	0	0
PWY-5667: CDP-diacylglycerol biosynthesis I|g__Bacteroides.s__Bacteroides_coprocola_CAG_162	37.3227	0	0	0	0	0
PWY-5667: CDP-diacylglycerol biosynthesis I|g__Bacteroides.s__Bacteroides_dorei	0	0.515446	3.34634	3.41585	30.4848	20.7388
PWY-5667: CDP-diacylglycerol biosynthesis I|g__Bacteroides.s__Bacteroides_eggerthii	0	0	7.17875	3.22195	28.2559	0
PWY-5667: CDP-diacylglycerol biosynthesis I|g__Bacteroides.s__Bacteroides_faecis	0	0	0	0	1.38355	0
PWY-5667: CDP-diacylglycerol biosynthesis I|g__Bacteroides.s__Bacteroides_finegoldii	0	0	0	0.558295	0	0
PWY-5667: CDP-diacylglycerol biosynthesis I|g__Bacteroides.s__Bacteroides_fragilis	0	0	0	0	0	1.66925
PWY-5667: CDP-diacylglycerol biosynthesis I|g__Bacteroides.s__Bacteroides_fragilis_CAG_47	0	0	0	0	0	1.49798
PWY-5667: CDP-diacylglycerol biosynthesis I|g__Bacteroides.s__Bacteroides_massiliensis	7.85738	0.814808	6.1051	0	7.22544	0
PWY-5667: CDP-diacylglycerol biosynthesis I|g__Bacteroides.s__Bacteroides_ovatus	10.4848	0	0	3.6095	8.9279	1.8151
PWY-5667: CDP-diacylglycerol biosynthesis I|g__Bacteroides.s__Bacteroides_plebeius	0	0.0745683	0	0.887242	0	0
PWY-5667: CDP-diacylglycerol biosynthesis I|g__Bacteroides.s__Bacteroides_plebeius_CAG_211	0	0.689893	0	0.767625	0	0
PWY-5667: CDP-diacylglycerol biosynthesis I|g__Bacteroides.s__Bacteroides_salyersiae	2.36473	0	1.30334	0.394786	0	0
PWY-5667: CDP-diacylglycerol biosynthesis I|g__Bacteroides.s__Bacteroides_sp_CAG_144	0	0	3.07532	0	1.76664	0
PWY-5667: CDP-diacylglycerol biosynthesis I|g__Bacteroides.s__Bacteroides_sp_CAG_598	0	7.66094	0	0	0	0
PWY-5667: CDP-diacylglycerol biosynthesis I|g__Bacteroides.s__Bacteroides_sp_CAG_633	0	1.40074	0	0	0	0
PWY-5667: CDP-diacylglycerol biosynthesis I|g__Bacteroides.s__Bacteroides_stercoris	0	0	0.727574	1.10863	0	6.70902
PWY-5667: CDP-diacylglycerol biosynthesis I|g__Bacteroides.s__Bacteroides_thetaiotaomicron	2.9122	0	3.84957	0	0	1.93952
PWY-5667: CDP-diacylglycerol biosynthesis I|g__Bacteroides.s__Bacteroides_uniformis	6.04861	3.08588	11.0005	2.61398	8.14186	6.78632
PWY-5667: CDP-diacylglycerol biosynthesis I|g__Bacteroides.s__Bacteroides_uniformis_CAG_3	3.79932	2.31543	5.88779	4.74225	10.9228	8.63583
PWY-5667: CDP-diacylglycerol biosynthesis I|g__Bacteroides.s__Bacteroides_vulgatus	14.0126	6.89457	9.24368	1.96935	0	0
PWY-5667: CDP-diacylglycerol biosynthesis I|g__Bacteroides.s__Bacteroides_vulgatus_CAG_6	22.0594	2.68228	4.54565	1.18291	0	0
PWY-5667: CDP-diacylglycerol biosynthesis I|g__Bacteroides.s__Bacteroides_xylanisolvens	0	0	1.71295	0	2.77689	3.40256
PWY-5667: CDP-diacylglycerol biosynthesis I|g__Barnesiella.s__Barnesiella_intestinihominis	0.638673	0.785416	0.278885	0.951633	19.5951	3.86235
PWY-5667: CDP-diacylglycerol biosynthesis I|g__Barnesiella.s__Barnesiella_viscericola	0	0	4.81161	0	0	0
PWY-5667: CDP-diacylglycerol biosynthesis I|g__Blautia.s__Blautia_obeum	9.47708	41.525	11.0671	0	11.3418	5.89849
PWY-5667: CDP-diacylglycerol biosynthesis I|g__Blautia.s__Blautia_wexlerae	5.45902	0	0	8.72001	0	3.40123
PWY-5667: CDP-diacylglycerol biosynthesis I|g__Blautia.s__Ruminococcus_torques	0	15.9059	26.5413	18.9991	4.90474	2.78473
PWY-5667: CDP-diacylglycerol biosynthesis I|g__Butyrivibrio.s__Butyrivibrio_crossotus	0	0	7.72612	0	0	0
PWY-5667: CDP-diacylglycerol biosynthesis I|g__Butyrivibrio.s__Butyrivibrio_crossotus_CAG_259	0	0	7.44695	0	0	0
PWY-5667: CDP-diacylglycerol biosynthesis I|g__Butyrivibrio.s__Butyrivibrio_sp_CAG_318	0	3.14602	0	0	0	0
PWY-5667: CDP-diacylglycerol biosynthesis I|g__Clostridium.s__Clostridium_sp_CAG_167	0	0	1.62411	0	0	0
PWY-5667: CDP-diacylglycerol biosynthesis I|g__Clostridium.s__Clostridium_sp_CAG_253	0	0	0	0.813687	0	0
PWY-5667: CDP-diacylglycerol biosynthesis I|g__Coprococcus.s__Coprococcus_comes	0.476581	1.1324	1.29799	1.88421	0.394889	0.0759712
PWY-5667: CDP-diacylglycerol biosynthesis I|g__Coprococcus.s__Coprococcus_comes_CAG_19	0.769559	1.12832	3.18778	3.96184	0.735956	1.02257
PWY-5667: CDP-diacylglycerol biosynthesis I|g__Dialister.s__Dialister_invisus	0	0	0	0	7.38892	0
PWY-5667: CDP-diacylglycerol biosynthesis I|g__Dialister.s__Dialister_sp_CAG_357	0	0	0	0	0	9.49137
PWY-5667: CDP-diacylglycerol biosynthesis I|g__Dialister.s__Dialister_succinatiphilus	0	0	0	5.98376	0	0
PWY-5667: CDP-diacylglycerol biosynthesis I|g__Dorea.s__Dorea_formicigenerans	0.537782	1.99076	0.251896	0	0.199172	0.402886
PWY-5667: CDP-diacylglycerol biosynthesis I|g__Dorea.s__Dorea_formicigenerans_CAG_28	0.255106	1.321	0.0964289	0	0.0742576	0.309973
PWY-5667: CDP-diacylglycerol biosynthesis I|g__Dorea.s__Dorea_longicatena	0	0	0	0.139634	0.236588	0.396003
PWY-5667: CDP-diacylglycerol biosynthesis I|g__Dorea.s__Dorea_longicatena_CAG_42	0	21.169	1.19116	0.404191	1.2028	3.44491
PWY-5667: CDP-diacylglycerol biosynthesis I|g__Dorea.s__Dorea_sp_CAG_317	0	1.06273	0	0	0	0
PWY-5667: CDP-diacylglycerol biosynthesis I|g__Escherichia.s__Escherichia_coli	0	0	0	39.3855	0	0
PWY-5667: CDP-diacylglycerol biosynthesis I|g__Eubacterium.s__Eubacterium_eligens	5.13605	0	0.586445	1.53356	0.272278	0
PWY-5667: CDP-diacylglycerol biosynthesis I|g__Eubacterium.s__Eubacterium_eligens_CAG_72	2.6877	0	0.247679	1.16434	0.344521	0
PWY-5667: CDP-diacylglycerol biosynthesis I|g__Eubacterium.s__Eubacterium_hallii	1.04618	0	0.350855	0.211501	0.557508	0.735359
PWY-5667: CDP-diacylglycerol biosynthesis I|g__Eubacterium.s__Eubacterium_hallii_CAG_12	1.23038	0	3.6553	0.685388	1.54243	3.4195
PWY-5667: CDP-diacylglycerol biosynthesis I|g__Eubacterium.s__Eubacterium_ramulus	0.464159	0	0.601907	0.94681	0.189386	0.883595
PWY-5667: CDP-diacylglycerol biosynthesis I|g__Eubacterium.s__Eubacterium_sp_CAG_38	0.808037	0	1.5468	0	0	0.224472
PWY-5667: CDP-diacylglycerol biosynthesis I|g__Eubacterium.s__Eubacterium_ventriosum	0	0	0.385997	0.277097	0	0
PWY-5667: CDP-diacylglycerol biosynthesis I|g__Faecalibacterium.s__Faecalibacterium_prausnitzii	81.8474	119.669	37.9843	4.59417	6.10553	10.7495
PWY-5667: CDP-diacylglycerol biosynthesis I|g__Firmicutes_unclassified.s__Firmicutes_bacterium_CAG_94	0	2.51518	0.405395	0	0	0
PWY-5667: CDP-diacylglycerol biosynthesis I|g__Firmicutes_unclassified.s__Firmicutes_bacterium_CAG_95	0	2.07349	0	5.12281	0	0
PWY-5667: CDP-diacylglycerol biosynthesis I|g__Flavonifractor.s__Flavonifractor_plautii	0	0.448498	0	0	0	0
PWY-5667: CDP-diacylglycerol biosynthesis I|g__Fusicatenibacter.s__Fusicatenibacter_saccharivorans	6.78636	15.2084	5.77083	32.4718	12.359	1.49957
PWY-5667: CDP-diacylglycerol biosynthesis I|g__Intestinibacter.s__Intestinibacter_bartlettii	0	0	0	0.275892	0	0
PWY-5667: CDP-diacylglycerol biosynthesis I|g__Lachnospira.s__Lachnospira_pectinoschiza	0	0	3.09388	0	0	0.576534
PWY-5667: CDP-diacylglycerol biosynthesis I|g__Lachnospiraceae_unclassified.s__Eubacterium_rectale	68.0341	0	0	8.89509	0.751499	0
PWY-5667: CDP-diacylglycerol biosynthesis I|g__Megamonas.s__Megamonas_funiformis	0	0.197579	0	0	0	0
PWY-5667: CDP-diacylglycerol biosynthesis I|g__Megamonas.s__Megamonas_funiformis_CAG_377	0	16.0891	0	0	0	0
PWY-5667: CDP-diacylglycerol biosynthesis I|g__Megamonas.s__Megamonas_hypermegale	0	5.07908	0	0	0	0
PWY-5667: CDP-diacylglycerol biosynthesis I|g__Oxalobacter.s__Oxalobacter_formigenes	0	0	0	1.48822	0	0
PWY-5667: CDP-diacylglycerol biosynthesis I|g__Parabacteroides.s__Parabacteroides_distasonis	4.31892	1.59179	4.36798	0.408532	13.1917	3.14182
PWY-5667: CDP-diacylglycerol biosynthesis I|g__Parabacteroides.s__Parabacteroides_goldsteinii	0	0	0.488611	0	0	0
PWY-5667: CDP-diacylglycerol biosynthesis I|g__Parabacteroides.s__Parabacteroides_merdae	0.967099	0.523611	2.15039	0.995766	0	0
PWY-5667: CDP-diacylglycerol biosynthesis I|g__Paraprevotella.s__Paraprevotella_clara	0	0.0623217	0	0	0	0
PWY-5667: CDP-diacylglycerol biosynthesis I|g__Paraprevotella.s__Paraprevotella_clara_CAG_116	0	1.29732	0	0	0	0
PWY-5667: CDP-diacylglycerol biosynthesis I|g__Paraprevotella.s__Paraprevotella_xylaniphila	2.10114	0	0	0	2.89461	0
PWY-5667: CDP-diacylglycerol biosynthesis I|g__Prevotella.s__Prevotella_sp_CAG_279	0	3.96464	0	0	0	62.6508
PWY-5667: CDP-diacylglycerol biosynthesis I|g__Prevotella.s__Prevotella_sp_CAG_485	0	0	0	3.28007	0	0
PWY-5667: CDP-diacylglycerol biosynthesis I|g__Roseburia.s__Roseburia_faecis	0	0.924211	12.5594	0	0	14.6542
PWY-5667: CDP-diacylglycerol biosynthesis I|g__Roseburia.s__Roseburia_hominis	0	6.54269	0	2.49508	2.03316	0.823507
PWY-5667: CDP-diacylglycerol biosynthesis I|g__Roseburia.s__Roseburia_intestinalis	0	0	0.252739	0.214877	0	0.84336
PWY-5667: CDP-diacylglycerol biosynthesis I|g__Roseburia.s__Roseburia_intestinalis_CAG_13	0	0.172541	0.218441	0.199684	0	0
PWY-5667: CDP-diacylglycerol biosynthesis I|g__Roseburia.s__Roseburia_inulinivorans	0.174514	1.7842	0.19595	0.797771	0	0.807624
PWY-5667: CDP-diacylglycerol biosynthesis I|g__Roseburia.s__Roseburia_inulinivorans_CAG_15	0.637158	1.7744	0.18358	0.866985	0	2.2344
PWY-5667: CDP-diacylglycerol biosynthesis I|g__Roseburia.s__Roseburia_sp_CAG_182	0	0	0	8.2864	0	0
PWY-5667: CDP-diacylglycerol biosynthesis I|g__Roseburia.s__Roseburia_sp_CAG_471	5.70261	0	0	0	0	1.56998
PWY-5667: CDP-diacylglycerol biosynthesis I|g__Ruminococcaceae_unclassified.s__Eubacterium_siraeum	0	0	4.23191	2.65956	1.32196	18.9089
PWY-5667: CDP-diacylglycerol biosynthesis I|g__Ruminococcus.s__Ruminococcus_lactaris	0	0	1.95922	10.1467	0.578519	0.38965
PWY-5667: CDP-diacylglycerol biosynthesis I|g__Ruthenibacterium.s__Ruthenibacterium_lactatiformans	0	0	0	0.259492	0.439214	0.227914
PWY-5667: CDP-diacylglycerol biosynthesis I|g__Streptococcus.s__Streptococcus_salivarius	0	0	0	0.304831	0	0
PWY-5667: CDP-diacylglycerol biosynthesis I|g__Streptococcus.s__Streptococcus_thermophilus	0	0	0	0.0692141	0	0
PWY-5667: CDP-diacylglycerol biosynthesis I|g__Streptococcus.s__Streptococcus_thermophilus_CAG_236	0	0	0	0.107559	0	0
PWY-5667: CDP-diacylglycerol biosynthesis I|unclassified	87.7948	158.252	158.293	135.569	105.342	119.975
PWY-5675: nitrate reduction V (assimilatory)	0	0	0.166431	34.7235	0.858568	0.405268
PWY-5675: nitrate reduction V (assimilatory)|g__Escherichia.s__Escherichia_coli	0	0	0	20.6253	0	0
PWY-5675: nitrate reduction V (assimilatory)|unclassified	0	0	0.166431	5.59235	0.854538	0.405003
PWY-5676: acetyl-CoA fermentation to butanoate II	29.8307	57.0268	45.8133	128.215	34.6323	49.0509
PWY-5676: acetyl-CoA fermentation to butanoate II|g__Anaerostipes.s__Anaerostipes_hadrus	13.4476	0	8.04633	18.634	7.15492	11.7033
PWY-5676: acetyl-CoA fermentation to butanoate II|g__Flavonifractor.s__Flavonifractor_plautii	0	2.00872	0	0	0	0
PWY-5676: acetyl-CoA fermentation to butanoate II|unclassified	6.24615	8.90737	6.65922	9.61449	4.39703	4.7298
PWY-5677: succinate fermentation to butanoate	0.317216	2.98518	0	0	0	0
PWY-5677: succinate fermentation to butanoate|unclassified	0.311156	0	0	0	0	0
PWY-5686: UMP biosynthesis	604.995	799.093	633.738	570.823	635.14	599.364
PWY-5686: UMP biosynthesis|g__Agathobaculum.s__Agathobaculum_butyriciproducens	2.38806	9.08073	2.90692	0.659584	1.83485	2.21164
PWY-5686: UMP biosynthesis|g__Akkermansia.s__Akkermansia_muciniphila	0	2.0577	0.951638	13.982	12.6655	14.9875
PWY-5686: UMP biosynthesis|g__Alistipes.s__Alistipes_finegoldii	5.16453	0	6.15852	25.7049	58.2833	9.91914
PWY-5686: UMP biosynthesis|g__Alistipes.s__Alistipes_indistinctus	0	0	0	2.70755	1.96149	0.794124
PWY-5686: UMP biosynthesis|g__Alistipes.s__Alistipes_putredinis	1.00709	6.95689	4.05395	6.83338	39.8539	15.5624
PWY-5686: UMP biosynthesis|g__Alistipes.s__Alistipes_putredinis_CAG_67	0.844394	5.08289	5.11607	4.27029	29.7307	10.4099
PWY-5686: UMP biosynthesis|g__Alistipes.s__Alistipes_sp_An31A	0	1.64132	0	0	0	0
PWY-5686: UMP biosynthesis|g__Anaerostipes.s__Anaerostipes_hadrus	14.9794	0	6.75818	13.3735	5.03858	9.21581
PWY-5686: UMP biosynthesis|g__Bacteroides.s__Bacteroides_caccae	1.01618	0	0	1.34015	1.77326	0
PWY-5686: UMP biosynthesis|g__Bacteroides.s__Bacteroides_cellulosilyticus	3.58087	0	0	5.66157	0	4.8431
PWY-5686: UMP biosynthesis|g__Bacteroides.s__Bacteroides_clarus	0	0.599812	0	1.80632	2.41769	0
PWY-5686: UMP biosynthesis|g__Bacteroides.s__Bacteroides_coprocola	51.7765	0	0	0	0	0
PWY-5686: UMP biosynthesis|g__Bacteroides.s__Bacteroides_coprocola_CAG_162	37.8029	0	0	0	0	0
PWY-5686: UMP biosynthesis|g__Bacteroides.s__Bacteroides_dorei	0	0.786505	4.3795	4.97787	35.2413	20.9559
PWY-5686: UMP biosynthesis|g__Bacteroides.s__Bacteroides_eggerthii	0	0	9.22653	3.41151	32.157	0
PWY-5686: UMP biosynthesis|g__Bacteroides.s__Bacteroides_faecis	0	0	0	0	1.53236	0
PWY-5686: UMP biosynthesis|g__Bacteroides.s__Bacteroides_finegoldii	0	0	0	0.403467	0	0
PWY-5686: UMP biosynthesis|g__Bacteroides.s__Bacteroides_fragilis	0	0	0	0	0	1.22692
PWY-5686: UMP biosynthesis|g__Bacteroides.s__Bacteroides_fragilis_CAG_47	0	0	0	0	0	1.48554
PWY-5686: UMP biosynthesis|g__Bacteroides.s__Bacteroides_massiliensis	9.01959	1.07199	6.10313	0	7.72452	0
PWY-5686: UMP biosynthesis|g__Bacteroides.s__Bacteroides_ovatus	11.0023	0	0	2.9586	9.93757	1.81696
PWY-5686: UMP biosynthesis|g__Bacteroides.s__Bacteroides_plebeius	0	0	0	0.602187	0	0
PWY-5686: UMP biosynthesis|g__Bacteroides.s__Bacteroides_plebeius_CAG_211	0	1.55641	0	1.37054	0	0
PWY-5686: UMP biosynthesis|g__Bacteroides.s__Bacteroides_salyersiae	2.9725	0	1.80404	0.583858	0	0
PWY-5686: UMP biosynthesis|g__Bacteroides.s__Bacteroides_sp_CAG_144	0	0	3.6986	0	1.61755	0
PWY-5686: UMP biosynthesis|g__Bacteroides.s__Bacteroides_sp_CAG_598	0	9.50365	0	0	0	0
PWY-5686: UMP biosynthesis|g__Bacteroides.s__Bacteroides_sp_CAG_633	0	1.44891	0	0	0	0
PWY-5686: UMP biosynthesis|g__Bacteroides.s__Bacteroides_stercoris	0	0	0.643234	0.952116	0	6.28152
PWY-5686: UMP biosynthesis|g__Bacteroides.s__Bacteroides_thetaiotaomicron	5.32935	0	4.55212	0	0	2.24737
PWY-5686: UMP biosynthesis|g__Bacteroides.s__Bacteroides_uniformis	2.48016	2.30617	9.10874	3.03216	8.95553	8.51274
PWY-5686: UMP biosynthesis|g__Bacteroides.s__Bacteroides_uniformis_CAG_3	3.8381	2.27107	7.19	3.82173	13.4349	8.95269
PWY-5686: UMP biosynthesis|g__Bacteroides.s__Bacteroides_vulgatus	25.3742	7.12154	9.34404	2.41719	0	0
PWY-5686: UMP biosynthesis|g__Bacteroides.s__Bacteroides_vulgatus_CAG_6	16.5552	3.50389	5.03904	1.9761	0	0
PWY-5686: UMP biosynthesis|g__Bacteroides.s__Bacteroides_xylanisolvens	0	0	1.56676	0	2.52418	3.50817
PWY-5686: UMP biosynthesis|g__Barnesiella.s__Barnesiella_intestinihominis	0.771074	1.1735	0.634238	1.22367	23.2187	4.33142
PWY-5686: UMP biosynthesis|g__Barnesiella.s__Barnesiella_viscericola	0	0	5.08599	0	0	0
PWY-5686: UMP biosynthesis|g__Bifidobacterium.s__Bifidobacterium_adolescentis	0	1.26739	0	0	0	18.2447
PWY-5686: UMP biosynthesis|g__Bifidobacterium.s__Bifidobacterium_longum	3.84113	0.151586	13.9209	2.06147	2.41999	15.1701
PWY-5686: UMP biosynthesis|g__Bifidobacterium.s__Bifidobacterium_longum_CAG_69	3.14216	0	8.40618	1.60229	1.01054	10.4507
PWY-5686: UMP biosynthesis|g__Bifidobacterium.s__Bifidobacterium_pseudocatenulatum	0	0	10.3145	1.50583	0	10.3223
PWY-5686: UMP biosynthesis|g__Bilophila.s__Bilophila_wadsworthia	0	0	0	0	2.56419	0
PWY-5686: UMP biosynthesis|g__Blautia.s__Blautia_obeum	8.86992	31.5925	10.7056	0	4.13281	3.96109
PWY-5686: UMP biosynthesis|g__Blautia.s__Blautia_wexlerae	5.81017	0	0	9.45025	0	5.61949
PWY-5686: UMP biosynthesis|g__Blautia.s__Ruminococcus_torques	0	23.2561	32.9669	31.3829	11.9192	5.68169
PWY-5686: UMP biosynthesis|g__Butyricimonas.s__Butyricimonas_virosa	0	0.500478	0	0.701305	0	0
PWY-5686: UMP biosynthesis|g__Butyrivibrio.s__Butyrivibrio_crossotus	0	0	7.46579	0	0	0
PWY-5686: UMP biosynthesis|g__Butyrivibrio.s__Butyrivibrio_crossotus_CAG_259	0	0	6.71994	0	0	0
PWY-5686: UMP biosynthesis|g__Butyrivibrio.s__Butyrivibrio_sp_CAG_318	0	3.6797	0	0	0	0
PWY-5686: UMP biosynthesis|g__Clostridium.s__Clostridium_sp_CAG_167	0	0	1.49226	0	0	0
PWY-5686: UMP biosynthesis|g__Clostridium.s__Clostridium_sp_CAG_253	0	0	0	0.481846	0	0
PWY-5686: UMP biosynthesis|g__Coprococcus.s__Coprococcus_catus	0.665032	3.0407	1.63929	1.83212	1.61697	2.00649
PWY-5686: UMP biosynthesis|g__Coprococcus.s__Coprococcus_comes	0.709266	0.538851	1.8209	2.85659	0.653064	0.798624
PWY-5686: UMP biosynthesis|g__Coprococcus.s__Coprococcus_comes_CAG_19	0.786828	0.972654	2.1324	2.97452	0.935991	1.02627
PWY-5686: UMP biosynthesis|g__Coprococcus.s__Coprococcus_eutactus	0	0	0	2.55152	0.952109	1.25207
PWY-5686: UMP biosynthesis|g__Desulfovibrio.s__Desulfovibrio_piger	0	5.58201	0	3.67438	0	0
PWY-5686: UMP biosynthesis|g__Dialister.s__Dialister_invisus	0	0	0	0	5.27862	0
PWY-5686: UMP biosynthesis|g__Dialister.s__Dialister_invisus_CAG_218	0	0	0	0	13.2179	0
PWY-5686: UMP biosynthesis|g__Dialister.s__Dialister_succinatiphilus	0	0	0	7.90994	0	0
PWY-5686: UMP biosynthesis|g__Dorea.s__Dorea_formicigenerans	0.315701	1.96191	0.195107	0	0.151393	0.483092
PWY-5686: UMP biosynthesis|g__Dorea.s__Dorea_formicigenerans_CAG_28	0.392051	1.18411	0.0820911	0	0.171829	0.239296
PWY-5686: UMP biosynthesis|g__Dorea.s__Dorea_longicatena	0	10.5111	0.650262	0.358852	0.668894	1.76269
PWY-5686: UMP biosynthesis|g__Eggerthella.s__Eggerthella_lenta	0	0	0	0	0.668319	0
PWY-5686: UMP biosynthesis|g__Escherichia.s__Escherichia_coli	0	0	0	16.5726	0	0
PWY-5686: UMP biosynthesis|g__Eubacterium.s__Eubacterium_eligens	3.16004	0	0.343827	1.36836	0.439502	0.210443
PWY-5686: UMP biosynthesis|g__Eubacterium.s__Eubacterium_eligens_CAG_72	5.04061	0	0.571264	1.42914	0.254433	0.246178
PWY-5686: UMP biosynthesis|g__Eubacterium.s__Eubacterium_hallii	1.94783	0	2.22461	0.570112	1.4745	2.50758
PWY-5686: UMP biosynthesis|g__Eubacterium.s__Eubacterium_hallii_CAG_12	1.44398	0	1.91312	0.547925	1.13603	2.82814
PWY-5686: UMP biosynthesis|g__Eubacterium.s__Eubacterium_ramulus	0.965281	0	1.27157	3.36038	0.736532	1.39713
PWY-5686: UMP biosynthesis|g__Eubacterium.s__Eubacterium_sp_CAG_180	0	0	0	18.8108	0	0
PWY-5686: UMP biosynthesis|g__Eubacterium.s__Eubacterium_sp_CAG_274	0	0	2.69607	0	0	0
PWY-5686: UMP biosynthesis|g__Eubacterium.s__Eubacterium_sp_CAG_38	1.0283	0.289292	2.24879	0	0	0
PWY-5686: UMP biosynthesis|g__Eubacterium.s__Eubacterium_ventriosum	0	0	0.701991	0.58434	0	0
PWY-5686: UMP biosynthesis|g__Faecalibacterium.s__Faecalibacterium_prausnitzii	71.6368	115.367	47.8301	8.59943	9.30523	13.0361
PWY-5686: UMP biosynthesis|g__Faecalitalea.s__Faecalitalea_cylindroides	0	1.68949	0	0	0	0
PWY-5686: UMP biosynthesis|g__Firmicutes_unclassified.s__Firmicutes_bacterium_CAG_110	0	1.04777	11.4396	4.0067	0	3.93488
PWY-5686: UMP biosynthesis|g__Firmicutes_unclassified.s__Firmicutes_bacterium_CAG_94	0	2.30617	0.368285	0	0	0
PWY-5686: UMP biosynthesis|g__Firmicutes_unclassified.s__Firmicutes_bacterium_CAG_95	0	1.85332	0	4.55342	0	0
PWY-5686: UMP biosynthesis|g__Flavonifractor.s__Flavonifractor_plautii	0	0.7846	0	0	0	0
PWY-5686: UMP biosynthesis|g__Fusicatenibacter.s__Fusicatenibacter_saccharivorans	5.9047	14.3364	4.19199	26.8816	10.6355	1.18166
PWY-5686: UMP biosynthesis|g__Gemmiger.s__Gemmiger_formicilis	14.0444	11.9228	5.07109	10.2639	3.07363	1.0816
PWY-5686: UMP biosynthesis|g__Intestinibacter.s__Intestinibacter_bartlettii	0	0	0	0.915459	0	0
PWY-5686: UMP biosynthesis|g__Lachnospira.s__Lachnospira_pectinoschiza	0	0	3.92013	0	0	0.729535
PWY-5686: UMP biosynthesis|g__Lachnospiraceae_unclassified.s__Eubacterium_rectale	78.0408	0	0	7.00171	0.720702	0
PWY-5686: UMP biosynthesis|g__Lawsonibacter.s__Lawsonibacter_asaccharolyticus	0	1.97143	0	0	0	0
PWY-5686: UMP biosynthesis|g__Megamonas.s__Megamonas_funiformis	0	10.964	0	0	0	0
PWY-5686: UMP biosynthesis|g__Megamonas.s__Megamonas_funiformis_CAG_377	0	27.0269	0	0	0	0
PWY-5686: UMP biosynthesis|g__Methanobrevibacter.s__Methanobrevibacter_smithii	0	0.271875	1.0624	0	3.97624	2.09993
PWY-5686: UMP biosynthesis|g__Methanobrevibacter.s__Methanobrevibacter_smithii_CAG_186	0	0.227515	1.06915	0	3.729	2.22778
PWY-5686: UMP biosynthesis|g__Monoglobus.s__Monoglobus_pectinilyticus	0	0	0	0	0	1.65813
PWY-5686: UMP biosynthesis|g__Odoribacter.s__Odoribacter_laneus	0	0	1.63451	0	0	0
PWY-5686: UMP biosynthesis|g__Odoribacter.s__Odoribacter_laneus_CAG_561	0	0	0.873764	0	0	0
PWY-5686: UMP biosynthesis|g__Oxalobacter.s__Oxalobacter_formigenes	0	0	0	1.09706	0	0
PWY-5686: UMP biosynthesis|g__Parabacteroides.s__Parabacteroides_distasonis	3.94414	1.13649	5.46299	0.280956	15.6154	3.2792
PWY-5686: UMP biosynthesis|g__Parabacteroides.s__Parabacteroides_goldsteinii	0	0	0.698336	0	0	0
PWY-5686: UMP biosynthesis|g__Parabacteroides.s__Parabacteroides_merdae	1.8221	0.514358	3.14364	0.803317	0	0
PWY-5686: UMP biosynthesis|g__Phascolarctobacterium.s__Phascolarctobacterium_faecium	7.51653	0	0	0	0	0
PWY-5686: UMP biosynthesis|g__Phascolarctobacterium.s__Phascolarctobacterium_sp_CAG_266	0	17.4659	4.97663	0	0	0
PWY-5686: UMP biosynthesis|g__Prevotella.s__Prevotella_copri	0	3.84136	0	0	0	0
PWY-5686: UMP biosynthesis|g__Prevotella.s__Prevotella_copri_CAG_164	0	5.12344	0	0	0	0
PWY-5686: UMP biosynthesis|g__Prevotella.s__Prevotella_sp_CAG_279	0	4.74189	0	0	0	65.2468
PWY-5686: UMP biosynthesis|g__Roseburia.s__Roseburia_faecis	0	1.20235	18.8981	0	0	19.55
PWY-5686: UMP biosynthesis|g__Roseburia.s__Roseburia_hominis	0	7.51588	0	3.52437	2.22168	0.787242
PWY-5686: UMP biosynthesis|g__Roseburia.s__Roseburia_intestinalis	0	0.303988	0.459935	0.261904	0	1.20389
PWY-5686: UMP biosynthesis|g__Roseburia.s__Roseburia_intestinalis_CAG_13	0	0.214724	0.359008	0.252016	0	0.975184
PWY-5686: UMP biosynthesis|g__Roseburia.s__Roseburia_inulinivorans	0.475369	1.89823	0	0.700099	0	2.04328
PWY-5686: UMP biosynthesis|g__Roseburia.s__Roseburia_inulinivorans_CAG_15	0.668668	2.28223	0.245992	1.43541	0	1.54801
PWY-5686: UMP biosynthesis|g__Roseburia.s__Roseburia_sp_CAG_182	0	0	0	9.10684	0	0
PWY-5686: UMP biosynthesis|g__Roseburia.s__Roseburia_sp_CAG_471	6.50883	0	0	0	0.448424	1.77328
PWY-5686: UMP biosynthesis|g__Ruminococcaceae_unclassified.s__Eubacterium_siraeum	0	0	4.91534	2.59083	1.06292	23.7083
PWY-5686: UMP biosynthesis|g__Ruminococcus.s__Ruminococcus_bicirculans	6.89119	2.56063	0	3.2234	0	1.1213
PWY-5686: UMP biosynthesis|g__Ruminococcus.s__Ruminococcus_lactaris	0	0	2.66206	11.7676	0.747181	0.591887
PWY-5686: UMP biosynthesis|g__Ruthenibacterium.s__Ruthenibacterium_lactatiformans	0	0.66676	0	0.549372	0.366971	0.24512
PWY-5686: UMP biosynthesis|g__Streptococcus.s__Streptococcus_salivarius	0	0	0	0.275409	0	0
PWY-5686: UMP biosynthesis|g__Streptococcus.s__Streptococcus_thermophilus	0	0	0	0.125164	0	0
PWY-5686: UMP biosynthesis|unclassified	117.491	259.896	220.933	196.555	182.594	153.097
PWY-5690: TCA cycle II (plants and fungi)	52.8478	69.6375	67.4415	97.1223	37.09	56.0797
PWY-5690: TCA cycle II (plants and fungi)|g__Escherichia.s__Escherichia_coli	0	0	0	21.8456	0	0
PWY-5690: TCA cycle II (plants and fungi)|unclassified	8.04977	11.0271	22.2841	9.54744	10.2421	7.22362
PWY-5692: allantoin degradation to glyoxylate II	0	0	0	1.6281	0.131822	0
PWY-5692: allantoin degradation to glyoxylate II|unclassified	0	0	0	0.736997	0.131822	0
PWY-5695: urate biosynthesis/inosine 5'-phosphate degradation	421.671	408.002	416.734	448.863	545.325	446.759
PWY-5695: urate biosynthesis/inosine 5'-phosphate degradation|g__Agathobaculum.s__Agathobaculum_butyriciproducens	3.06612	10.4924	2.4394	0.752191	2.47612	2.62802
PWY-5695: urate biosynthesis/inosine 5'-phosphate degradation|g__Alistipes.s__Alistipes_finegoldii	3.44423	0	7.39972	25.8692	48.8396	13.4673
PWY-5695: urate biosynthesis/inosine 5'-phosphate degradation|g__Alistipes.s__Alistipes_indistinctus	0	0	0	2.17313	1.3234	0.444445
PWY-5695: urate biosynthesis/inosine 5'-phosphate degradation|g__Alistipes.s__Alistipes_putredinis	0.933772	4.93892	4.10146	5.85257	32.4517	11.1236
PWY-5695: urate biosynthesis/inosine 5'-phosphate degradation|g__Alistipes.s__Alistipes_putredinis_CAG_67	0.606255	3.07608	2.83158	2.8086	15.331	7.12859
PWY-5695: urate biosynthesis/inosine 5'-phosphate degradation|g__Alistipes.s__Alistipes_sp_An31A	0	1.43013	0	0	0	0
PWY-5695: urate biosynthesis/inosine 5'-phosphate degradation|g__Anaerostipes.s__Anaerostipes_hadrus	10.1927	0	6.48098	14.9867	3.70569	9.92231
PWY-5695: urate biosynthesis/inosine 5'-phosphate degradation|g__Bacteroides.s__Bacteroides_caccae	0.789555	0	0	0.852274	1.425	0
PWY-5695: urate biosynthesis/inosine 5'-phosphate degradation|g__Bacteroides.s__Bacteroides_cellulosilyticus	3.03491	0	0	5.24387	0	5.75502
PWY-5695: urate biosynthesis/inosine 5'-phosphate degradation|g__Bacteroides.s__Bacteroides_clarus	0	0.579945	0	1.71034	2.31926	0
PWY-5695: urate biosynthesis/inosine 5'-phosphate degradation|g__Bacteroides.s__Bacteroides_coprocola	33.0395	0	0	0	0	0
PWY-5695: urate biosynthesis/inosine 5'-phosphate degradation|g__Bacteroides.s__Bacteroides_coprocola_CAG_162	53.3468	0	0	0	0	0
PWY-5695: urate biosynthesis/inosine 5'-phosphate degradation|g__Bacteroides.s__Bacteroides_dorei	0	1.51341	4.56927	4.73091	36.7377	25.3844
PWY-5695: urate biosynthesis/inosine 5'-phosphate degradation|g__Bacteroides.s__Bacteroides_eggerthii	0	0	8.43767	3.49181	30.2701	0
PWY-5695: urate biosynthesis/inosine 5'-phosphate degradation|g__Bacteroides.s__Bacteroides_faecis	0	0	0	0	1.4273	0
PWY-5695: urate biosynthesis/inosine 5'-phosphate degradation|g__Bacteroides.s__Bacteroides_finegoldii	0	0	0	0.525014	0	0
PWY-5695: urate biosynthesis/inosine 5'-phosphate degradation|g__Bacteroides.s__Bacteroides_fragilis	0	0	0	0	0	1.63431
PWY-5695: urate biosynthesis/inosine 5'-phosphate degradation|g__Bacteroides.s__Bacteroides_fragilis_CAG_47	0	0	0	0	0	1.44292
PWY-5695: urate biosynthesis/inosine 5'-phosphate degradation|g__Bacteroides.s__Bacteroides_massiliensis	8.7154	1.29705	7.21923	0	6.775	0
PWY-5695: urate biosynthesis/inosine 5'-phosphate degradation|g__Bacteroides.s__Bacteroides_ovatus	9.47436	0	0	3.36593	4.237	3.50341
PWY-5695: urate biosynthesis/inosine 5'-phosphate degradation|g__Bacteroides.s__Bacteroides_plebeius	0	2.29638	0	0.533937	0	0
PWY-5695: urate biosynthesis/inosine 5'-phosphate degradation|g__Bacteroides.s__Bacteroides_plebeius_CAG_211	0	0.731531	0	1.00927	0	0
PWY-5695: urate biosynthesis/inosine 5'-phosphate degradation|g__Bacteroides.s__Bacteroides_salyersiae	3.21579	0	1.70002	0.727351	0	0
PWY-5695: urate biosynthesis/inosine 5'-phosphate degradation|g__Bacteroides.s__Bacteroides_sp_CAG_598	0	8.30076	0	0	0	0
PWY-5695: urate biosynthesis/inosine 5'-phosphate degradation|g__Bacteroides.s__Bacteroides_sp_CAG_633	0	1.38822	0	0	0	0
PWY-5695: urate biosynthesis/inosine 5'-phosphate degradation|g__Bacteroides.s__Bacteroides_stercoris	0	0	0.956698	1.14698	0	6.3019
PWY-5695: urate biosynthesis/inosine 5'-phosphate degradation|g__Bacteroides.s__Bacteroides_thetaiotaomicron	4.14956	0	3.92491	0	0	1.74125
PWY-5695: urate biosynthesis/inosine 5'-phosphate degradation|g__Bacteroides.s__Bacteroides_uniformis	3.74902	2.98028	8.76997	4.01852	11.7137	10.6473
PWY-5695: urate biosynthesis/inosine 5'-phosphate degradation|g__Bacteroides.s__Bacteroides_uniformis_CAG_3	4.36558	2.61533	8.82873	3.76168	11.4207	9.51334
PWY-5695: urate biosynthesis/inosine 5'-phosphate degradation|g__Bacteroides.s__Bacteroides_vulgatus	7.86889	1.87319	7.69716	1.84997	0	0
PWY-5695: urate biosynthesis/inosine 5'-phosphate degradation|g__Bacteroides.s__Bacteroides_vulgatus_CAG_6	37.17	7.16427	8.99094	2.75023	0	0
PWY-5695: urate biosynthesis/inosine 5'-phosphate degradation|g__Bacteroides.s__Bacteroides_xylanisolvens	0	0	1.23727	0	1.21575	0.0791477
PWY-5695: urate biosynthesis/inosine 5'-phosphate degradation|g__Barnesiella.s__Barnesiella_intestinihominis	0.931954	0.888016	0.339891	0.98612	18.9144	3.30859
PWY-5695: urate biosynthesis/inosine 5'-phosphate degradation|g__Barnesiella.s__Barnesiella_viscericola	0	0	4.36994	0	0	0
PWY-5695: urate biosynthesis/inosine 5'-phosphate degradation|g__Bilophila.s__Bilophila_wadsworthia	0	0	0	0	1.70821	0
PWY-5695: urate biosynthesis/inosine 5'-phosphate degradation|g__Blautia.s__Blautia_obeum	4.64159	23.6376	4.83606	0	3.1358	2.35484
PWY-5695: urate biosynthesis/inosine 5'-phosphate degradation|g__Blautia.s__Blautia_wexlerae	6.40976	0	0	7.70302	0	4.46509
PWY-5695: urate biosynthesis/inosine 5'-phosphate degradation|g__Blautia.s__Ruminococcus_torques	0	21.6632	6.12647	18.6345	9.49864	6.90173
PWY-5695: urate biosynthesis/inosine 5'-phosphate degradation|g__Coprobacter.s__Coprobacter_fastidiosus	0	0	0	0	0	0.267355
PWY-5695: urate biosynthesis/inosine 5'-phosphate degradation|g__Coprococcus.s__Coprococcus_catus	0.566262	3.88054	2.61089	2.26718	2.61542	3.22573
PWY-5695: urate biosynthesis/inosine 5'-phosphate degradation|g__Coprococcus.s__Coprococcus_comes	0.198752	0	1.97047	1.51909	0.717824	0.598769
PWY-5695: urate biosynthesis/inosine 5'-phosphate degradation|g__Coprococcus.s__Coprococcus_comes_CAG_19	1.10435	0	1.39217	2.88287	0.656806	1.33598
PWY-5695: urate biosynthesis/inosine 5'-phosphate degradation|g__Coprococcus.s__Coprococcus_eutactus	0	0	0	8.08285	3.16055	4.85024
PWY-5695: urate biosynthesis/inosine 5'-phosphate degradation|g__Desulfovibrio.s__Desulfovibrio_piger	0	10.6665	0	4.43718	0	0
PWY-5695: urate biosynthesis/inosine 5'-phosphate degradation|g__Dialister.s__Dialister_invisus	0	0	0	0	13.9573	0
PWY-5695: urate biosynthesis/inosine 5'-phosphate degradation|g__Dialister.s__Dialister_invisus_CAG_218	0	0	0	0	0.0886486	0
PWY-5695: urate biosynthesis/inosine 5'-phosphate degradation|g__Dorea.s__Dorea_longicatena	0	0.577224	0.457967	0.525255	0	0.0730594
PWY-5695: urate biosynthesis/inosine 5'-phosphate degradation|g__Dorea.s__Dorea_longicatena_CAG_42	0	10.8364	0.641547	0.309896	1.24223	1.78519
PWY-5695: urate biosynthesis/inosine 5'-phosphate degradation|g__Escherichia.s__Escherichia_coli	0	0	0	36.9719	0	0
PWY-5695: urate biosynthesis/inosine 5'-phosphate degradation|g__Eubacterium.s__Eubacterium_eligens	3.87415	0	0.398929	1.43878	0.154559	0
PWY-5695: urate biosynthesis/inosine 5'-phosphate degradation|g__Eubacterium.s__Eubacterium_eligens_CAG_72	4.95608	0	0.224907	1.02085	0.294152	0
PWY-5695: urate biosynthesis/inosine 5'-phosphate degradation|g__Eubacterium.s__Eubacterium_ramulus	0	0	1.45093	4.58598	0.787476	1.72007
PWY-5695: urate biosynthesis/inosine 5'-phosphate degradation|g__Eubacterium.s__Eubacterium_ventriosum	0	0	0.736571	0.597363	0	0
PWY-5695: urate biosynthesis/inosine 5'-phosphate degradation|g__Faecalibacterium.s__Faecalibacterium_prausnitzii	7.19386	9.34199	15.57	1.57432	3.58192	4.02091
PWY-5695: urate biosynthesis/inosine 5'-phosphate degradation|g__Faecalitalea.s__Faecalitalea_cylindroides	0	1.21759	0	0	0	0
PWY-5695: urate biosynthesis/inosine 5'-phosphate degradation|g__Firmicutes_unclassified.s__Firmicutes_bacterium_CAG_94	0	2.39	0.455156	0	0	0
PWY-5695: urate biosynthesis/inosine 5'-phosphate degradation|g__Fusicatenibacter.s__Fusicatenibacter_saccharivorans	7.22597	15.566	4.5569	31.0402	11.952	1.43498
PWY-5695: urate biosynthesis/inosine 5'-phosphate degradation|g__Intestinibacter.s__Intestinibacter_bartlettii	0	0	0	0.463276	0	0
PWY-5695: urate biosynthesis/inosine 5'-phosphate degradation|g__Lachnospira.s__Lachnospira_pectinoschiza	0	0	3.52935	0	0	0.508504
PWY-5695: urate biosynthesis/inosine 5'-phosphate degradation|g__Parabacteroides.s__Parabacteroides_distasonis	2.96098	1.53328	4.69859	0.323401	13.8594	3.43009
PWY-5695: urate biosynthesis/inosine 5'-phosphate degradation|g__Parabacteroides.s__Parabacteroides_goldsteinii	0	0	0.636768	0	0	0
PWY-5695: urate biosynthesis/inosine 5'-phosphate degradation|g__Prevotella.s__Prevotella_copri_CAG_164	0	5.90341	0	0	0	0
PWY-5695: urate biosynthesis/inosine 5'-phosphate degradation|g__Prevotella.s__Prevotella_sp_CAG_279	0	3.65493	0	0	0	66.6352
PWY-5695: urate biosynthesis/inosine 5'-phosphate degradation|g__Prevotella.s__Prevotella_sp_CAG_485	0	0	0	3.94038	0	0
PWY-5695: urate biosynthesis/inosine 5'-phosphate degradation|g__Roseburia.s__Roseburia_faecis	0	1.12179	11.1104	0	0	11.8168
PWY-5695: urate biosynthesis/inosine 5'-phosphate degradation|g__Roseburia.s__Roseburia_intestinalis	0	0.477074	0.329208	0.29422	0	0.928331
PWY-5695: urate biosynthesis/inosine 5'-phosphate degradation|g__Roseburia.s__Roseburia_intestinalis_CAG_13	0	0.430809	0.275792	0.471717	0	0.828007
PWY-5695: urate biosynthesis/inosine 5'-phosphate degradation|g__Roseburia.s__Roseburia_inulinivorans	0.962857	2.3157	0.441099	1.10333	0	2.31567
PWY-5695: urate biosynthesis/inosine 5'-phosphate degradation|g__Ruminococcus.s__Ruminococcus_bicirculans	7.12327	2.68527	0	3.47324	0	1.08424
PWY-5695: urate biosynthesis/inosine 5'-phosphate degradation|g__Streptococcus.s__Streptococcus_salivarius	0	0	0	0.411908	0	0
PWY-5695: urate biosynthesis/inosine 5'-phosphate degradation|unclassified	50.84	70.1089	127.086	119.181	93.9491	55.2183
PWY-5705: allantoin degradation to glyoxylate III	0	0	0	6.74463	0.172404	0
PWY-5705: allantoin degradation to glyoxylate III|g__Escherichia.s__Escherichia_coli	0	0	0	5.9512	0	0
PWY-5705: allantoin degradation to glyoxylate III|unclassified	0	0	0	0.252499	0.159452	0
PWY-5723: Rubisco shunt	0	0.870326	0	66.8328	0.992404	0
PWY-5723: Rubisco shunt|g__Escherichia.s__Escherichia_coli	0	0	0	39.338	0	0
PWY-5723: Rubisco shunt|unclassified	0	0.867333	0	3.68161	0.981755	0
PWY-5747: 2-methylcitrate cycle II	0	0	0.287881	11.4157	0	0
PWY-5747: 2-methylcitrate cycle II|g__Escherichia.s__Escherichia_coli	0	0	0	9.94416	0	0
PWY-5747: 2-methylcitrate cycle II|unclassified	0	0	0.287881	0.378628	0	0
PWY-5754: 4-hydroxybenzoate biosynthesis I (eukaryotes)	0	0	0	0.838045	0	0
PWY-5791: 1,4-dihydroxy-2-naphthoate biosynthesis II (plants)	11.2277	5.6944	0.449533	25.6362	3.00456	11.9002
PWY-5791: 1,4-dihydroxy-2-naphthoate biosynthesis II (plants)|g__Escherichia.s__Escherichia_coli	0	0	0	15.0202	0	0
PWY-5791: 1,4-dihydroxy-2-naphthoate biosynthesis II (plants)|unclassified	0.508091	1.66717	0.425074	0.909188	1.32541	0
PWY-5837: 1,4-dihydroxy-2-naphthoate biosynthesis I	11.2277	5.6944	0.449533	25.6362	3.00456	11.9002
PWY-5837: 1,4-dihydroxy-2-naphthoate biosynthesis I|g__Escherichia.s__Escherichia_coli	0	0	0	15.0202	0	0
PWY-5837: 1,4-dihydroxy-2-naphthoate biosynthesis I|unclassified	0.508091	1.66717	0.425074	0.909188	1.32541	0
PWY-5838: superpathway of menaquinol-8 biosynthesis I	33.9512	16.9281	1.53302	65.7227	10.0812	36.1737
PWY-5838: superpathway of menaquinol-8 biosynthesis I|g__Escherichia.s__Escherichia_coli	0	0	0	25.9837	0	0
PWY-5838: superpathway of menaquinol-8 biosynthesis I|unclassified	1.31825	2.24685	1.28675	2.81511	3.66712	0
PWY-5840: superpathway of menaquinol-7 biosynthesis	6.44702	12.2668	1.51812	57.1428	9.22723	34.9581
PWY-5840: superpathway of menaquinol-7 biosynthesis|g__Escherichia.s__Escherichia_coli	0	0	0	23.5501	0	0
PWY-5840: superpathway of menaquinol-7 biosynthesis|unclassified	1.24856	4.14099	1.37334	2.86479	0	0
PWY-5845: superpathway of menaquinol-9 biosynthesis	6.44702	8.21313	1.52487	57.1428	9.98564	31.8497
PWY-5845: superpathway of menaquinol-9 biosynthesis|g__Escherichia.s__Escherichia_coli	0	0	0	23.5501	0	0
PWY-5845: superpathway of menaquinol-9 biosynthesis|unclassified	0	2.52117	0	0	0	0
PWY-5850: superpathway of menaquinol-6 biosynthesis I	6.44702	0	0	57.1428	0	0
PWY-5850: superpathway of menaquinol-6 biosynthesis I|g__Escherichia.s__Escherichia_coli	0	0	0	23.5501	0	0
PWY-5855: ubiquinol-7 biosynthesis (prokaryotic)	0	0	0	0.980091	0.173268	0
PWY-5855: ubiquinol-7 biosynthesis (prokaryotic)|unclassified	0	0	0	0	0.164058	0
PWY-5856: ubiquinol-9 biosynthesis (prokaryotic)	0	0	0	0.980091	0.173268	0
PWY-5856: ubiquinol-9 biosynthesis (prokaryotic)|unclassified	0	0	0	0	0.164058	0
PWY-5857: ubiquinol-10 biosynthesis (prokaryotic)	0	0	0	0.980091	0.173268	0
PWY-5857: ubiquinol-10 biosynthesis (prokaryotic)|unclassified	0	0	0	0	0.164058	0
PWY-5860: superpathway of demethylmenaquinol-6 biosynthesis I	4.33437	0	0	41.1597	0	0
PWY-5860: superpathway of demethylmenaquinol-6 biosynthesis I|g__Escherichia.s__Escherichia_coli	0	0	0	19.4653	0	0
PWY-5861: superpathway of demethylmenaquinol-8 biosynthesis	23.6733	11.704	1.02389	47.9186	6.76982	25.2952
PWY-5861: superpathway of demethylmenaquinol-8 biosynthesis|g__Escherichia.s__Escherichia_coli	0	0	0	22.0226	0	0
PWY-5861: superpathway of demethylmenaquinol-8 biosynthesis|unclassified	0.907413	1.51314	0.860832	1.90254	2.46	0
PWY-5862: superpathway of demethylmenaquinol-9 biosynthesis	4.33437	5.57194	1.01855	41.1597	6.70506	22.1423
PWY-5862: superpathway of demethylmenaquinol-9 biosynthesis|g__Escherichia.s__Escherichia_coli	0	0	0	19.4653	0	0
PWY-5862: superpathway of demethylmenaquinol-9 biosynthesis|unclassified	0	1.7001	0	0	0	0
PWY-5863: superpathway of phylloquinol biosynthesis	12.4996	6.29993	0.512788	23.8304	3.39455	12.7094
PWY-5863: superpathway of phylloquinol biosynthesis|g__Escherichia.s__Escherichia_coli	0	0	0	13.4082	0	0
PWY-5863: superpathway of phylloquinol biosynthesis|unclassified	0	1.47939	0.479052	0.974061	1.39478	0
PWY-5896: superpathway of menaquinol-10 biosynthesis	6.44702	0	0	57.1428	0	0
PWY-5896: superpathway of menaquinol-10 biosynthesis|g__Escherichia.s__Escherichia_coli	0	0	0	23.5501	0	0
PWY-5897: superpathway of menaquinol-11 biosynthesis	30.6915	15.4585	1.34354	62.1668	8.88213	32.8577
PWY-5897: superpathway of menaquinol-11 biosynthesis|g__Escherichia.s__Escherichia_coli	0	0	0	25.1288	0	0
PWY-5897: superpathway of menaquinol-11 biosynthesis|unclassified	1.38581	4.21556	1.26032	2.63809	3.80297	0
PWY-5898: superpathway of menaquinol-12 biosynthesis	30.6915	15.4585	1.34354	62.1668	8.88213	32.8577
PWY-5898: superpathway of menaquinol-12 biosynthesis|g__Escherichia.s__Escherichia_coli	0	0	0	25.1288	0	0
PWY-5898: superpathway of menaquinol-12 biosynthesis|unclassified	1.38581	4.21556	1.26032	2.63809	3.80297	0
PWY-5899: superpathway of menaquinol-13 biosynthesis	30.6915	15.4585	1.34354	62.1668	8.88213	32.8577
PWY-5899: superpathway of menaquinol-13 biosynthesis|g__Escherichia.s__Escherichia_coli	0	0	0	25.1288	0	0
PWY-5899: superpathway of menaquinol-13 biosynthesis|unclassified	1.38581	4.21556	1.26032	2.63809	3.80297	0
PWY-5910: superpathway of geranylgeranyldiphosphate biosynthesis I (via mevalonate)	0	1.13132	0	1.1776	0	0
PWY-5910: superpathway of geranylgeranyldiphosphate biosynthesis I (via mevalonate)|unclassified	0	0	0	0.532249	0	0
PWY-5913: TCA cycle VI (obligate autotrophs)	25.9075	40.8525	67.1364	71.5924	17.3322	105.35
PWY-5913: TCA cycle VI (obligate autotrophs)|g__Escherichia.s__Escherichia_coli	0	0	0	31.435	0	0
PWY-5913: TCA cycle VI (obligate autotrophs)|unclassified	8.05007	25.6047	3.53779	15.0052	3.39167	3.82741
PWY-5918: superpathay of heme biosynthesis from glutamate	1.68576	4.09881	1.8642	48.4875	0.441228	5.92814
PWY-5918: superpathay of heme biosynthesis from glutamate|g__Escherichia.s__Escherichia_coli	0	0	0	25.6917	0	0
PWY-5918: superpathay of heme biosynthesis from glutamate|unclassified	1.22463	1.27174	0.971598	1.39851	0.421657	1.68566
PWY-5920: superpathway of heme biosynthesis from glycine	0	0	0	5.77419	0	0.438092
PWY-5920: superpathway of heme biosynthesis from glycine|g__Escherichia.s__Escherichia_coli	0	0	0	0.484499	0	0
PWY-5920: superpathway of heme biosynthesis from glycine|unclassified	0	0	0	0.641496	0	0.387003
PWY-5941: glycogen degradation II (eukaryotic)	58.4822	4.07295	22.9096	19.4446	56.1278	31.1387
PWY-5941: glycogen degradation II (eukaryotic)|g__Bacteroides.s__Bacteroides_faecis	0	0	0	0	1.87544	0
PWY-5941: glycogen degradation II (eukaryotic)|g__Bacteroides.s__Bacteroides_finegoldii	0	0	0	0.357887	0	0
PWY-5941: glycogen degradation II (eukaryotic)|g__Bacteroides.s__Bacteroides_thetaiotaomicron	3.4312	0	2.6882	0	0	1.34048
PWY-5941: glycogen degradation II (eukaryotic)|g__Bifidobacterium.s__Bifidobacterium_adolescentis	0	1.53382	0	0	0	0
PWY-5941: glycogen degradation II (eukaryotic)|unclassified	0	1.38985	0	2.04724	0	0
PWY-5971: palmitate biosynthesis II (bacteria and plants)	0	21.5679	66.0538	172.592	82.0328	54.271
PWY-5971: palmitate biosynthesis II (bacteria and plants)|g__Escherichia.s__Escherichia_coli	0	0	0	25.8405	0	0
PWY-5971: palmitate biosynthesis II (bacteria and plants)|unclassified	0	0	0	9.505	3.66424	0
PWY-5973: cis-vaccenate biosynthesis	385.352	186.428	285.477	249.878	367.266	300.794
PWY-5973: cis-vaccenate biosynthesis|g__Alistipes.s__Alistipes_finegoldii	4.95184	0	2.32498	17.2102	54.664	0
PWY-5973: cis-vaccenate biosynthesis|g__Alistipes.s__Alistipes_sp_An31A	0	1.36346	0	0	0	0
PWY-5973: cis-vaccenate biosynthesis|g__Bacteroides.s__Bacteroides_caccae	0.536267	0	0	1.58951	1.59136	0
PWY-5973: cis-vaccenate biosynthesis|g__Bacteroides.s__Bacteroides_cellulosilyticus	5.43115	0	0	7.61451	0	6.03481
PWY-5973: cis-vaccenate biosynthesis|g__Bacteroides.s__Bacteroides_clarus	0	0.739423	0	1.392	2.25047	0
PWY-5973: cis-vaccenate biosynthesis|g__Bacteroides.s__Bacteroides_dorei	0	1.45163	3.42533	0	26.0581	0
PWY-5973: cis-vaccenate biosynthesis|g__Bacteroides.s__Bacteroides_eggerthii	0	0	9.14669	3.8403	28.7089	0
PWY-5973: cis-vaccenate biosynthesis|g__Bacteroides.s__Bacteroides_faecis	0	0	0	0	1.71541	0
PWY-5973: cis-vaccenate biosynthesis|g__Bacteroides.s__Bacteroides_finegoldii	0	0	0	0.475575	0	0
PWY-5973: cis-vaccenate biosynthesis|g__Bacteroides.s__Bacteroides_fragilis_CAG_47	0	0	0	0	0	0.695917
PWY-5973: cis-vaccenate biosynthesis|g__Bacteroides.s__Bacteroides_ovatus	10.4402	0	0	2.94172	6.79112	2.49567
PWY-5973: cis-vaccenate biosynthesis|g__Bacteroides.s__Bacteroides_salyersiae	2.29444	0	1.54258	0.798976	0	0
PWY-5973: cis-vaccenate biosynthesis|g__Bacteroides.s__Bacteroides_sp_CAG_598	0	8.83226	0	0	0	0
PWY-5973: cis-vaccenate biosynthesis|g__Bacteroides.s__Bacteroides_sp_CAG_633	0	1.15771	0	0	0	0
PWY-5973: cis-vaccenate biosynthesis|g__Bacteroides.s__Bacteroides_stercoris	0	0	0.896817	1.03459	0	6.40593
PWY-5973: cis-vaccenate biosynthesis|g__Bacteroides.s__Bacteroides_thetaiotaomicron	4.92548	0	4.20379	0	0	2.12799
PWY-5973: cis-vaccenate biosynthesis|g__Bacteroides.s__Bacteroides_uniformis	0.883781	2.24031	4.20239	1.94571	10.7933	12.3081
PWY-5973: cis-vaccenate biosynthesis|g__Bacteroides.s__Bacteroides_uniformis_CAG_3	2.9113	1.47095	7.88327	1.02036	1.58992	1.79128
PWY-5973: cis-vaccenate biosynthesis|g__Bacteroides.s__Bacteroides_vulgatus	0	7.04099	7.3449	0	0	0
PWY-5973: cis-vaccenate biosynthesis|g__Bacteroides.s__Bacteroides_xylanisolvens	0	0	1.70648	0	4.21426	3.54815
PWY-5973: cis-vaccenate biosynthesis|g__Blautia.s__Ruminococcus_torques	0	20.8982	6.50431	14.3468	1.6541	1.3651
PWY-5973: cis-vaccenate biosynthesis|g__Desulfovibrio.s__Desulfovibrio_piger	0	4.51329	0	2.98127	0	0
PWY-5973: cis-vaccenate biosynthesis|g__Escherichia.s__Escherichia_coli	0	0	0	19.5208	0	0
PWY-5973: cis-vaccenate biosynthesis|g__Parabacteroides.s__Parabacteroides_distasonis	5.21088	1.45599	5.75537	0.41649	16.1211	4.16968
PWY-5973: cis-vaccenate biosynthesis|g__Parabacteroides.s__Parabacteroides_goldsteinii	0	0	0.563673	0	0	0
PWY-5973: cis-vaccenate biosynthesis|g__Parabacteroides.s__Parabacteroides_merdae	0.745018	0.484422	1.8954	0.848656	0	0
PWY-5973: cis-vaccenate biosynthesis|unclassified	48.9936	39.0237	79.8451	68.098	42.0091	32.0008
PWY-5989: stearate biosynthesis II (bacteria and plants)	61.1475	39.2842	51.603	151.337	107.211	68.2422
PWY-5989: stearate biosynthesis II (bacteria and plants)|g__Alistipes.s__Alistipes_finegoldii	3.89991	0	1.517	14.0572	45.6192	0
PWY-5989: stearate biosynthesis II (bacteria and plants)|g__Bacteroides.s__Bacteroides_cellulosilyticus	4.11926	0	0	0	0	4.79121
PWY-5989: stearate biosynthesis II (bacteria and plants)|g__Bacteroides.s__Bacteroides_vulgatus	0	4.40225	7.46635	0	0	0
PWY-5989: stearate biosynthesis II (bacteria and plants)|g__Escherichia.s__Escherichia_coli	0	0	0	21.0483	0	0
PWY-5989: stearate biosynthesis II (bacteria and plants)|unclassified	0	4.92858	0	7.9548	2.62319	0.512475
PWY-5994: palmitate biosynthesis I (animals and fungi)	0	0	40.6525	30.786	49.7022	30.6667
PWY-5994: palmitate biosynthesis I (animals and fungi)|unclassified	0	0	0	0.433131	0	0
PWY-6113: superpathway of mycolate biosynthesis	0	21.9326	43.4886	135.827	25.962	17.156
PWY-6113: superpathway of mycolate biosynthesis|unclassified	0	0	0	4.88815	2.64967	0
PWY-6121: 5-aminoimidazole ribonucleotide biosynthesis I	534.129	702.202	540.467	502.654	495.385	478.997
PWY-6121: 5-aminoimidazole ribonucleotide biosynthesis I|g__Agathobaculum.s__Agathobaculum_butyriciproducens	9.44527	12.1304	4.48015	3.89842	2.96887	4.7208
PWY-6121: 5-aminoimidazole ribonucleotide biosynthesis I|g__Akkermansia.s__Akkermansia_muciniphila	0	1.38604	0.701148	12.4694	10.4041	13.925
PWY-6121: 5-aminoimidazole ribonucleotide biosynthesis I|g__Alistipes.s__Alistipes_finegoldii	4.17137	0	10.8265	17.8498	48.0786	6.26537
PWY-6121: 5-aminoimidazole ribonucleotide biosynthesis I|g__Alistipes.s__Alistipes_indistinctus	0	0	0	2.06219	1.46587	0.578916
PWY-6121: 5-aminoimidazole ribonucleotide biosynthesis I|g__Alistipes.s__Alistipes_putredinis	0.43265	8.66271	6.7042	7.335	46.7245	15.5169
PWY-6121: 5-aminoimidazole ribonucleotide biosynthesis I|g__Alistipes.s__Alistipes_putredinis_CAG_67	0	0.152947	0	0.123476	0	0
PWY-6121: 5-aminoimidazole ribonucleotide biosynthesis I|g__Alistipes.s__Alistipes_sp_An31A	0	1.00259	0	0	0	0
PWY-6121: 5-aminoimidazole ribonucleotide biosynthesis I|g__Anaerostipes.s__Anaerostipes_hadrus	14.0251	0	5.89341	11.4825	4.47676	8.77189
PWY-6121: 5-aminoimidazole ribonucleotide biosynthesis I|g__Bacteroides.s__Bacteroides_caccae	0.572018	0	0	0.962727	1.60517	0
PWY-6121: 5-aminoimidazole ribonucleotide biosynthesis I|g__Bacteroides.s__Bacteroides_cellulosilyticus	4.07654	0	0	5.42233	0	4.7756
PWY-6121: 5-aminoimidazole ribonucleotide biosynthesis I|g__Bacteroides.s__Bacteroides_clarus	0	0.394613	0	1.36644	2.4341	0
PWY-6121: 5-aminoimidazole ribonucleotide biosynthesis I|g__Bacteroides.s__Bacteroides_coprocola	40.6778	0	0	0	0	0
PWY-6121: 5-aminoimidazole ribonucleotide biosynthesis I|g__Bacteroides.s__Bacteroides_dorei	0	1.25324	4.60047	4.83486	30.9387	19.9502
PWY-6121: 5-aminoimidazole ribonucleotide biosynthesis I|g__Bacteroides.s__Bacteroides_eggerthii	0	0	9.67325	3.85428	31.7777	0
PWY-6121: 5-aminoimidazole ribonucleotide biosynthesis I|g__Bacteroides.s__Bacteroides_faecis	0	0	0	0	1.64	0
PWY-6121: 5-aminoimidazole ribonucleotide biosynthesis I|g__Bacteroides.s__Bacteroides_finegoldii	0	0	0	0.405156	0	0
PWY-6121: 5-aminoimidazole ribonucleotide biosynthesis I|g__Bacteroides.s__Bacteroides_fragilis	0	0	0	0	0	1.94057
PWY-6121: 5-aminoimidazole ribonucleotide biosynthesis I|g__Bacteroides.s__Bacteroides_fragilis_CAG_47	0	0	0	0	0	0.815036
PWY-6121: 5-aminoimidazole ribonucleotide biosynthesis I|g__Bacteroides.s__Bacteroides_massiliensis	8.92779	1.19418	6.00446	0	7.16788	0
PWY-6121: 5-aminoimidazole ribonucleotide biosynthesis I|g__Bacteroides.s__Bacteroides_ovatus	10.7841	0	0	3.44599	6.12309	0.965919
PWY-6121: 5-aminoimidazole ribonucleotide biosynthesis I|g__Bacteroides.s__Bacteroides_salyersiae	2.68225	0	1.76215	0.573247	0	0
PWY-6121: 5-aminoimidazole ribonucleotide biosynthesis I|g__Bacteroides.s__Bacteroides_sp_CAG_633	0	1.91809	0	0	0	0
PWY-6121: 5-aminoimidazole ribonucleotide biosynthesis I|g__Bacteroides.s__Bacteroides_stercoris	0	0	0.551585	0.470752	0	5.00272
PWY-6121: 5-aminoimidazole ribonucleotide biosynthesis I|g__Bacteroides.s__Bacteroides_thetaiotaomicron	3.94717	0	3.65277	0	0	1.53319
PWY-6121: 5-aminoimidazole ribonucleotide biosynthesis I|g__Bacteroides.s__Bacteroides_uniformis	5.68383	2.71494	9.81129	4.76106	12.5579	11.3051
PWY-6121: 5-aminoimidazole ribonucleotide biosynthesis I|g__Bacteroides.s__Bacteroides_uniformis_CAG_3	3.5027	2.46103	8.82338	2.73794	10.3397	9.33069
PWY-6121: 5-aminoimidazole ribonucleotide biosynthesis I|g__Bacteroides.s__Bacteroides_vulgatus	27.9413	4.35707	6.62211	1.59048	0	0
PWY-6121: 5-aminoimidazole ribonucleotide biosynthesis I|g__Bacteroides.s__Bacteroides_vulgatus_CAG_6	16.3583	3.87102	5.03089	1.36185	0	0
PWY-6121: 5-aminoimidazole ribonucleotide biosynthesis I|g__Bacteroides.s__Bacteroides_xylanisolvens	0	0	1.45796	0	0	0
PWY-6121: 5-aminoimidazole ribonucleotide biosynthesis I|g__Barnesiella.s__Barnesiella_intestinihominis	0.713811	0.8442	0.44391	1.22752	20.5	3.54735
PWY-6121: 5-aminoimidazole ribonucleotide biosynthesis I|g__Barnesiella.s__Barnesiella_viscericola	0	0	5.09696	0	0	0
PWY-6121: 5-aminoimidazole ribonucleotide biosynthesis I|g__Bifidobacterium.s__Bifidobacterium_adolescentis	0	1.12778	0	0	0	10.1582
PWY-6121: 5-aminoimidazole ribonucleotide biosynthesis I|g__Bifidobacterium.s__Bifidobacterium_longum	2.39199	0.32195	8.71824	1.66693	1.23417	11.19
PWY-6121: 5-aminoimidazole ribonucleotide biosynthesis I|g__Bifidobacterium.s__Bifidobacterium_longum_CAG_69	2.30716	0.139339	6.10341	1.42528	1.89213	7.43141
PWY-6121: 5-aminoimidazole ribonucleotide biosynthesis I|g__Bifidobacterium.s__Bifidobacterium_pseudocatenulatum	0	0	9.79639	1.21016	0	11.0804
PWY-6121: 5-aminoimidazole ribonucleotide biosynthesis I|g__Bilophila.s__Bilophila_wadsworthia	0	0	0	0	2.35638	0
PWY-6121: 5-aminoimidazole ribonucleotide biosynthesis I|g__Blautia.s__Blautia_obeum	20.9065	47.7041	11.3204	0	13.3724	10.2778
PWY-6121: 5-aminoimidazole ribonucleotide biosynthesis I|g__Blautia.s__Blautia_wexlerae	4.61008	0	0	8.45714	0	2.22752
PWY-6121: 5-aminoimidazole ribonucleotide biosynthesis I|g__Blautia.s__Ruminococcus_torques	0	19.8907	29.4226	27.9835	9.97412	6.25426
PWY-6121: 5-aminoimidazole ribonucleotide biosynthesis I|g__Butyricimonas.s__Butyricimonas_virosa	0	0.668937	0	0.653796	0	0
PWY-6121: 5-aminoimidazole ribonucleotide biosynthesis I|g__Butyrivibrio.s__Butyrivibrio_crossotus	0	0	10.734	0	0	0
PWY-6121: 5-aminoimidazole ribonucleotide biosynthesis I|g__Butyrivibrio.s__Butyrivibrio_crossotus_CAG_259	0	0	8.92459	0	0	0
PWY-6121: 5-aminoimidazole ribonucleotide biosynthesis I|g__Butyrivibrio.s__Butyrivibrio_sp_CAG_318	0	2.78325	0	0	0	0
PWY-6121: 5-aminoimidazole ribonucleotide biosynthesis I|g__Clostridium.s__Clostridium_sp_CAG_167	0	0	1.58391	0	0	0
PWY-6121: 5-aminoimidazole ribonucleotide biosynthesis I|g__Clostridium.s__Clostridium_sp_CAG_253	0	0	0	0.355476	0	0
PWY-6121: 5-aminoimidazole ribonucleotide biosynthesis I|g__Clostridium.s__Clostridium_sp_CAG_411	0	0	0.281134	0	0	0
PWY-6121: 5-aminoimidazole ribonucleotide biosynthesis I|g__Clostridium.s__Clostridium_sp_CAG_58	0	0.843384	0	0	0	0
PWY-6121: 5-aminoimidazole ribonucleotide biosynthesis I|g__Clostridium.s__Clostridium_sp_CAG_632	0	0	7.58555	0	0	0
PWY-6121: 5-aminoimidazole ribonucleotide biosynthesis I|g__Coprococcus.s__Coprococcus_catus	0.830154	3.29543	2.41578	1.92135	2.24874	2.88638
PWY-6121: 5-aminoimidazole ribonucleotide biosynthesis I|g__Coprococcus.s__Coprococcus_comes	1.03557	1.41135	1.98537	3.46336	1.06321	1.13507
PWY-6121: 5-aminoimidazole ribonucleotide biosynthesis I|g__Coprococcus.s__Coprococcus_comes_CAG_19	1.05314	1.07906	2.69579	3.62759	0.89915	1.23036
PWY-6121: 5-aminoimidazole ribonucleotide biosynthesis I|g__Coprococcus.s__Coprococcus_eutactus	0	0	0	7.63477	2.82726	4.41215
PWY-6121: 5-aminoimidazole ribonucleotide biosynthesis I|g__Desulfovibrio.s__Desulfovibrio_piger	0	7.28891	0	4.14706	0	0
PWY-6121: 5-aminoimidazole ribonucleotide biosynthesis I|g__Dialister.s__Dialister_invisus	0	0	0	0	21.7333	0
PWY-6121: 5-aminoimidazole ribonucleotide biosynthesis I|g__Dialister.s__Dialister_invisus_CAG_218	0	0	0	0	6.66218	0
PWY-6121: 5-aminoimidazole ribonucleotide biosynthesis I|g__Dialister.s__Dialister_sp_CAG_357	0	0	0	0	0	11.1349
PWY-6121: 5-aminoimidazole ribonucleotide biosynthesis I|g__Dialister.s__Dialister_succinatiphilus	0	0	0	5.8422	0	0
PWY-6121: 5-aminoimidazole ribonucleotide biosynthesis I|g__Dorea.s__Dorea_formicigenerans	0.354785	1.83155	0.167275	0	0	0.31262
PWY-6121: 5-aminoimidazole ribonucleotide biosynthesis I|g__Dorea.s__Dorea_formicigenerans_CAG_28	0.169364	1.04777	0.09671	0	0	0.237972
PWY-6121: 5-aminoimidazole ribonucleotide biosynthesis I|g__Dorea.s__Dorea_longicatena	0	9.63999	0.776492	0.558777	1.0468	1.93528
PWY-6121: 5-aminoimidazole ribonucleotide biosynthesis I|g__Dorea.s__Dorea_longicatena_CAG_42	0	12.94	0.440818	0.513679	0.787476	2.08299
PWY-6121: 5-aminoimidazole ribonucleotide biosynthesis I|g__Dorea.s__Dorea_sp_CAG_317	0	1.73276	0	0	0	0
PWY-6121: 5-aminoimidazole ribonucleotide biosynthesis I|g__Eggerthella.s__Eggerthella_lenta	0.518695	0	0	0	0.888789	0
PWY-6121: 5-aminoimidazole ribonucleotide biosynthesis I|g__Escherichia.s__Escherichia_coli	0	0	0	26.4075	0	0
PWY-6121: 5-aminoimidazole ribonucleotide biosynthesis I|g__Eubacterium.s__Eubacterium_eligens	5.00274	0	0.303906	2.00576	0.239466	0.212561
PWY-6121: 5-aminoimidazole ribonucleotide biosynthesis I|g__Eubacterium.s__Eubacterium_eligens_CAG_72	5.21179	0	0.248241	2.17289	0.320056	0.229502
PWY-6121: 5-aminoimidazole ribonucleotide biosynthesis I|g__Eubacterium.s__Eubacterium_hallii	2.18294	2.17663	2.20521	0.323642	1.1035	1.85507
PWY-6121: 5-aminoimidazole ribonucleotide biosynthesis I|g__Eubacterium.s__Eubacterium_hallii_CAG_12	2.25202	0.590015	3.70872	0.925105	1.44457	3.50817
PWY-6121: 5-aminoimidazole ribonucleotide biosynthesis I|g__Eubacterium.s__Eubacterium_ramulus	1.11101	0	1.27129	3.671	0.668606	1.3508
PWY-6121: 5-aminoimidazole ribonucleotide biosynthesis I|g__Eubacterium.s__Eubacterium_sp_CAG_180	0	0	0	20.5402	0	0
PWY-6121: 5-aminoimidazole ribonucleotide biosynthesis I|g__Eubacterium.s__Eubacterium_sp_CAG_38	1.01194	0.425366	2.21786	0	0	0.183707
PWY-6121: 5-aminoimidazole ribonucleotide biosynthesis I|g__Eubacterium.s__Eubacterium_ventriosum	0	0	0.871796	0.616898	0	0
PWY-6121: 5-aminoimidazole ribonucleotide biosynthesis I|g__Faecalibacterium.s__Faecalibacterium_prausnitzii	75.5534	93.3834	36.3776	5.70449	8.13697	10.6608
PWY-6121: 5-aminoimidazole ribonucleotide biosynthesis I|g__Faecalitalea.s__Faecalitalea_cylindroides	0	1.90748	0	0	0	0
PWY-6121: 5-aminoimidazole ribonucleotide biosynthesis I|g__Firmicutes_unclassified.s__Firmicutes_bacterium_CAG_110	0	1.48674	13.1067	3.83595	0	4.70889
PWY-6121: 5-aminoimidazole ribonucleotide biosynthesis I|g__Firmicutes_unclassified.s__Firmicutes_bacterium_CAG_94	0	1.9581	0.368004	0	0	0
PWY-6121: 5-aminoimidazole ribonucleotide biosynthesis I|g__Flavonifractor.s__Flavonifractor_plautii	0	0.725	0	0	0	0
PWY-6121: 5-aminoimidazole ribonucleotide biosynthesis I|g__Fusicatenibacter.s__Fusicatenibacter_saccharivorans	5.47992	13.5072	4.53047	26.7656	10.4623	1.1123
PWY-6121: 5-aminoimidazole ribonucleotide biosynthesis I|g__Gemmiger.s__Gemmiger_formicilis	13.9281	10.7784	5.92546	9.42228	3.66741	2.01178
PWY-6121: 5-aminoimidazole ribonucleotide biosynthesis I|g__Intestinibacter.s__Intestinibacter_bartlettii	0	0	0	0.744232	0	0
PWY-6121: 5-aminoimidazole ribonucleotide biosynthesis I|g__Lachnospira.s__Lachnospira_pectinoschiza	0	0	3.11834	0	0	0.7658
PWY-6121: 5-aminoimidazole ribonucleotide biosynthesis I|g__Lachnospiraceae_unclassified.s__Eubacterium_rectale	70.8149	0	0	5.88247	1.18956	0
PWY-6121: 5-aminoimidazole ribonucleotide biosynthesis I|g__Lawsonibacter.s__Lawsonibacter_asaccharolyticus	0	1.62662	0	0	0	0
PWY-6121: 5-aminoimidazole ribonucleotide biosynthesis I|g__Megamonas.s__Megamonas_funiformis	0	9.0029	0	0	0	0
PWY-6121: 5-aminoimidazole ribonucleotide biosynthesis I|g__Megamonas.s__Megamonas_hypermegale	0	6.59195	0	0	0	0
PWY-6121: 5-aminoimidazole ribonucleotide biosynthesis I|g__Methanobrevibacter.s__Methanobrevibacter_smithii	0	0.720373	2.19566	0	4.2252	2.79426
PWY-6121: 5-aminoimidazole ribonucleotide biosynthesis I|g__Methanobrevibacter.s__Methanobrevibacter_smithii_CAG_186	0	0.426727	2.26763	0	4.71622	2.6889
PWY-6121: 5-aminoimidazole ribonucleotide biosynthesis I|g__Monoglobus.s__Monoglobus_pectinilyticus	0	0	0	0	0	1.56072
PWY-6121: 5-aminoimidazole ribonucleotide biosynthesis I|g__Odoribacter.s__Odoribacter_laneus	0	0	0.972161	0	0	0
PWY-6121: 5-aminoimidazole ribonucleotide biosynthesis I|g__Odoribacter.s__Odoribacter_laneus_CAG_561	0	0	0.867579	0	0	0
PWY-6121: 5-aminoimidazole ribonucleotide biosynthesis I|g__Oxalobacter.s__Oxalobacter_formigenes	0	0	0	1.11538	0	0
PWY-6121: 5-aminoimidazole ribonucleotide biosynthesis I|g__Parabacteroides.s__Parabacteroides_distasonis	4.28559	1.28535	5.67609	0.460864	14.8383	3.70406
PWY-6121: 5-aminoimidazole ribonucleotide biosynthesis I|g__Parabacteroides.s__Parabacteroides_goldsteinii	0	0	0.566203	0	0	0
PWY-6121: 5-aminoimidazole ribonucleotide biosynthesis I|g__Parabacteroides.s__Parabacteroides_merdae	1.73666	0.717107	1.98031	0.864573	0	0
PWY-6121: 5-aminoimidazole ribonucleotide biosynthesis I|g__Parabacteroides.s__Parabacteroides_sp_CAG_409	0	3.92545	0	0	0	0
PWY-6121: 5-aminoimidazole ribonucleotide biosynthesis I|g__Parasutterella.s__Parasutterella_excrementihominis	0	0	0	0	2.86957	1.0043
PWY-6121: 5-aminoimidazole ribonucleotide biosynthesis I|g__Phascolarctobacterium.s__Phascolarctobacterium_faecium	7.73679	0	0	0	0	0
PWY-6121: 5-aminoimidazole ribonucleotide biosynthesis I|g__Roseburia.s__Roseburia_faecis	0	0.894275	14.2942	0	0	16.1572
PWY-6121: 5-aminoimidazole ribonucleotide biosynthesis I|g__Roseburia.s__Roseburia_hominis	0	6.2455	0	3.62855	1.85702	0.821124
PWY-6121: 5-aminoimidazole ribonucleotide biosynthesis I|g__Roseburia.s__Roseburia_intestinalis	0	0.271875	0.378406	0.311102	0	0.831448
PWY-6121: 5-aminoimidazole ribonucleotide biosynthesis I|g__Roseburia.s__Roseburia_intestinalis_CAG_13	0	0.336374	0.320774	0.280956	0	0.631329
PWY-6121: 5-aminoimidazole ribonucleotide biosynthesis I|g__Roseburia.s__Roseburia_inulinivorans	0.539297	2.40741	0.25049	0.865779	0	2.67143
PWY-6121: 5-aminoimidazole ribonucleotide biosynthesis I|g__Roseburia.s__Roseburia_inulinivorans_CAG_15	0.166637	0.779701	0.0826533	1.51234	0	0.875389
PWY-6121: 5-aminoimidazole ribonucleotide biosynthesis I|g__Roseburia.s__Roseburia_sp_CAG_471	6.02528	0	0	0	0.278898	1.59195
PWY-6121: 5-aminoimidazole ribonucleotide biosynthesis I|g__Ruminococcaceae_unclassified.s__Eubacterium_siraeum	0	0	4.63421	2.37715	0.969091	19.7372
PWY-6121: 5-aminoimidazole ribonucleotide biosynthesis I|g__Ruminococcus.s__Ruminococcus_bicirculans	6.13496	2.59519	0	2.90916	0	1.02998
PWY-6121: 5-aminoimidazole ribonucleotide biosynthesis I|g__Ruminococcus.s__Ruminococcus_bromii	0	73.526	30.5483	17.626	17.3901	35.2607
PWY-6121: 5-aminoimidazole ribonucleotide biosynthesis I|g__Ruminococcus.s__Ruminococcus_callidus	0	0	0	3.61529	0	0
PWY-6121: 5-aminoimidazole ribonucleotide biosynthesis I|g__Ruminococcus.s__Ruminococcus_lactaris	0	0	2.19706	9.82767	0.584275	0.318973
PWY-6121: 5-aminoimidazole ribonucleotide biosynthesis I|g__Streptococcus.s__Streptococcus_salivarius	0	0	0	0.51995	0	0
PWY-6121: 5-aminoimidazole ribonucleotide biosynthesis I|g__Streptococcus.s__Streptococcus_thermophilus	0	0	0	0.374045	0	0
PWY-6121: 5-aminoimidazole ribonucleotide biosynthesis I|unclassified	110.482	256.657	213.011	180.383	146.387	157.646
PWY-6122: 5-aminoimidazole ribonucleotide biosynthesis II	530.451	714.853	548.54	503.186	486.683	497.305
PWY-6122: 5-aminoimidazole ribonucleotide biosynthesis II|g__Agathobaculum.s__Agathobaculum_butyriciproducens	9.83248	13.5135	4.76494	4.32094	2.95447	5.4236
PWY-6122: 5-aminoimidazole ribonucleotide biosynthesis II|g__Akkermansia.s__Akkermansia_muciniphila	0	1.40999	0.626085	11.8115	9.78733	13.3574
PWY-6122: 5-aminoimidazole ribonucleotide biosynthesis II|g__Alistipes.s__Alistipes_finegoldii	4.03655	0	10.3007	16.3659	45.3757	5.63325
PWY-6122: 5-aminoimidazole ribonucleotide biosynthesis II|g__Alistipes.s__Alistipes_indistinctus	0	0	0	2.19483	1.58387	0.601152
PWY-6122: 5-aminoimidazole ribonucleotide biosynthesis II|g__Alistipes.s__Alistipes_putredinis	0.376296	8.55794	6.78376	7.25397	44.5802	14.52
PWY-6122: 5-aminoimidazole ribonucleotide biosynthesis II|g__Alistipes.s__Alistipes_putredinis_CAG_67	1.00982	1.23664	1.00196	1.33822	7.80338	5.66846
PWY-6122: 5-aminoimidazole ribonucleotide biosynthesis II|g__Alistipes.s__Alistipes_sp_An31A	0	1.0894	0	0	0	0
PWY-6122: 5-aminoimidazole ribonucleotide biosynthesis II|g__Anaerostipes.s__Anaerostipes_hadrus	14.2608	0	5.83296	12.0888	4.66067	8.90478
PWY-6122: 5-aminoimidazole ribonucleotide biosynthesis II|g__Bacteroides.s__Bacteroides_caccae	0.502637	0	0	1.12551	1.52948	0
PWY-6122: 5-aminoimidazole ribonucleotide biosynthesis II|g__Bacteroides.s__Bacteroides_cellulosilyticus	3.97686	0	0	5.15946	0	4.42539
PWY-6122: 5-aminoimidazole ribonucleotide biosynthesis II|g__Bacteroides.s__Bacteroides_clarus	0	0.747044	0	1.57311	2.69083	0
PWY-6122: 5-aminoimidazole ribonucleotide biosynthesis II|g__Bacteroides.s__Bacteroides_coprocola	49.0585	0	0	0	0	0
PWY-6122: 5-aminoimidazole ribonucleotide biosynthesis II|g__Bacteroides.s__Bacteroides_dorei	0	1.11063	4.22741	4.90769	30.0001	19.7051
PWY-6122: 5-aminoimidazole ribonucleotide biosynthesis II|g__Bacteroides.s__Bacteroides_eggerthii	0	0	10.2639	4.10341	35.8048	0
PWY-6122: 5-aminoimidazole ribonucleotide biosynthesis II|g__Bacteroides.s__Bacteroides_faecis	0	0	0	0	1.74477	0
PWY-6122: 5-aminoimidazole ribonucleotide biosynthesis II|g__Bacteroides.s__Bacteroides_finegoldii	0	0	0	0.64439	0	0
PWY-6122: 5-aminoimidazole ribonucleotide biosynthesis II|g__Bacteroides.s__Bacteroides_fragilis	0	0	0	0	0	1.74601
PWY-6122: 5-aminoimidazole ribonucleotide biosynthesis II|g__Bacteroides.s__Bacteroides_fragilis_CAG_47	0	0	0	0	0	0.824565
PWY-6122: 5-aminoimidazole ribonucleotide biosynthesis II|g__Bacteroides.s__Bacteroides_massiliensis	8.58088	1.27446	5.78348	0	6.56029	0
PWY-6122: 5-aminoimidazole ribonucleotide biosynthesis II|g__Bacteroides.s__Bacteroides_ovatus	10.4745	0	0	3.54993	5.38253	2.41731
PWY-6122: 5-aminoimidazole ribonucleotide biosynthesis II|g__Bacteroides.s__Bacteroides_plebeius	0	0.928294	0	0.442054	0	0
PWY-6122: 5-aminoimidazole ribonucleotide biosynthesis II|g__Bacteroides.s__Bacteroides_salyersiae	2.69133	0	1.67078	0.590852	0	0
PWY-6122: 5-aminoimidazole ribonucleotide biosynthesis II|g__Bacteroides.s__Bacteroides_sp_CAG_633	0	1.85985	0	0	0	0
PWY-6122: 5-aminoimidazole ribonucleotide biosynthesis II|g__Bacteroides.s__Bacteroides_stercoris	0	0	0.82063	0.426619	0	4.78221
PWY-6122: 5-aminoimidazole ribonucleotide biosynthesis II|g__Bacteroides.s__Bacteroides_thetaiotaomicron	4.00292	0	3.31935	0	0	1.32619
PWY-6122: 5-aminoimidazole ribonucleotide biosynthesis II|g__Bacteroides.s__Bacteroides_uniformis	5.76775	2.69888	9.76996	4.41113	12.1072	10.8546
PWY-6122: 5-aminoimidazole ribonucleotide biosynthesis II|g__Bacteroides.s__Bacteroides_uniformis_CAG_3	3.6857	2.52525	9.27517	3.84295	10.3022	9.67084
PWY-6122: 5-aminoimidazole ribonucleotide biosynthesis II|g__Bacteroides.s__Bacteroides_vulgatus	27.9271	4.09119	6.26563	1.61098	0	0
PWY-6122: 5-aminoimidazole ribonucleotide biosynthesis II|g__Bacteroides.s__Bacteroides_vulgatus_CAG_6	15.2633	3.54363	4.74779	1.30856	0	0
PWY-6122: 5-aminoimidazole ribonucleotide biosynthesis II|g__Bacteroides.s__Bacteroides_xylanisolvens	0	0	1.79729	0	0	0
PWY-6122: 5-aminoimidazole ribonucleotide biosynthesis II|g__Barnesiella.s__Barnesiella_intestinihominis	0.611708	0.799024	0.529094	1.34111	21.6153	3.50262
PWY-6122: 5-aminoimidazole ribonucleotide biosynthesis II|g__Barnesiella.s__Barnesiella_viscericola	0	0	4.86333	0	0	0
PWY-6122: 5-aminoimidazole ribonucleotide biosynthesis II|g__Bifidobacterium.s__Bifidobacterium_adolescentis	0	1.61601	0	0	0	14.2254
PWY-6122: 5-aminoimidazole ribonucleotide biosynthesis II|g__Bifidobacterium.s__Bifidobacterium_longum	2.74648	0.351614	11.8529	1.9105	1.68663	17.7466
PWY-6122: 5-aminoimidazole ribonucleotide biosynthesis II|g__Bifidobacterium.s__Bifidobacterium_longum_CAG_69	3.29395	0.190775	6.55154	1.68308	2.18859	8.3301
PWY-6122: 5-aminoimidazole ribonucleotide biosynthesis II|g__Bifidobacterium.s__Bifidobacterium_pseudocatenulatum	0	0	10.0348	1.28179	0	12.2134
PWY-6122: 5-aminoimidazole ribonucleotide biosynthesis II|g__Bilophila.s__Bilophila_wadsworthia	0	0	0	0	2.23982	0
PWY-6122: 5-aminoimidazole ribonucleotide biosynthesis II|g__Blautia.s__Blautia_obeum	24.725	53.9061	15.4539	0	14.2442	11.6204
PWY-6122: 5-aminoimidazole ribonucleotide biosynthesis II|g__Blautia.s__Blautia_wexlerae	5.69958	0	0	10.6619	0	2.34928
PWY-6122: 5-aminoimidazole ribonucleotide biosynthesis II|g__Blautia.s__Ruminococcus_torques	0	19.4441	28.6436	28.1091	10.6344	6.77891
PWY-6122: 5-aminoimidazole ribonucleotide biosynthesis II|g__Butyricimonas.s__Butyricimonas_virosa	0	0.65914	0	0.645596	0	0
PWY-6122: 5-aminoimidazole ribonucleotide biosynthesis II|g__Butyrivibrio.s__Butyrivibrio_crossotus	0	0	11.127	0	0	0
PWY-6122: 5-aminoimidazole ribonucleotide biosynthesis II|g__Butyrivibrio.s__Butyrivibrio_crossotus_CAG_259	0	0	10.1307	0	0	0
PWY-6122: 5-aminoimidazole ribonucleotide biosynthesis II|g__Butyrivibrio.s__Butyrivibrio_sp_CAG_318	0	2.56063	0	0	0	0
PWY-6122: 5-aminoimidazole ribonucleotide biosynthesis II|g__Clostridium.s__Clostridium_sp_CAG_167	0	0	1.45009	0	0	0
PWY-6122: 5-aminoimidazole ribonucleotide biosynthesis II|g__Clostridium.s__Clostridium_sp_CAG_253	0	0	0	0.332324	0	0
PWY-6122: 5-aminoimidazole ribonucleotide biosynthesis II|g__Clostridium.s__Clostridium_sp_CAG_411	0	0	0.278041	0	0	0
PWY-6122: 5-aminoimidazole ribonucleotide biosynthesis II|g__Clostridium.s__Clostridium_sp_CAG_58	0	0.789499	0	0	0	0
PWY-6122: 5-aminoimidazole ribonucleotide biosynthesis II|g__Clostridium.s__Clostridium_sp_CAG_632	0	0	7.11016	0	0	0
PWY-6122: 5-aminoimidazole ribonucleotide biosynthesis II|g__Coprococcus.s__Coprococcus_catus	0.745927	3.4892	2.57069	1.88759	2.36531	2.78446
PWY-6122: 5-aminoimidazole ribonucleotide biosynthesis II|g__Coprococcus.s__Coprococcus_comes	1.29219	1.55124	2.76889	3.70886	1.05889	1.32089
PWY-6122: 5-aminoimidazole ribonucleotide biosynthesis II|g__Coprococcus.s__Coprococcus_comes_CAG_19	1.06284	1.28453	2.64013	3.53812	0.846192	1.2481
PWY-6122: 5-aminoimidazole ribonucleotide biosynthesis II|g__Coprococcus.s__Coprococcus_eutactus	0	0	0	7.7322	3.1784	4.65092
PWY-6122: 5-aminoimidazole ribonucleotide biosynthesis II|g__Coprococcus.s__Coprococcus_eutactus_CAG_665	0	0	0	0	0.0941172	0.203031
PWY-6122: 5-aminoimidazole ribonucleotide biosynthesis II|g__Desulfovibrio.s__Desulfovibrio_piger	0	7.08589	0	4.07037	0	0
PWY-6122: 5-aminoimidazole ribonucleotide biosynthesis II|g__Dialister.s__Dialister_invisus	0	0	0	0	21.244	0
PWY-6122: 5-aminoimidazole ribonucleotide biosynthesis II|g__Dialister.s__Dialister_invisus_CAG_218	0	0	0	0	9.33948	0
PWY-6122: 5-aminoimidazole ribonucleotide biosynthesis II|g__Dialister.s__Dialister_sp_CAG_357	0	0	0	0	0	11.0047
PWY-6122: 5-aminoimidazole ribonucleotide biosynthesis II|g__Dialister.s__Dialister_succinatiphilus	0	0	0	6.13497	0	0
PWY-6122: 5-aminoimidazole ribonucleotide biosynthesis II|g__Dorea.s__Dorea_formicigenerans	0.427499	2.63683	0.20326	0	0.393738	0.297796
PWY-6122: 5-aminoimidazole ribonucleotide biosynthesis II|g__Dorea.s__Dorea_formicigenerans_CAG_28	0.164819	0.922578	0.0826533	0	0.0883608	0.202766
PWY-6122: 5-aminoimidazole ribonucleotide biosynthesis II|g__Dorea.s__Dorea_longicatena	0	9.30253	0.765246	0.682977	1.11386	2.02687
PWY-6122: 5-aminoimidazole ribonucleotide biosynthesis II|g__Dorea.s__Dorea_longicatena_CAG_42	0	12.8772	0.422825	0.487392	0.803882	2.12269
PWY-6122: 5-aminoimidazole ribonucleotide biosynthesis II|g__Dorea.s__Dorea_sp_CAG_317	0	1.66826	0	0	0	0
PWY-6122: 5-aminoimidazole ribonucleotide biosynthesis II|g__Eggerthella.s__Eggerthella_lenta	0.486276	0	0	0	0.839284	0
PWY-6122: 5-aminoimidazole ribonucleotide biosynthesis II|g__Escherichia.s__Escherichia_coli	0	0	0	27.2807	0	0
PWY-6122: 5-aminoimidazole ribonucleotide biosynthesis II|g__Eubacterium.s__Eubacterium_eligens	5.01819	0	0.289568	1.98454	0.206943	0.198796
PWY-6122: 5-aminoimidazole ribonucleotide biosynthesis II|g__Eubacterium.s__Eubacterium_eligens_CAG_72	5.14998	0	0.217879	2.19122	0.28782	0.203296
PWY-6122: 5-aminoimidazole ribonucleotide biosynthesis II|g__Eubacterium.s__Eubacterium_hallii	2.07963	2.77644	2.18385	0.287226	1.17459	1.79313
PWY-6122: 5-aminoimidazole ribonucleotide biosynthesis II|g__Eubacterium.s__Eubacterium_hallii_CAG_12	2.33685	0.492042	3.68426	0.930411	1.4463	4.37377
PWY-6122: 5-aminoimidazole ribonucleotide biosynthesis II|g__Eubacterium.s__Eubacterium_ramulus	1.10586	0	1.39892	3.88274	0.657957	1.31004
PWY-6122: 5-aminoimidazole ribonucleotide biosynthesis II|g__Eubacterium.s__Eubacterium_sp_CAG_180	0	0	0	20.8216	0	0
PWY-6122: 5-aminoimidazole ribonucleotide biosynthesis II|g__Eubacterium.s__Eubacterium_sp_CAG_38	0.98043	0.462378	2.06155	0	0	0.250414
PWY-6122: 5-aminoimidazole ribonucleotide biosynthesis II|g__Eubacterium.s__Eubacterium_ventriosum	0	0	0.904126	0.687559	0	0
PWY-6122: 5-aminoimidazole ribonucleotide biosynthesis II|g__Faecalibacterium.s__Faecalibacterium_prausnitzii	87.3831	98.4775	38.3264	5.86197	8.41845	11.4809
PWY-6122: 5-aminoimidazole ribonucleotide biosynthesis II|g__Faecalitalea.s__Faecalitalea_cylindroides	0	2.0011	0	0	0	0
PWY-6122: 5-aminoimidazole ribonucleotide biosynthesis II|g__Firmicutes_unclassified.s__Firmicutes_bacterium_CAG_110	0	1.42442	13.6541	3.91892	0	4.7883
PWY-6122: 5-aminoimidazole ribonucleotide biosynthesis II|g__Firmicutes_unclassified.s__Firmicutes_bacterium_CAG_94	0	2.24467	0.328645	0	0	0
PWY-6122: 5-aminoimidazole ribonucleotide biosynthesis II|g__Firmicutes_unclassified.s__Firmicutes_bacterium_CAG_95	0	2.46565	0	4.35398	0	0
PWY-6122: 5-aminoimidazole ribonucleotide biosynthesis II|g__Flavonifractor.s__Flavonifractor_plautii	0	0.793853	0	0	0	0
PWY-6122: 5-aminoimidazole ribonucleotide biosynthesis II|g__Fusicatenibacter.s__Fusicatenibacter_saccharivorans	5.25693	13.4147	4.26845	26.1065	9.88432	1.12845
PWY-6122: 5-aminoimidazole ribonucleotide biosynthesis II|g__Gemmiger.s__Gemmiger_formicilis	13.6309	11.7712	5.98787	9.76907	3.96271	3.57753
PWY-6122: 5-aminoimidazole ribonucleotide biosynthesis II|g__Intestinibacter.s__Intestinibacter_bartlettii	0	0	0	0.690935	0	0
PWY-6122: 5-aminoimidazole ribonucleotide biosynthesis II|g__Lachnospira.s__Lachnospira_pectinoschiza	0	0	3.08544	0	0	0.779036
PWY-6122: 5-aminoimidazole ribonucleotide biosynthesis II|g__Lachnospiraceae_unclassified.s__Eubacterium_rectale	70.561	0	0	5.11027	1.16049	0
PWY-6122: 5-aminoimidazole ribonucleotide biosynthesis II|g__Lawsonibacter.s__Lawsonibacter_asaccharolyticus	0	1.66119	0	0	0	0
PWY-6122: 5-aminoimidazole ribonucleotide biosynthesis II|g__Megamonas.s__Megamonas_funiformis	0	8.47411	0	0	0	0
PWY-6122: 5-aminoimidazole ribonucleotide biosynthesis II|g__Megamonas.s__Megamonas_hypermegale	0	6.66978	0	0	0	0
PWY-6122: 5-aminoimidazole ribonucleotide biosynthesis II|g__Methanobrevibacter.s__Methanobrevibacter_smithii	0	0.896452	2.56647	0	4.45517	3.0002
PWY-6122: 5-aminoimidazole ribonucleotide biosynthesis II|g__Methanobrevibacter.s__Methanobrevibacter_smithii_CAG_186	0	0.571781	2.74049	0	4.98965	3.21753
PWY-6122: 5-aminoimidazole ribonucleotide biosynthesis II|g__Monoglobus.s__Monoglobus_pectinilyticus	0	0	0	0	0	1.56522
PWY-6122: 5-aminoimidazole ribonucleotide biosynthesis II|g__Odoribacter.s__Odoribacter_laneus	0	0	1.19341	0	0	0
PWY-6122: 5-aminoimidazole ribonucleotide biosynthesis II|g__Odoribacter.s__Odoribacter_laneus_CAG_561	0	0	0.813601	0	0	0
PWY-6122: 5-aminoimidazole ribonucleotide biosynthesis II|g__Oxalobacter.s__Oxalobacter_formigenes	0	0	0	1.11948	0	0
PWY-6122: 5-aminoimidazole ribonucleotide biosynthesis II|g__Parabacteroides.s__Parabacteroides_distasonis	4.32801	1.50388	5.83493	0.430237	15.7881	3.8298
PWY-6122: 5-aminoimidazole ribonucleotide biosynthesis II|g__Parabacteroides.s__Parabacteroides_goldsteinii	0	0	0.502386	0	0	0
PWY-6122: 5-aminoimidazole ribonucleotide biosynthesis II|g__Parabacteroides.s__Parabacteroides_merdae	1.61335	0.704589	3.50574	0.918111	0	0
PWY-6122: 5-aminoimidazole ribonucleotide biosynthesis II|g__Parabacteroides.s__Parabacteroides_sp_CAG_409	0	3.48648	0	0	0	0
PWY-6122: 5-aminoimidazole ribonucleotide biosynthesis II|g__Paraprevotella.s__Paraprevotella_clara	0	1.91945	0	0	0	0
PWY-6122: 5-aminoimidazole ribonucleotide biosynthesis II|g__Paraprevotella.s__Paraprevotella_xylaniphila	2.33291	0	0	0	3.41096	0
PWY-6122: 5-aminoimidazole ribonucleotide biosynthesis II|g__Parasutterella.s__Parasutterella_excrementihominis	0	0	0	0	2.93778	1.06016
PWY-6122: 5-aminoimidazole ribonucleotide biosynthesis II|g__Phascolarctobacterium.s__Phascolarctobacterium_faecium	7.39806	0	0	0	0	0
PWY-6122: 5-aminoimidazole ribonucleotide biosynthesis II|g__Prevotella.s__Prevotella_copri	0	5.43995	0	0	0	0
PWY-6122: 5-aminoimidazole ribonucleotide biosynthesis II|g__Prevotella.s__Prevotella_copri_CAG_164	0	7.02439	0	0	0	0
PWY-6122: 5-aminoimidazole ribonucleotide biosynthesis II|g__Prevotella.s__Prevotella_sp_CAG_279	0	4.07867	0	0	0	66.1693
PWY-6122: 5-aminoimidazole ribonucleotide biosynthesis II|g__Roseburia.s__Roseburia_faecis	0	0.877946	14.2228	0	0	15.7041
PWY-6122: 5-aminoimidazole ribonucleotide biosynthesis II|g__Roseburia.s__Roseburia_hominis	0	5.98506	0	3.45516	1.80319	0.806301
PWY-6122: 5-aminoimidazole ribonucleotide biosynthesis II|g__Roseburia.s__Roseburia_intestinalis	0	0.286027	0.388808	0.342935	0	0.902654
PWY-6122: 5-aminoimidazole ribonucleotide biosynthesis II|g__Roseburia.s__Roseburia_intestinalis_CAG_13	0	0.298817	0.304468	0.267451	0	0.751506
PWY-6122: 5-aminoimidazole ribonucleotide biosynthesis II|g__Roseburia.s__Roseburia_inulinivorans	0.499304	2.45041	0.329208	0.848174	0	2.60976
PWY-6122: 5-aminoimidazole ribonucleotide biosynthesis II|g__Roseburia.s__Roseburia_inulinivorans_CAG_15	0.162395	0.687443	0.0700023	1.50848	0	1.69678
PWY-6122: 5-aminoimidazole ribonucleotide biosynthesis II|g__Roseburia.s__Roseburia_sp_CAG_471	7.49562	0	0	0	0.238891	2.0851
PWY-6122: 5-aminoimidazole ribonucleotide biosynthesis II|g__Ruminococcaceae_unclassified.s__Eubacterium_siraeum	0	0	4.72586	2.52957	1.10955	19.8155
PWY-6122: 5-aminoimidazole ribonucleotide biosynthesis II|g__Ruminococcus.s__Ruminococcus_bicirculans	6.02225	2.46865	0	2.94268	0	0.96989
PWY-6122: 5-aminoimidazole ribonucleotide biosynthesis II|g__Ruminococcus.s__Ruminococcus_bromii	0	75.305	33.5491	17.6691	17.7559	36.1371
PWY-6122: 5-aminoimidazole ribonucleotide biosynthesis II|g__Ruminococcus.s__Ruminococcus_callidus	0	0	0	3.85452	0	0
PWY-6122: 5-aminoimidazole ribonucleotide biosynthesis II|g__Ruminococcus.s__Ruminococcus_lactaris	0	0	2.05874	9.86313	0.5955	0.331414
PWY-6122: 5-aminoimidazole ribonucleotide biosynthesis II|g__Ruthenibacterium.s__Ruthenibacterium_lactatiformans	0	0.612603	0	0.649214	0.348263	0
PWY-6122: 5-aminoimidazole ribonucleotide biosynthesis II|g__Streptococcus.s__Streptococcus_salivarius	0	0	0	0.444465	0	0
PWY-6122: 5-aminoimidazole ribonucleotide biosynthesis II|g__Streptococcus.s__Streptococcus_salivarius_CAG_79	0	0	0	0.294702	0	0
PWY-6122: 5-aminoimidazole ribonucleotide biosynthesis II|g__Streptococcus.s__Streptococcus_thermophilus	0	0	0	0.354993	0	0
PWY-6122: 5-aminoimidazole ribonucleotide biosynthesis II|unclassified	106.812	270.29	216.098	185.141	152.025	165.685
PWY-6123: inosine-5'-phosphate biosynthesis I	451.908	434.422	398.33	327.219	483.971	367.313
PWY-6123: inosine-5'-phosphate biosynthesis I|g__Akkermansia.s__Akkermansia_muciniphila	0	1.72051	1.10261	12.4518	11.2759	15.869
PWY-6123: inosine-5'-phosphate biosynthesis I|g__Alistipes.s__Alistipes_finegoldii	4.83489	0	3.39132	20.3022	52.7675	7.49362
PWY-6123: inosine-5'-phosphate biosynthesis I|g__Alistipes.s__Alistipes_indistinctus	0	0	0	1.61845	1.81269	0.813183
PWY-6123: inosine-5'-phosphate biosynthesis I|g__Alistipes.s__Alistipes_putredinis	0.67503	6.70108	5.04776	6.27509	38.2755	13.013
PWY-6123: inosine-5'-phosphate biosynthesis I|g__Alistipes.s__Alistipes_putredinis_CAG_67	0.441133	3.97144	2.44333	2.99116	18.2567	6.52029
PWY-6123: inosine-5'-phosphate biosynthesis I|g__Alistipes.s__Alistipes_sp_An31A	0	1.35257	0	0	0	0
PWY-6123: inosine-5'-phosphate biosynthesis I|g__Anaerostipes.s__Anaerostipes_hadrus	14.771	0	5.06406	13.0434	5.21156	8.86428
PWY-6123: inosine-5'-phosphate biosynthesis I|g__Bacteroides.s__Bacteroides_caccae	0.941952	0	0	1.06884	1.94854	0
PWY-6123: inosine-5'-phosphate biosynthesis I|g__Bacteroides.s__Bacteroides_cellulosilyticus	2.30504	0	0	3.30612	0	3.89941
PWY-6123: inosine-5'-phosphate biosynthesis I|g__Bacteroides.s__Bacteroides_clarus	0	0.770448	0	1.75688	2.09792	0
PWY-6123: inosine-5'-phosphate biosynthesis I|g__Bacteroides.s__Bacteroides_coprocola	30.8829	0	0	0	0	0
PWY-6123: inosine-5'-phosphate biosynthesis I|g__Bacteroides.s__Bacteroides_coprocola_CAG_162	43.0992	0	0	0	0	0
PWY-6123: inosine-5'-phosphate biosynthesis I|g__Bacteroides.s__Bacteroides_dorei	0	1.25215	4.25608	4.72054	35.4059	21.8313
PWY-6123: inosine-5'-phosphate biosynthesis I|g__Bacteroides.s__Bacteroides_eggerthii	0	0	9.95579	3.40524	32.4126	0
PWY-6123: inosine-5'-phosphate biosynthesis I|g__Bacteroides.s__Bacteroides_faecis	0	0	0	0	1.36628	0
PWY-6123: inosine-5'-phosphate biosynthesis I|g__Bacteroides.s__Bacteroides_finegoldii	0	0	0	0.648731	0	0
PWY-6123: inosine-5'-phosphate biosynthesis I|g__Bacteroides.s__Bacteroides_fragilis_CAG_47	0	0	0	0	0	1.97393
PWY-6123: inosine-5'-phosphate biosynthesis I|g__Bacteroides.s__Bacteroides_massiliensis	9.93276	1.04722	6.95244	0	8.55747	0
PWY-6123: inosine-5'-phosphate biosynthesis I|g__Bacteroides.s__Bacteroides_ovatus	11.2737	0	0	3.31745	3.76008	2.31222
PWY-6123: inosine-5'-phosphate biosynthesis I|g__Bacteroides.s__Bacteroides_salyersiae	2.30989	0	1.67106	0.631126	0	0
PWY-6123: inosine-5'-phosphate biosynthesis I|g__Bacteroides.s__Bacteroides_sp_CAG_598	0	8.82791	0	0	0	0
PWY-6123: inosine-5'-phosphate biosynthesis I|g__Bacteroides.s__Bacteroides_sp_CAG_633	0	1.27773	0	0	0	0
PWY-6123: inosine-5'-phosphate biosynthesis I|g__Bacteroides.s__Bacteroides_stercoris	0	0	0.744161	0.87422	0	6.82735
PWY-6123: inosine-5'-phosphate biosynthesis I|g__Bacteroides.s__Bacteroides_thetaiotaomicron	4.85731	0	4.27295	0	0	1.84528
PWY-6123: inosine-5'-phosphate biosynthesis I|g__Bacteroides.s__Bacteroides_uniformis	4.29105	1.52348	9.31143	1.13661	5.99846	4.69407
PWY-6123: inosine-5'-phosphate biosynthesis I|g__Bacteroides.s__Bacteroides_uniformis_CAG_3	3.2991	2.59655	0.412423	3.8169	10.8609	8.73404
PWY-6123: inosine-5'-phosphate biosynthesis I|g__Bacteroides.s__Bacteroides_vulgatus	34.6677	8.01337	10.9226	2.8684	0	0
PWY-6123: inosine-5'-phosphate biosynthesis I|g__Bacteroides.s__Bacteroides_vulgatus_CAG_6	13.8218	2.89156	5.62268	1.89989	0	0
PWY-6123: inosine-5'-phosphate biosynthesis I|g__Bacteroides.s__Bacteroides_xylanisolvens	0	0	1.83159	0	1.13142	3.38641
PWY-6123: inosine-5'-phosphate biosynthesis I|g__Barnesiella.s__Barnesiella_intestinihominis	0.725627	0.689348	0.557769	1.32182	21.6064	3.60294
PWY-6123: inosine-5'-phosphate biosynthesis I|g__Barnesiella.s__Barnesiella_viscericola	0	0	5.31483	0	0	0
PWY-6123: inosine-5'-phosphate biosynthesis I|g__Bifidobacterium.s__Bifidobacterium_adolescentis	0	1.38196	0	0	0	16.1559
PWY-6123: inosine-5'-phosphate biosynthesis I|g__Bifidobacterium.s__Bifidobacterium_pseudocatenulatum	0	0	9.55293	1.32206	0	9.39872
PWY-6123: inosine-5'-phosphate biosynthesis I|g__Blautia.s__Blautia_obeum	1.28492	9.8109	3.39582	0	1.10926	1.93872
PWY-6123: inosine-5'-phosphate biosynthesis I|g__Blautia.s__Blautia_wexlerae	11.5982	0	0	10.8755	0	7.18047
PWY-6123: inosine-5'-phosphate biosynthesis I|g__Blautia.s__Ruminococcus_torques	0	10.6102	6.97015	15.838	7.49484	5.08822
PWY-6123: inosine-5'-phosphate biosynthesis I|g__Butyricimonas.s__Butyricimonas_virosa	0	0.674925	0	0.693347	0	0
PWY-6123: inosine-5'-phosphate biosynthesis I|g__Coprococcus.s__Coprococcus_catus	0.761681	3.47967	1.68034	2.2585	2.08008	2.71564
PWY-6123: inosine-5'-phosphate biosynthesis I|g__Coprococcus.s__Coprococcus_comes	0.827427	1.34196	2.53302	2.53512	0.902029	1.11363
PWY-6123: inosine-5'-phosphate biosynthesis I|g__Coprococcus.s__Coprococcus_comes_CAG_19	0.672606	1.00014	1.48776	2.64243	0.362078	0.96089
PWY-6123: inosine-5'-phosphate biosynthesis I|g__Coprococcus.s__Coprococcus_eutactus	0	0	0	5.57644	2.12498	3.54047
PWY-6123: inosine-5'-phosphate biosynthesis I|g__Dialister.s__Dialister_invisus	0	0	0	0	13.0682	0
PWY-6123: inosine-5'-phosphate biosynthesis I|g__Dialister.s__Dialister_invisus_CAG_218	0	0	0	0	12.1319	0
PWY-6123: inosine-5'-phosphate biosynthesis I|g__Dialister.s__Dialister_sp_CAG_357	0	0	0	0	0	10.9605
PWY-6123: inosine-5'-phosphate biosynthesis I|g__Dialister.s__Dialister_succinatiphilus	0	0	0	7.27037	0	0
PWY-6123: inosine-5'-phosphate biosynthesis I|g__Eggerthella.s__Eggerthella_lenta	0.638673	0	0	0	1.11876	0
PWY-6123: inosine-5'-phosphate biosynthesis I|g__Escherichia.s__Escherichia_coli	0	0	0	17.1241	0	0
PWY-6123: inosine-5'-phosphate biosynthesis I|g__Eubacterium.s__Eubacterium_hallii	1.52609	1.11254	0	0	0.284654	0
PWY-6123: inosine-5'-phosphate biosynthesis I|g__Eubacterium.s__Eubacterium_hallii_CAG_12	1.51942	0	3.36798	0.66706	1.18582	3.16988
PWY-6123: inosine-5'-phosphate biosynthesis I|g__Eubacterium.s__Eubacterium_sp_CAG_274	0	0	2.40341	0	0	0
PWY-6123: inosine-5'-phosphate biosynthesis I|g__Faecalibacterium.s__Faecalibacterium_prausnitzii	58.262	87.7201	35.7001	5.96013	7.09563	9.23937
PWY-6123: inosine-5'-phosphate biosynthesis I|g__Faecalitalea.s__Faecalitalea_cylindroides	0	1.80243	0	0	0	0
PWY-6123: inosine-5'-phosphate biosynthesis I|g__Odoribacter.s__Odoribacter_laneus	0	0	1.39808	0	0	0
PWY-6123: inosine-5'-phosphate biosynthesis I|g__Odoribacter.s__Odoribacter_laneus_CAG_561	0	0	0.326396	0	0	0
PWY-6123: inosine-5'-phosphate biosynthesis I|g__Oxalobacter.s__Oxalobacter_formigenes	0	0	0	0.896648	0	0
PWY-6123: inosine-5'-phosphate biosynthesis I|g__Parabacteroides.s__Parabacteroides_distasonis	3.8175	1.14275	4.73767	0.390927	13.8059	3.04123
PWY-6123: inosine-5'-phosphate biosynthesis I|g__Parabacteroides.s__Parabacteroides_goldsteinii	0	0	0.931959	0	0	0
PWY-6123: inosine-5'-phosphate biosynthesis I|g__Parabacteroides.s__Parabacteroides_merdae	1.69909	0.619407	3.08966	0.935475	0	0
PWY-6123: inosine-5'-phosphate biosynthesis I|g__Parasutterella.s__Parasutterella_excrementihominis	0	0	0	0	3.43485	0.757594
PWY-6123: inosine-5'-phosphate biosynthesis I|g__Prevotella.s__Prevotella_sp_CAG_485	0	0	0	3.78	0	0
PWY-6123: inosine-5'-phosphate biosynthesis I|g__Ruminococcaceae_unclassified.s__Eubacterium_siraeum	0	0	4.09809	2.27225	0.895121	20.6636
PWY-6123: inosine-5'-phosphate biosynthesis I|g__Ruminococcus.s__Ruminococcus_lactaris	0	0	2.66374	9.8378	0.401221	0.387268
PWY-6123: inosine-5'-phosphate biosynthesis I|g__Streptococcus.s__Streptococcus_salivarius	0	0	0	0.38538	0	0
PWY-6123: inosine-5'-phosphate biosynthesis I|g__Streptococcus.s__Streptococcus_salivarius_CAG_79	0	0	0	0.428548	0	0
PWY-6123: inosine-5'-phosphate biosynthesis I|g__Streptococcus.s__Streptococcus_thermophilus	0	0	0	0.325813	0	0
PWY-6123: inosine-5'-phosphate biosynthesis I|g__Streptococcus.s__Streptococcus_thermophilus_CAG_236	0	0	0	0.233447	0	0
PWY-6123: inosine-5'-phosphate biosynthesis I|unclassified	84.3776	166.197	146.609	83.6159	71.2689	69.7026
PWY-6124: inosine-5'-phosphate biosynthesis II	431.555	399.812	376.505	301.941	464.31	343.17
PWY-6124: inosine-5'-phosphate biosynthesis II|g__Akkermansia.s__Akkermansia_muciniphila	0	1.57845	1.00477	11.8708	11.0511	15.5153
PWY-6124: inosine-5'-phosphate biosynthesis II|g__Alistipes.s__Alistipes_finegoldii	4.80399	0	3.20717	19.5591	52.1194	7.56377
PWY-6124: inosine-5'-phosphate biosynthesis II|g__Alistipes.s__Alistipes_indistinctus	0	0	0	1.6773	1.70188	0.81583
PWY-6124: inosine-5'-phosphate biosynthesis II|g__Alistipes.s__Alistipes_putredinis	0.51718	6.22046	4.54874	5.29379	33.8776	11.4941
PWY-6124: inosine-5'-phosphate biosynthesis II|g__Alistipes.s__Alistipes_putredinis_CAG_67	0.418713	3.68596	2.44783	2.94582	18.0026	6.4549
PWY-6124: inosine-5'-phosphate biosynthesis II|g__Alistipes.s__Alistipes_sp_An31A	0	1.2644	0	0	0	0
PWY-6124: inosine-5'-phosphate biosynthesis II|g__Anaerostipes.s__Anaerostipes_hadrus	16.3928	0	5.11523	12.8058	5.05499	8.91272
PWY-6124: inosine-5'-phosphate biosynthesis II|g__Bacteroides.s__Bacteroides_caccae	0.888628	0	0	1.00855	1.92868	0
PWY-6124: inosine-5'-phosphate biosynthesis II|g__Bacteroides.s__Bacteroides_cellulosilyticus	2.03236	0	0	2.97741	0	3.54365
PWY-6124: inosine-5'-phosphate biosynthesis II|g__Bacteroides.s__Bacteroides_clarus	0	0.75929	0	1.63437	1.97704	0
PWY-6124: inosine-5'-phosphate biosynthesis II|g__Bacteroides.s__Bacteroides_coprocola	28.4155	0	0	0	0	0
PWY-6124: inosine-5'-phosphate biosynthesis II|g__Bacteroides.s__Bacteroides_coprocola_CAG_162	41.5234	0	0	0	0	0
PWY-6124: inosine-5'-phosphate biosynthesis II|g__Bacteroides.s__Bacteroides_dorei	0	1.23337	4.16921	4.49771	34.6239	20.9916
PWY-6124: inosine-5'-phosphate biosynthesis II|g__Bacteroides.s__Bacteroides_eggerthii	0	0	9.56867	3.21303	31.1914	0
PWY-6124: inosine-5'-phosphate biosynthesis II|g__Bacteroides.s__Bacteroides_faecis	0	0	0	0	1.43018	0
PWY-6124: inosine-5'-phosphate biosynthesis II|g__Bacteroides.s__Bacteroides_finegoldii	0	0	0	0.846003	0	0
PWY-6124: inosine-5'-phosphate biosynthesis II|g__Bacteroides.s__Bacteroides_fragilis_CAG_47	0	0	0	0	0	2.09278
PWY-6124: inosine-5'-phosphate biosynthesis II|g__Bacteroides.s__Bacteroides_massiliensis	9.74916	1.35475	6.78179	0	8.40608	0
PWY-6124: inosine-5'-phosphate biosynthesis II|g__Bacteroides.s__Bacteroides_ovatus	10.8508	0	0	3.10209	3.24949	2.17034
PWY-6124: inosine-5'-phosphate biosynthesis II|g__Bacteroides.s__Bacteroides_salyersiae	2.3011	0	1.73741	0.654278	0	0
PWY-6124: inosine-5'-phosphate biosynthesis II|g__Bacteroides.s__Bacteroides_sp_CAG_144	0	0	2.89961	0	1.49005	0
PWY-6124: inosine-5'-phosphate biosynthesis II|g__Bacteroides.s__Bacteroides_sp_CAG_598	0	8.33532	0	0	0	0
PWY-6124: inosine-5'-phosphate biosynthesis II|g__Bacteroides.s__Bacteroides_sp_CAG_633	0	1.19037	0	0	0	0
PWY-6124: inosine-5'-phosphate biosynthesis II|g__Bacteroides.s__Bacteroides_stercoris	0	0	0.688778	1.27238	0	6.64655
PWY-6124: inosine-5'-phosphate biosynthesis II|g__Bacteroides.s__Bacteroides_thetaiotaomicron	5.04	0	4.08825	0	0	1.73807
PWY-6124: inosine-5'-phosphate biosynthesis II|g__Bacteroides.s__Bacteroides_uniformis	4.24409	1.37761	9.32605	0.987325	5.49103	4.19853
PWY-6124: inosine-5'-phosphate biosynthesis II|g__Bacteroides.s__Bacteroides_uniformis_CAG_3	3.06793	2.61996	0.346076	3.69753	10.5299	8.36345
PWY-6124: inosine-5'-phosphate biosynthesis II|g__Bacteroides.s__Bacteroides_vulgatus	32.9856	7.72136	10.9772	2.92797	0	0
PWY-6124: inosine-5'-phosphate biosynthesis II|g__Bacteroides.s__Bacteroides_vulgatus_CAG_6	14.4847	2.75467	5.73569	1.8314	0	0
PWY-6124: inosine-5'-phosphate biosynthesis II|g__Bacteroides.s__Bacteroides_xylanisolvens	0	0	1.86701	0	1.21144	3.71094
PWY-6124: inosine-5'-phosphate biosynthesis II|g__Barnesiella.s__Barnesiella_intestinihominis	0.935892	0.635191	0.539496	1.28058	21.3522	3.42903
PWY-6124: inosine-5'-phosphate biosynthesis II|g__Barnesiella.s__Barnesiella_viscericola	0	0	5.00109	0	0	0
PWY-6124: inosine-5'-phosphate biosynthesis II|g__Bifidobacterium.s__Bifidobacterium_adolescentis	0	0.863795	0	0	0	13.8781
PWY-6124: inosine-5'-phosphate biosynthesis II|g__Bifidobacterium.s__Bifidobacterium_pseudocatenulatum	0	0	8.95046	1.26056	0	8.19218
PWY-6124: inosine-5'-phosphate biosynthesis II|g__Blautia.s__Blautia_obeum	1.0895	8.3179	2.9148	0	0.931674	1.68354
PWY-6124: inosine-5'-phosphate biosynthesis II|g__Blautia.s__Blautia_wexlerae	11.0968	0	0	9.82454	0	6.73841
PWY-6124: inosine-5'-phosphate biosynthesis II|g__Blautia.s__Ruminococcus_torques	0	20.6119	6.03004	15.4634	7.37194	4.94316
PWY-6124: inosine-5'-phosphate biosynthesis II|g__Butyricimonas.s__Butyricimonas_virosa	0	0.628932	0	0.624856	0	0
PWY-6124: inosine-5'-phosphate biosynthesis II|g__Coprococcus.s__Coprococcus_catus	0.421136	3.22032	1.36125	2.09499	1.96668	2.62034
PWY-6124: inosine-5'-phosphate biosynthesis II|g__Coprococcus.s__Coprococcus_comes	0.789858	1.31556	2.58165	2.45457	0.908649	1.04427
PWY-6124: inosine-5'-phosphate biosynthesis II|g__Coprococcus.s__Coprococcus_comes_CAG_19	0.603528	1.00776	1.41495	2.59396	0.329554	0.951625
PWY-6124: inosine-5'-phosphate biosynthesis II|g__Coprococcus.s__Coprococcus_eutactus	0	0	0	5.33214	2.01301	3.40653
PWY-6124: inosine-5'-phosphate biosynthesis II|g__Dialister.s__Dialister_invisus	0	0	0	0	13.2757	0
PWY-6124: inosine-5'-phosphate biosynthesis II|g__Dialister.s__Dialister_invisus_CAG_218	0	0	0	0	11.2379	0
PWY-6124: inosine-5'-phosphate biosynthesis II|g__Dialister.s__Dialister_sp_CAG_357	0	0	0	0	0	11.0571
PWY-6124: inosine-5'-phosphate biosynthesis II|g__Dialister.s__Dialister_succinatiphilus	0	0	0	7.18259	0	0
PWY-6124: inosine-5'-phosphate biosynthesis II|g__Eggerthella.s__Eggerthella_lenta	0.619889	0	0	0	1.07155	0
PWY-6124: inosine-5'-phosphate biosynthesis II|g__Escherichia.s__Escherichia_coli	0	0	0	9.55371	0	0
PWY-6124: inosine-5'-phosphate biosynthesis II|g__Eubacterium.s__Eubacterium_hallii	1.35309	0.95442	0	0	0.257599	0
PWY-6124: inosine-5'-phosphate biosynthesis II|g__Eubacterium.s__Eubacterium_hallii_CAG_12	1.34673	0	3.00504	0.586511	1.02867	2.84958
PWY-6124: inosine-5'-phosphate biosynthesis II|g__Eubacterium.s__Eubacterium_sp_CAG_274	0	0	2.4096	0	0	0
PWY-6124: inosine-5'-phosphate biosynthesis II|g__Faecalibacterium.s__Faecalibacterium_prausnitzii	58.9497	86.3574	36.354	6.00016	7.05735	8.92463
PWY-6124: inosine-5'-phosphate biosynthesis II|g__Faecalitalea.s__Faecalitalea_cylindroides	0	1.88571	0	0	0	0
PWY-6124: inosine-5'-phosphate biosynthesis II|g__Methanobrevibacter.s__Methanobrevibacter_smithii	0	0.412575	0.633957	0	4.25312	1.9906
PWY-6124: inosine-5'-phosphate biosynthesis II|g__Methanobrevibacter.s__Methanobrevibacter_smithii_CAG_186	0	0.256635	1.29575	0	1.82478	2.8247
PWY-6124: inosine-5'-phosphate biosynthesis II|g__Odoribacter.s__Odoribacter_laneus	0	0	1.30306	0	0	0
PWY-6124: inosine-5'-phosphate biosynthesis II|g__Odoribacter.s__Odoribacter_laneus_CAG_561	0	0	0.664038	0	0	0
PWY-6124: inosine-5'-phosphate biosynthesis II|g__Oxalobacter.s__Oxalobacter_formigenes	0	0	0	1.04496	0	0
PWY-6124: inosine-5'-phosphate biosynthesis II|g__Parabacteroides.s__Parabacteroides_distasonis	3.55179	1.11744	4.57798	0.407567	13.3638	2.93694
PWY-6124: inosine-5'-phosphate biosynthesis II|g__Parabacteroides.s__Parabacteroides_goldsteinii	0	0	0.886134	0	0	0
PWY-6124: inosine-5'-phosphate biosynthesis II|g__Parabacteroides.s__Parabacteroides_merdae	1.63425	0.806916	3.03821	0.881454	0	0
PWY-6124: inosine-5'-phosphate biosynthesis II|g__Parasutterella.s__Parasutterella_excrementihominis	0	0	0	0	3.45615	0.579975
PWY-6124: inosine-5'-phosphate biosynthesis II|g__Prevotella.s__Prevotella_sp_CAG_485	0	0	0	3.72092	0	0
PWY-6124: inosine-5'-phosphate biosynthesis II|g__Ruminococcaceae_unclassified.s__Eubacterium_siraeum	0	0	4.11467	2.18543	0.95067	20.2851
PWY-6124: inosine-5'-phosphate biosynthesis II|g__Ruminococcus.s__Ruminococcus_lactaris	0	0	2.5825	9.40491	0.357473	0.34862
PWY-6124: inosine-5'-phosphate biosynthesis II|g__Streptococcus.s__Streptococcus_salivarius	0	0	0	0.315684	0	0
PWY-6124: inosine-5'-phosphate biosynthesis II|g__Streptococcus.s__Streptococcus_salivarius_CAG_79	0	0	0	0.570112	0	0
PWY-6124: inosine-5'-phosphate biosynthesis II|g__Streptococcus.s__Streptococcus_thermophilus	0	0	0	0.185696	0	0
PWY-6124: inosine-5'-phosphate biosynthesis II|g__Streptococcus.s__Streptococcus_thermophilus_CAG_236	0	0	0	0.20933	0	0
PWY-6124: inosine-5'-phosphate biosynthesis II|unclassified	80.2277	157.358	138.665	75.3715	65.0114	63.5167
PWY-6125: superpathway of guanosine nucleotides de novo biosynthesis II	242.848	271.779	191.383	186.516	283.094	282.255
PWY-6125: superpathway of guanosine nucleotides de novo biosynthesis II|g__Bacteroides.s__Bacteroides_caccae	0.938013	0	0	1.32905	1.66072	0
PWY-6125: superpathway of guanosine nucleotides de novo biosynthesis II|g__Bacteroides.s__Bacteroides_cellulosilyticus	3.26093	0	0	4.42536	0	5.5091
PWY-6125: superpathway of guanosine nucleotides de novo biosynthesis II|g__Bacteroides.s__Bacteroides_dorei	0	1.98477	5.89341	6.07878	42.4238	27.2305
PWY-6125: superpathway of guanosine nucleotides de novo biosynthesis II|g__Bacteroides.s__Bacteroides_faecis	0	0	0	0	2.00323	0
PWY-6125: superpathway of guanosine nucleotides de novo biosynthesis II|g__Bacteroides.s__Bacteroides_finegoldii	0	0	0	0.763043	0	0
PWY-6125: superpathway of guanosine nucleotides de novo biosynthesis II|g__Bacteroides.s__Bacteroides_fragilis	0	0	0	0	0	1.71372
PWY-6125: superpathway of guanosine nucleotides de novo biosynthesis II|g__Bacteroides.s__Bacteroides_fragilis_CAG_47	0	0	0	0	0	0.883331
PWY-6125: superpathway of guanosine nucleotides de novo biosynthesis II|g__Bacteroides.s__Bacteroides_massiliensis	8.78448	1.01511	6.22571	0	6.83055	0
PWY-6125: superpathway of guanosine nucleotides de novo biosynthesis II|g__Bacteroides.s__Bacteroides_ovatus	12.1133	0	0	3.58153	6.45926	3.11667
PWY-6125: superpathway of guanosine nucleotides de novo biosynthesis II|g__Bacteroides.s__Bacteroides_salyersiae	2.67528	0	1.95866	0.648972	0	0
PWY-6125: superpathway of guanosine nucleotides de novo biosynthesis II|g__Bacteroides.s__Bacteroides_thetaiotaomicron	5.03697	0	5.50235	0	0	2.50387
PWY-6125: superpathway of guanosine nucleotides de novo biosynthesis II|g__Bacteroides.s__Bacteroides_vulgatus	30.6324	7.02602	9.49754	3.05024	0	0
PWY-6125: superpathway of guanosine nucleotides de novo biosynthesis II|g__Bacteroides.s__Bacteroides_vulgatus_CAG_6	21.4265	4.93648	6.9724	1.70961	0	0
PWY-6125: superpathway of guanosine nucleotides de novo biosynthesis II|g__Bacteroides.s__Bacteroides_xylanisolvens	0	0	1.41467	0	1.76722	3.33823
PWY-6125: superpathway of guanosine nucleotides de novo biosynthesis II|g__Bilophila.s__Bilophila_wadsworthia	0	0	0	0	2.32904	0
PWY-6125: superpathway of guanosine nucleotides de novo biosynthesis II|g__Desulfovibrio.s__Desulfovibrio_piger	0	4.89593	0	3.10113	0	0
PWY-6125: superpathway of guanosine nucleotides de novo biosynthesis II|g__Dialister.s__Dialister_invisus	0	0	0	0	8.71462	0
PWY-6125: superpathway of guanosine nucleotides de novo biosynthesis II|g__Dialister.s__Dialister_invisus_CAG_218	0	0	0	0	10.2956	0
PWY-6125: superpathway of guanosine nucleotides de novo biosynthesis II|g__Dialister.s__Dialister_succinatiphilus	0	0	0	6.5845	0	0
PWY-6125: superpathway of guanosine nucleotides de novo biosynthesis II|g__Eggerthella.s__Eggerthella_lenta	0.570504	0	0	0	1.41579	0
PWY-6125: superpathway of guanosine nucleotides de novo biosynthesis II|g__Escherichia.s__Escherichia_coli	0	0	0	8.40215	0	0
PWY-6125: superpathway of guanosine nucleotides de novo biosynthesis II|g__Parabacteroides.s__Parabacteroides_distasonis	3.59996	1.37761	5.70111	0.590128	16.3137	3.77262
PWY-6125: superpathway of guanosine nucleotides de novo biosynthesis II|g__Parabacteroides.s__Parabacteroides_goldsteinii	0	0	0.589256	0	0	0
PWY-6125: superpathway of guanosine nucleotides de novo biosynthesis II|g__Parasutterella.s__Parasutterella_excrementihominis	0	0	0	0	1.71857	0.839389
PWY-6125: superpathway of guanosine nucleotides de novo biosynthesis II|g__Prevotella.s__Prevotella_sp_CAG_279	0	4.27135	0	0	0	66.2321
PWY-6125: superpathway of guanosine nucleotides de novo biosynthesis II|g__Prevotella.s__Prevotella_sp_CAG_485	0	0	0	3.67196	0	0
PWY-6125: superpathway of guanosine nucleotides de novo biosynthesis II|g__Streptococcus.s__Streptococcus_thermophilus	0	0	0	0.26938	0	0
PWY-6125: superpathway of guanosine nucleotides de novo biosynthesis II|g__Streptococcus.s__Streptococcus_thermophilus_CAG_236	0	0	0	0.137705	0	0
PWY-6125: superpathway of guanosine nucleotides de novo biosynthesis II|unclassified	23.2537	73.1488	51.7725	73.0192	36.7031	39.5529
PWY-6126: superpathway of adenosine nucleotides de novo biosynthesis II	403.992	375.939	381.529	409.081	394.526	370.986
PWY-6126: superpathway of adenosine nucleotides de novo biosynthesis II|g__Alistipes.s__Alistipes_putredinis	0.392657	2.60417	4.94852	3.40114	21.394	7.172
PWY-6126: superpathway of adenosine nucleotides de novo biosynthesis II|g__Alistipes.s__Alistipes_putredinis_CAG_67	0.17512	2.28086	1.21169	1.40357	11.3591	10.0748
PWY-6126: superpathway of adenosine nucleotides de novo biosynthesis II|g__Bacteroides.s__Bacteroides_caccae	0.730475	0	0	0.923899	1.42413	0
PWY-6126: superpathway of adenosine nucleotides de novo biosynthesis II|g__Bacteroides.s__Bacteroides_cellulosilyticus	0	0	0	0	0	2.03905
PWY-6126: superpathway of adenosine nucleotides de novo biosynthesis II|g__Bacteroides.s__Bacteroides_dorei	0	1.36863	4.87936	3.74094	31.7212	21.435
PWY-6126: superpathway of adenosine nucleotides de novo biosynthesis II|g__Bacteroides.s__Bacteroides_faecis	0	0	0	0	1.91573	0
PWY-6126: superpathway of adenosine nucleotides de novo biosynthesis II|g__Bacteroides.s__Bacteroides_finegoldii	0	0	0	0.6755	0	0
PWY-6126: superpathway of adenosine nucleotides de novo biosynthesis II|g__Bacteroides.s__Bacteroides_fragilis	0	0	0	0	0	0.682682
PWY-6126: superpathway of adenosine nucleotides de novo biosynthesis II|g__Bacteroides.s__Bacteroides_fragilis_CAG_47	0	0	0	0	0	0.886507
PWY-6126: superpathway of adenosine nucleotides de novo biosynthesis II|g__Bacteroides.s__Bacteroides_ovatus	10.5293	0	0	3.14213	2.99909	0.393091
PWY-6126: superpathway of adenosine nucleotides de novo biosynthesis II|g__Bacteroides.s__Bacteroides_salyersiae	2.31019	0	1.90018	0.488598	0	0
PWY-6126: superpathway of adenosine nucleotides de novo biosynthesis II|g__Bacteroides.s__Bacteroides_thetaiotaomicron	4.50222	0	5.09555	0	0	2.05466
PWY-6126: superpathway of adenosine nucleotides de novo biosynthesis II|g__Bacteroides.s__Bacteroides_vulgatus	39.9825	8.79008	12.6628	3.07966	0	0
PWY-6126: superpathway of adenosine nucleotides de novo biosynthesis II|g__Bacteroides.s__Bacteroides_xylanisolvens	0	0	1.46077	0	1.59711	1.9816
PWY-6126: superpathway of adenosine nucleotides de novo biosynthesis II|g__Blautia.s__Ruminococcus_torques	0	0.504016	0	0	0	0
PWY-6126: superpathway of adenosine nucleotides de novo biosynthesis II|g__Desulfovibrio.s__Desulfovibrio_piger	0	4.85401	0	3.05482	0	0
PWY-6126: superpathway of adenosine nucleotides de novo biosynthesis II|g__Eggerthella.s__Eggerthella_lenta	0.397807	0	0	0	1.25921	0
PWY-6126: superpathway of adenosine nucleotides de novo biosynthesis II|g__Escherichia.s__Escherichia_coli	0	0	0	19.6722	0	0
PWY-6126: superpathway of adenosine nucleotides de novo biosynthesis II|g__Faecalibacterium.s__Faecalibacterium_prausnitzii	54.0957	85.2032	22.7901	4.64024	5.02189	8.32401
PWY-6126: superpathway of adenosine nucleotides de novo biosynthesis II|g__Flavonifractor.s__Flavonifractor_plautii	0	0.45503	0	0	0	0
PWY-6126: superpathway of adenosine nucleotides de novo biosynthesis II|g__Parabacteroides.s__Parabacteroides_distasonis	3.38636	1.07117	5.0621	0	14.6083	3.46212
PWY-6126: superpathway of adenosine nucleotides de novo biosynthesis II|g__Parabacteroides.s__Parabacteroides_goldsteinii	0	0	0.706489	0	0	0
PWY-6126: superpathway of adenosine nucleotides de novo biosynthesis II|g__Streptococcus.s__Streptococcus_salivarius	0	0	0	0.52622	0	0
PWY-6126: superpathway of adenosine nucleotides de novo biosynthesis II|g__Streptococcus.s__Streptococcus_thermophilus	0	0	0	0.329671	0	0
PWY-6126: superpathway of adenosine nucleotides de novo biosynthesis II|g__Streptococcus.s__Streptococcus_thermophilus_CAG_236	0	0	0	0.256116	0	0
PWY-6126: superpathway of adenosine nucleotides de novo biosynthesis II|unclassified	30.0658	88.7989	102.664	99.3813	122.672	71.4929
PWY-6143: CMP-pseudaminate biosynthesis	3.17125	4.4594	10.655	5.07096	0	1.84369
PWY-6143: CMP-pseudaminate biosynthesis|g__Bacteroides.s__Bacteroides_uniformis	0	1.66989	7.22598	0.818993	0	0
PWY-6147: 6-hydroxymethyl-dihydropterin diphosphate biosynthesis I	236.552	92.7877	109.445	99.8272	269.233	150.072
PWY-6147: 6-hydroxymethyl-dihydropterin diphosphate biosynthesis I|g__Alistipes.s__Alistipes_putredinis	0.148761	6.73945	1.36603	1.12286	13.3082	3.31891
PWY-6147: 6-hydroxymethyl-dihydropterin diphosphate biosynthesis I|g__Alistipes.s__Alistipes_putredinis_CAG_67	0.466886	1.12995	7.47169	7.19175	40.7959	15.937
PWY-6147: 6-hydroxymethyl-dihydropterin diphosphate biosynthesis I|g__Bacteroides.s__Bacteroides_cellulosilyticus	0	0	0	0	0	1.56972
PWY-6147: 6-hydroxymethyl-dihydropterin diphosphate biosynthesis I|g__Bacteroides.s__Bacteroides_coprocola	45.1843	0	0	0	0	0
PWY-6147: 6-hydroxymethyl-dihydropterin diphosphate biosynthesis I|g__Bacteroides.s__Bacteroides_coprocola_CAG_162	40.3297	0	0	0	0	0
PWY-6147: 6-hydroxymethyl-dihydropterin diphosphate biosynthesis I|g__Bacteroides.s__Bacteroides_dorei	0	0.679823	4.45344	1.62135	29.5494	22.6259
PWY-6147: 6-hydroxymethyl-dihydropterin diphosphate biosynthesis I|g__Bacteroides.s__Bacteroides_faecis	0	0	0	0	2.10943	0
PWY-6147: 6-hydroxymethyl-dihydropterin diphosphate biosynthesis I|g__Bacteroides.s__Bacteroides_fragilis	0	0	0	0	0	4.05321
PWY-6147: 6-hydroxymethyl-dihydropterin diphosphate biosynthesis I|g__Bacteroides.s__Bacteroides_ovatus	0	0	0	3.16383	2.27723	0.292238
PWY-6147: 6-hydroxymethyl-dihydropterin diphosphate biosynthesis I|g__Bacteroides.s__Bacteroides_stercoris	0	0	0	0	0	4.17842
PWY-6147: 6-hydroxymethyl-dihydropterin diphosphate biosynthesis I|g__Bacteroides.s__Bacteroides_thetaiotaomicron	4.9685	0	3.94881	0	0	2.12719
PWY-6147: 6-hydroxymethyl-dihydropterin diphosphate biosynthesis I|g__Bacteroides.s__Bacteroides_uniformis	4.42557	2.82325	8.11914	4.26499	13.1047	10.1608
PWY-6147: 6-hydroxymethyl-dihydropterin diphosphate biosynthesis I|g__Bacteroides.s__Bacteroides_uniformis_CAG_3	4.07442	2.69888	10.317	4.1596	11.3677	11.4097
PWY-6147: 6-hydroxymethyl-dihydropterin diphosphate biosynthesis I|g__Bacteroides.s__Bacteroides_vulgatus	21.7706	4.05526	6.91336	1.5092	0	0
PWY-6147: 6-hydroxymethyl-dihydropterin diphosphate biosynthesis I|g__Bacteroides.s__Bacteroides_vulgatus_CAG_6	19.1029	5.59317	8.23947	1.63702	0	0
PWY-6147: 6-hydroxymethyl-dihydropterin diphosphate biosynthesis I|g__Bacteroides.s__Bacteroides_xylanisolvens	0	0	1.70789	0	9.44971	0.215737
PWY-6147: 6-hydroxymethyl-dihydropterin diphosphate biosynthesis I|g__Dialister.s__Dialister_invisus_CAG_218	0	0	0	0	16.9434	0
PWY-6147: 6-hydroxymethyl-dihydropterin diphosphate biosynthesis I|g__Escherichia.s__Escherichia_coli	0	0	0	5.57716	0	0
PWY-6147: 6-hydroxymethyl-dihydropterin diphosphate biosynthesis I|g__Parabacteroides.s__Parabacteroides_distasonis	3.81083	0.367671	3.65333	0	14.625	3.27232
PWY-6147: 6-hydroxymethyl-dihydropterin diphosphate biosynthesis I|g__Prevotella.s__Prevotella_copri_CAG_164	0	10.0534	0	0	0	0
PWY-6147: 6-hydroxymethyl-dihydropterin diphosphate biosynthesis I|g__Streptococcus.s__Streptococcus_thermophilus	0	0	0	0.189555	0	0
PWY-6147: 6-hydroxymethyl-dihydropterin diphosphate biosynthesis I|g__Streptococcus.s__Streptococcus_thermophilus_CAG_236	0	0	0	0.0875425	0	0
PWY-6147: 6-hydroxymethyl-dihydropterin diphosphate biosynthesis I|unclassified	0	1.89931	5.89425	2.87588	0.0967076	1.6531
PWY-6151: S-adenosyl-L-methionine cycle I	538.068	682.253	519.699	428.687	389.577	459.084
PWY-6151: S-adenosyl-L-methionine cycle I|g__Agathobaculum.s__Agathobaculum_butyriciproducens	4.89609	10.1511	3.86784	2.01396	3.68439	3.02508
PWY-6151: S-adenosyl-L-methionine cycle I|g__Anaerostipes.s__Anaerostipes_hadrus	22.8829	0	9.67578	18.2371	7.30603	14.6672
PWY-6151: S-adenosyl-L-methionine cycle I|g__Bacteroides.s__Bacteroides_cellulosilyticus	0	0	0	0	0	2.60552
PWY-6151: S-adenosyl-L-methionine cycle I|g__Bacteroides.s__Bacteroides_clarus	0	0	0	1.50221	2.21708	0
PWY-6151: S-adenosyl-L-methionine cycle I|g__Bacteroides.s__Bacteroides_dorei	0	0.781606	3.85716	4.3002	37.3363	25.6608
PWY-6151: S-adenosyl-L-methionine cycle I|g__Bacteroides.s__Bacteroides_eggerthii	0	0	0	3.33289	0	0
PWY-6151: S-adenosyl-L-methionine cycle I|g__Bacteroides.s__Bacteroides_fragilis	0	0	0	0	0	0.843889
PWY-6151: S-adenosyl-L-methionine cycle I|g__Bacteroides.s__Bacteroides_fragilis_CAG_47	0	0	0	0	0	0.527298
PWY-6151: S-adenosyl-L-methionine cycle I|g__Bacteroides.s__Bacteroides_sp_CAG_598	0	10.3525	0	0	0	0
PWY-6151: S-adenosyl-L-methionine cycle I|g__Bacteroides.s__Bacteroides_sp_CAG_633	0	1.73385	0	0	0	0
PWY-6151: S-adenosyl-L-methionine cycle I|g__Bacteroides.s__Bacteroides_stercoris	0	0	0.839747	1.03532	0	7.73477
PWY-6151: S-adenosyl-L-methionine cycle I|g__Bacteroides.s__Bacteroides_uniformis	4.20955	3.65711	10.226	3.58756	16.6927	8.95137
PWY-6151: S-adenosyl-L-methionine cycle I|g__Bacteroides.s__Bacteroides_uniformis_CAG_3	2.86009	2.5639	8.66426	3.89383	10.6882	12.1294
PWY-6151: S-adenosyl-L-methionine cycle I|g__Bacteroides.s__Bacteroides_vulgatus	0	5.96437	8.96817	0.401538	0	0
PWY-6151: S-adenosyl-L-methionine cycle I|g__Bacteroides.s__Bacteroides_vulgatus_CAG_6	15.8296	1.84026	5.56392	2.34556	0	0
PWY-6151: S-adenosyl-L-methionine cycle I|g__Barnesiella.s__Barnesiella_intestinihominis	0.830457	0.972109	0.464714	1.33412	23.2493	3.33294
PWY-6151: S-adenosyl-L-methionine cycle I|g__Barnesiella.s__Barnesiella_viscericola	0	0	5.77871	0	0	0
PWY-6151: S-adenosyl-L-methionine cycle I|g__Bifidobacterium.s__Bifidobacterium_adolescentis	0	1.8868	0	0	0	17.4321
PWY-6151: S-adenosyl-L-methionine cycle I|g__Bifidobacterium.s__Bifidobacterium_longum	5.01516	0	11.913	2.1097	2.95707	16.8971
PWY-6151: S-adenosyl-L-methionine cycle I|g__Bifidobacterium.s__Bifidobacterium_longum_CAG_69	1.64304	0	7.54113	1.13926	1.1343	8.33565
PWY-6151: S-adenosyl-L-methionine cycle I|g__Bifidobacterium.s__Bifidobacterium_pseudocatenulatum	0	0	12.0404	1.84659	0	11.8756
PWY-6151: S-adenosyl-L-methionine cycle I|g__Blautia.s__Blautia_obeum	7.34595	40.5366	6.70195	0	12.2842	5.65787
PWY-6151: S-adenosyl-L-methionine cycle I|g__Blautia.s__Blautia_wexlerae	6.50883	0	0	10.5367	0	5.08981
PWY-6151: S-adenosyl-L-methionine cycle I|g__Blautia.s__Ruminococcus_torques	0	20.8601	34.5449	30.767	10.0979	6.84932
PWY-6151: S-adenosyl-L-methionine cycle I|g__Butyricimonas.s__Butyricimonas_virosa	0	0.486871	0	0.566253	0	0
PWY-6151: S-adenosyl-L-methionine cycle I|g__Butyrivibrio.s__Butyrivibrio_crossotus	0	0	16.5734	0	0	0
PWY-6151: S-adenosyl-L-methionine cycle I|g__Butyrivibrio.s__Butyrivibrio_crossotus_CAG_259	0	0	4.32468	0	0	0
PWY-6151: S-adenosyl-L-methionine cycle I|g__Butyrivibrio.s__Butyrivibrio_sp_CAG_318	0	3.77305	0	0	0	0
PWY-6151: S-adenosyl-L-methionine cycle I|g__Clostridium.s__Clostridium_sp_CAG_253	0	0	0	0.664166	0	0
PWY-6151: S-adenosyl-L-methionine cycle I|g__Clostridium.s__Clostridium_sp_CAG_411	0	0	0.628896	0	0	0
PWY-6151: S-adenosyl-L-methionine cycle I|g__Clostridium.s__Clostridium_sp_CAG_58	0	0.631381	0	0	0	0
PWY-6151: S-adenosyl-L-methionine cycle I|g__Clostridium.s__Clostridium_sp_CAG_632	0	0	9.07275	0	0	0
PWY-6151: S-adenosyl-L-methionine cycle I|g__Coprococcus.s__Coprococcus_catus	0.275708	1.81604	1.40567	1.53621	1.56689	2.08987
PWY-6151: S-adenosyl-L-methionine cycle I|g__Coprococcus.s__Coprococcus_comes	1.22008	1.32019	1.56479	3.53619	0.957578	1.33704
PWY-6151: S-adenosyl-L-methionine cycle I|g__Coprococcus.s__Coprococcus_comes_CAG_19	1.47761	1.18819	1.59178	3.47638	0.758406	1.33995
PWY-6151: S-adenosyl-L-methionine cycle I|g__Coprococcus.s__Coprococcus_eutactus	0	0	0	8.26976	3.40866	4.4238
PWY-6151: S-adenosyl-L-methionine cycle I|g__Dorea.s__Dorea_formicigenerans	0.56808	1.96599	0.26539	0	0.0952685	0.96089
PWY-6151: S-adenosyl-L-methionine cycle I|g__Dorea.s__Dorea_formicigenerans_CAG_28	0.377508	3.03281	0.139442	0	0.0929659	0.452651
PWY-6151: S-adenosyl-L-methionine cycle I|g__Dorea.s__Dorea_longicatena	0	23.0865	2.043	0.410943	1.88896	3.97962
PWY-6151: S-adenosyl-L-methionine cycle I|g__Dorea.s__Dorea_longicatena_CAG_42	0	12.9351	0.970193	0.366569	0.983482	1.69704
PWY-6151: S-adenosyl-L-methionine cycle I|g__Dorea.s__Dorea_sp_CAG_317	0	0.694247	0	0	0	0
PWY-6151: S-adenosyl-L-methionine cycle I|g__Escherichia.s__Escherichia_coli	0	0	0	18.8462	0	0
PWY-6151: S-adenosyl-L-methionine cycle I|g__Eubacterium.s__Eubacterium_eligens	4.54615	0	0.31993	2.05641	0.167511	0.305738
PWY-6151: S-adenosyl-L-methionine cycle I|g__Eubacterium.s__Eubacterium_eligens_CAG_72	6.07406	0	0.184424	2.44709	0.476918	0.426709
PWY-6151: S-adenosyl-L-methionine cycle I|g__Eubacterium.s__Eubacterium_hallii	2.36897	0	4.14925	0.560465	1.19589	2.6349
PWY-6151: S-adenosyl-L-methionine cycle I|g__Eubacterium.s__Eubacterium_hallii_CAG_12	2.09841	0	3.81583	0.25274	1.4486	2.03666
PWY-6151: S-adenosyl-L-methionine cycle I|g__Eubacterium.s__Eubacterium_sp_CAG_274	0	0	3.779	0	0	0
PWY-6151: S-adenosyl-L-methionine cycle I|g__Eubacterium.s__Eubacterium_sp_CAG_38	1.09677	0.419651	2.32217	0	0	0.409239
PWY-6151: S-adenosyl-L-methionine cycle I|g__Eubacterium.s__Eubacterium_ventriosum	0	0	0.653074	0.624856	0	0
PWY-6151: S-adenosyl-L-methionine cycle I|g__Faecalibacterium.s__Faecalibacterium_prausnitzii	75.7049	102.362	36.4051	5.23205	6.36486	8.19245
PWY-6151: S-adenosyl-L-methionine cycle I|g__Firmicutes_unclassified.s__Firmicutes_bacterium_CAG_110	0	0.979457	7.68929	2.69838	0	2.6979
PWY-6151: S-adenosyl-L-methionine cycle I|g__Firmicutes_unclassified.s__Firmicutes_bacterium_CAG_94	0	2.87904	0.385716	0	0	0
PWY-6151: S-adenosyl-L-methionine cycle I|g__Firmicutes_unclassified.s__Firmicutes_bacterium_CAG_95	0	2.21011	0	4.82135	0	0
PWY-6151: S-adenosyl-L-methionine cycle I|g__Fusicatenibacter.s__Fusicatenibacter_saccharivorans	9.22955	14.6959	2.50518	30.3688	13.1393	1.5999
PWY-6151: S-adenosyl-L-methionine cycle I|g__Gemmiger.s__Gemmiger_formicilis	14.106	12.4159	6.53158	8.64887	3.07421	0.800742
PWY-6151: S-adenosyl-L-methionine cycle I|g__Intestinibacter.s__Intestinibacter_bartlettii	0	0	0	0.635708	0	0
PWY-6151: S-adenosyl-L-methionine cycle I|g__Lachnospira.s__Lachnospira_pectinoschiza	0	0	3.73908	0	0	0.429092
PWY-6151: S-adenosyl-L-methionine cycle I|g__Lachnospiraceae_unclassified.s__Eubacterium_rectale	75.8397	0	0	0.286985	0.790067	0
PWY-6151: S-adenosyl-L-methionine cycle I|g__Odoribacter.s__Odoribacter_laneus	0	0	0.805729	0	0	0
PWY-6151: S-adenosyl-L-methionine cycle I|g__Odoribacter.s__Odoribacter_laneus_CAG_561	0	0	1.16755	0	0	0
PWY-6151: S-adenosyl-L-methionine cycle I|g__Oscillibacter.s__Oscillibacter_sp_CAG_241	0	2.27161	1.54961	0	0	0
PWY-6151: S-adenosyl-L-methionine cycle I|g__Paraprevotella.s__Paraprevotella_clara	0	1.44211	0	0	0	0
PWY-6151: S-adenosyl-L-methionine cycle I|g__Paraprevotella.s__Paraprevotella_clara_CAG_116	0	1.99919	0	0	0	0
PWY-6151: S-adenosyl-L-methionine cycle I|g__Paraprevotella.s__Paraprevotella_xylaniphila	2.12992	0	0	0	1.98538	0
PWY-6151: S-adenosyl-L-methionine cycle I|g__Prevotella.s__Prevotella_copri_CAG_164	0	6.30728	0	0	0	0
PWY-6151: S-adenosyl-L-methionine cycle I|g__Prevotella.s__Prevotella_sp_CAG_279	0	3.20399	0	0	0	56.8328
PWY-6151: S-adenosyl-L-methionine cycle I|g__Roseburia.s__Roseburia_faecis	0	1.34794	16.4272	0	0	16.3566
PWY-6151: S-adenosyl-L-methionine cycle I|g__Roseburia.s__Roseburia_intestinalis	0	0.293919	0.314589	0.151933	0	0.297267
PWY-6151: S-adenosyl-L-methionine cycle I|g__Roseburia.s__Roseburia_intestinalis_CAG_13	0	0.238129	0.252739	0.400091	0	1.04083
PWY-6151: S-adenosyl-L-methionine cycle I|g__Roseburia.s__Roseburia_inulinivorans	0.309641	1.1705	0.138599	1.16169	0	2.61293
PWY-6151: S-adenosyl-L-methionine cycle I|g__Roseburia.s__Roseburia_inulinivorans_CAG_15	0.387203	2.04274	0	0	0	0
PWY-6151: S-adenosyl-L-methionine cycle I|g__Roseburia.s__Roseburia_sp_CAG_182	0	0	0	8.4663	0.419642	0
PWY-6151: S-adenosyl-L-methionine cycle I|g__Roseburia.s__Roseburia_sp_CAG_471	6.56943	0	0	0	0.398343	2.62908
PWY-6151: S-adenosyl-L-methionine cycle I|g__Ruminococcus.s__Ruminococcus_bromii	0	94.7926	37.8429	21.7315	19.9831	39.5116
PWY-6151: S-adenosyl-L-methionine cycle I|g__Ruminococcus.s__Ruminococcus_callidus	0	0	0	4.53268	0	0
PWY-6151: S-adenosyl-L-methionine cycle I|g__Ruminococcus.s__Ruminococcus_lactaris	0	0	3.17766	10.0903	0.745742	0.431739
PWY-6151: S-adenosyl-L-methionine cycle I|g__Ruthenibacterium.s__Ruthenibacterium_lactatiformans	0	0.437885	0	0.631609	0	0
PWY-6151: S-adenosyl-L-methionine cycle I|g__Streptococcus.s__Streptococcus_salivarius	0	0	0	0.348723	0	0
PWY-6151: S-adenosyl-L-methionine cycle I|g__Streptococcus.s__Streptococcus_salivarius_CAG_79	0	0	0	0.139875	0	0
PWY-6151: S-adenosyl-L-methionine cycle I|g__Streptococcus.s__Streptococcus_thermophilus	0	0	0	0.417937	0	0
PWY-6151: S-adenosyl-L-methionine cycle I|g__Streptococcus.s__Streptococcus_thermophilus_CAG_236	0	0	0	0.237064	0	0
PWY-6151: S-adenosyl-L-methionine cycle I|unclassified	108.943	225.29	160.994	163.347	131.634	120.268
PWY-6163: chorismate biosynthesis from 3-dehydroquinate	627.649	796.378	598.408	555.484	574.489	567.749
PWY-6163: chorismate biosynthesis from 3-dehydroquinate|g__Agathobaculum.s__Agathobaculum_butyriciproducens	2.93129	8.37641	2.69804	0.934511	2.5308	2.46125
PWY-6163: chorismate biosynthesis from 3-dehydroquinate|g__Alistipes.s__Alistipes_finegoldii	3.81538	0	1.34944	21.1084	49.7391	7.27232
PWY-6163: chorismate biosynthesis from 3-dehydroquinate|g__Anaerostipes.s__Anaerostipes_hadrus	13.8908	0	7.58246	15.0173	4.96922	10.6023
PWY-6163: chorismate biosynthesis from 3-dehydroquinate|g__Bacteroides.s__Bacteroides_caccae	0.414471	0	0	0.782095	1.7321	0
PWY-6163: chorismate biosynthesis from 3-dehydroquinate|g__Bacteroides.s__Bacteroides_cellulosilyticus	3.87112	0	0	3.85501	0	5.72669
PWY-6163: chorismate biosynthesis from 3-dehydroquinate|g__Bacteroides.s__Bacteroides_clarus	0	0.573686	0	1.52006	2.34257	0
PWY-6163: chorismate biosynthesis from 3-dehydroquinate|g__Bacteroides.s__Bacteroides_coprocola	21.391	0	0	0	0	0
PWY-6163: chorismate biosynthesis from 3-dehydroquinate|g__Bacteroides.s__Bacteroides_coprocola_CAG_162	41.2223	0	0	0	0	0
PWY-6163: chorismate biosynthesis from 3-dehydroquinate|g__Bacteroides.s__Bacteroides_dorei	0	1.04749	4.32215	4.80857	33.8836	23.2064
PWY-6163: chorismate biosynthesis from 3-dehydroquinate|g__Bacteroides.s__Bacteroides_eggerthii	0	0	9.61084	3.24727	33.3935	0
PWY-6163: chorismate biosynthesis from 3-dehydroquinate|g__Bacteroides.s__Bacteroides_faecis	0	0	0	0	1.53581	0
PWY-6163: chorismate biosynthesis from 3-dehydroquinate|g__Bacteroides.s__Bacteroides_finegoldii	0	0	0	0.787401	0	0
PWY-6163: chorismate biosynthesis from 3-dehydroquinate|g__Bacteroides.s__Bacteroides_fragilis	0	0	0	0	0	2.13752
PWY-6163: chorismate biosynthesis from 3-dehydroquinate|g__Bacteroides.s__Bacteroides_fragilis_CAG_47	0	0	0	0	0	0.179207
PWY-6163: chorismate biosynthesis from 3-dehydroquinate|g__Bacteroides.s__Bacteroides_ovatus	11.0792	0	0	2.23511	8.17525	1.67745
PWY-6163: chorismate biosynthesis from 3-dehydroquinate|g__Bacteroides.s__Bacteroides_stercoris	0	0	0.741069	0.999143	0	6.72279
PWY-6163: chorismate biosynthesis from 3-dehydroquinate|g__Bacteroides.s__Bacteroides_thetaiotaomicron	4.79338	0	4.22966	0	0	1.72378
PWY-6163: chorismate biosynthesis from 3-dehydroquinate|g__Bacteroides.s__Bacteroides_vulgatus	19.7752	3.17677	7.63897	0.642702	0	0
PWY-6163: chorismate biosynthesis from 3-dehydroquinate|g__Bacteroides.s__Bacteroides_vulgatus_CAG_6	24.0533	5.53166	7.43936	1.94065	0	0
PWY-6163: chorismate biosynthesis from 3-dehydroquinate|g__Bacteroides.s__Bacteroides_xylanisolvens	0	0	1.51138	0	1.00996	0
PWY-6163: chorismate biosynthesis from 3-dehydroquinate|g__Barnesiella.s__Barnesiella_viscericola	0	0	5.62043	0	0	0
PWY-6163: chorismate biosynthesis from 3-dehydroquinate|g__Bifidobacterium.s__Bifidobacterium_longum	0.459311	0	2.35421	0.164956	0.304802	3.36682
PWY-6163: chorismate biosynthesis from 3-dehydroquinate|g__Bifidobacterium.s__Bifidobacterium_longum_CAG_69	4.20743	0	5.30078	3.13827	0.946641	2.21508
PWY-6163: chorismate biosynthesis from 3-dehydroquinate|g__Bifidobacterium.s__Bifidobacterium_pseudocatenulatum	0	0	9.40842	1.46579	0	10.4642
PWY-6163: chorismate biosynthesis from 3-dehydroquinate|g__Bilophila.s__Bilophila_wadsworthia	0	0	0	0	2.2804	0
PWY-6163: chorismate biosynthesis from 3-dehydroquinate|g__Blautia.s__Blautia_obeum	19.3935	53.0646	14.9265	0	14.3927	8.23665
PWY-6163: chorismate biosynthesis from 3-dehydroquinate|g__Blautia.s__Blautia_wexlerae	5.22967	0	0	10.4349	0	3.76097
PWY-6163: chorismate biosynthesis from 3-dehydroquinate|g__Blautia.s__Ruminococcus_torques	0	18.2515	36.9146	26.6737	10.3348	6.57164
PWY-6163: chorismate biosynthesis from 3-dehydroquinate|g__Butyrivibrio.s__Butyrivibrio_crossotus	0	0	12.1171	0	0	0
PWY-6163: chorismate biosynthesis from 3-dehydroquinate|g__Butyrivibrio.s__Butyrivibrio_crossotus_CAG_259	0	0	3.27999	0	0	0
PWY-6163: chorismate biosynthesis from 3-dehydroquinate|g__Butyrivibrio.s__Butyrivibrio_sp_CAG_318	0	2.89292	0	0	0	0
PWY-6163: chorismate biosynthesis from 3-dehydroquinate|g__Clostridium.s__Clostridium_sp_CAG_632	0	0	8.90435	0	0	0
PWY-6163: chorismate biosynthesis from 3-dehydroquinate|g__Coprobacter.s__Coprobacter_fastidiosus	0	0	0	0	0	0.488651
PWY-6163: chorismate biosynthesis from 3-dehydroquinate|g__Coprococcus.s__Coprococcus_catus	0.730172	3.72352	1.48607	2.11983	2.50116	2.99861
PWY-6163: chorismate biosynthesis from 3-dehydroquinate|g__Coprococcus.s__Coprococcus_comes	0.896506	1.39693	1.98227	4.01225	0.825756	0.342532
PWY-6163: chorismate biosynthesis from 3-dehydroquinate|g__Coprococcus.s__Coprococcus_comes_CAG_19	1.1813	1.54253	2.71631	4.02961	1.17978	1.45007
PWY-6163: chorismate biosynthesis from 3-dehydroquinate|g__Coprococcus.s__Coprococcus_eutactus	0	0	0	6.39205	2.44359	3.78612
PWY-6163: chorismate biosynthesis from 3-dehydroquinate|g__Desulfovibrio.s__Desulfovibrio_piger	0	7.56297	0	4.05421	0	0
PWY-6163: chorismate biosynthesis from 3-dehydroquinate|g__Dialister.s__Dialister_sp_CAG_357	0	0	0	0	0	11.343
PWY-6163: chorismate biosynthesis from 3-dehydroquinate|g__Dorea.s__Dorea_formicigenerans	0	0.335829	0	0	0	0
PWY-6163: chorismate biosynthesis from 3-dehydroquinate|g__Dorea.s__Dorea_formicigenerans_CAG_28	0.512938	3.18167	0.244586	0	0.267097	0.635564
PWY-6163: chorismate biosynthesis from 3-dehydroquinate|g__Dorea.s__Dorea_longicatena	0	0	0	0.331601	0.960168	0.44418
PWY-6163: chorismate biosynthesis from 3-dehydroquinate|g__Escherichia.s__Escherichia_coli	0	0	0	20.2199	0	0
PWY-6163: chorismate biosynthesis from 3-dehydroquinate|g__Eubacterium.s__Eubacterium_eligens	1.17767	0	0	2.32386	0.432306	0
PWY-6163: chorismate biosynthesis from 3-dehydroquinate|g__Eubacterium.s__Eubacterium_hallii	1.99722	0	3.53413	0.740856	1.75283	3.40759
PWY-6163: chorismate biosynthesis from 3-dehydroquinate|g__Eubacterium.s__Eubacterium_hallii_CAG_12	1.33491	0	2.54792	0.44543	0.796974	3.53465
PWY-6163: chorismate biosynthesis from 3-dehydroquinate|g__Eubacterium.s__Eubacterium_ramulus	1.06799	0	0	0	0	0.675005
PWY-6163: chorismate biosynthesis from 3-dehydroquinate|g__Eubacterium.s__Eubacterium_sp_CAG_274	0	0	3.67807	0	0	0
PWY-6163: chorismate biosynthesis from 3-dehydroquinate|g__Eubacterium.s__Eubacterium_sp_CAG_38	0.908322	0	2.11609	0	0	0.477268
PWY-6163: chorismate biosynthesis from 3-dehydroquinate|g__Eubacterium.s__Eubacterium_ventriosum	0	0	0.573794	0.298079	0	0
PWY-6163: chorismate biosynthesis from 3-dehydroquinate|g__Faecalibacterium.s__Faecalibacterium_prausnitzii	0	0	10.4177	2.79244	0	0
PWY-6163: chorismate biosynthesis from 3-dehydroquinate|g__Flavonifractor.s__Flavonifractor_plautii	0	0.85427	0	0	0	0
PWY-6163: chorismate biosynthesis from 3-dehydroquinate|g__Fusicatenibacter.s__Fusicatenibacter_saccharivorans	7.04904	16.196	5.33508	32.7903	12.1426	1.44742
PWY-6163: chorismate biosynthesis from 3-dehydroquinate|g__Intestinibacter.s__Intestinibacter_bartlettii	0	0	0	0.502345	0	0
PWY-6163: chorismate biosynthesis from 3-dehydroquinate|g__Lachnospira.s__Lachnospira_pectinoschiza	0	0	3.63028	0	0	0.630005
PWY-6163: chorismate biosynthesis from 3-dehydroquinate|g__Lachnospiraceae_unclassified.s__Eubacterium_rectale	89.6818	0	0	9.06777	1.5148	0
PWY-6163: chorismate biosynthesis from 3-dehydroquinate|g__Lawsonibacter.s__Lawsonibacter_asaccharolyticus	0	2.88231	0	0	0	0
PWY-6163: chorismate biosynthesis from 3-dehydroquinate|g__Megamonas.s__Megamonas_hypermegale	0	6.59249	0	0	0	0
PWY-6163: chorismate biosynthesis from 3-dehydroquinate|g__Methanobrevibacter.s__Methanobrevibacter_smithii	0	0.334469	1.72335	0	2.49483	2.46205
PWY-6163: chorismate biosynthesis from 3-dehydroquinate|g__Methanobrevibacter.s__Methanobrevibacter_smithii_CAG_186	0	0.321678	1.36266	0	4.81955	1.94719
PWY-6163: chorismate biosynthesis from 3-dehydroquinate|g__Monoglobus.s__Monoglobus_pectinilyticus	0	0	0	0	0	1.37781
PWY-6163: chorismate biosynthesis from 3-dehydroquinate|g__Oxalobacter.s__Oxalobacter_formigenes	0	0	0	0.99866	0	0
PWY-6163: chorismate biosynthesis from 3-dehydroquinate|g__Parabacteroides.s__Parabacteroides_distasonis	4.18682	1.45816	4.85715	0.271551	13.2861	3.60612
PWY-6163: chorismate biosynthesis from 3-dehydroquinate|g__Parabacteroides.s__Parabacteroides_goldsteinii	0	0	0.878543	0	0	0
PWY-6163: chorismate biosynthesis from 3-dehydroquinate|g__Parabacteroides.s__Parabacteroides_merdae	1.77938	0	3.04102	1.15011	0	0
PWY-6163: chorismate biosynthesis from 3-dehydroquinate|g__Parasutterella.s__Parasutterella_excrementihominis	0	0	0	0	3.12918	0.841507
PWY-6163: chorismate biosynthesis from 3-dehydroquinate|g__Phascolarctobacterium.s__Phascolarctobacterium_faecium	8.08158	0	0	0	0	0
PWY-6163: chorismate biosynthesis from 3-dehydroquinate|g__Phascolarctobacterium.s__Phascolarctobacterium_sp_CAG_266	0	17.6232	6.28418	0	0	0
PWY-6163: chorismate biosynthesis from 3-dehydroquinate|g__Roseburia.s__Roseburia_faecis	0	1.04749	15.6237	0	0	19.1162
PWY-6163: chorismate biosynthesis from 3-dehydroquinate|g__Roseburia.s__Roseburia_hominis	0	7.43424	0	3.67968	1.83255	0.854213
PWY-6163: chorismate biosynthesis from 3-dehydroquinate|g__Roseburia.s__Roseburia_intestinalis	0	0.225338	0.275511	0.383692	0	1.51651
PWY-6163: chorismate biosynthesis from 3-dehydroquinate|g__Roseburia.s__Roseburia_intestinalis_CAG_13	0	0.332836	0.332862	0	0	0.568063
PWY-6163: chorismate biosynthesis from 3-dehydroquinate|g__Roseburia.s__Roseburia_inulinivorans	0.49991	2.45504	0.124542	0.64439	0	2.95255
PWY-6163: chorismate biosynthesis from 3-dehydroquinate|g__Roseburia.s__Roseburia_inulinivorans_CAG_15	0.604437	0	0.0879949	0.566494	0	2.42975
PWY-6163: chorismate biosynthesis from 3-dehydroquinate|g__Roseburia.s__Roseburia_sp_CAG_471	6.88694	0	0	0	0	1.84978
PWY-6163: chorismate biosynthesis from 3-dehydroquinate|g__Ruminococcaceae_unclassified.s__Eubacterium_siraeum	0	0	4.40902	2.36895	1.34441	21.3153
PWY-6163: chorismate biosynthesis from 3-dehydroquinate|g__Ruminococcus.s__Ruminococcus_bromii	0	102.669	45.6544	21.0107	23.6099	42.4671
PWY-6163: chorismate biosynthesis from 3-dehydroquinate|g__Ruminococcus.s__Ruminococcus_callidus	0	0	0	5.18261	0	0
PWY-6163: chorismate biosynthesis from 3-dehydroquinate|g__Ruminococcus.s__Ruminococcus_lactaris	0	0	2.3843	11.8908	0.621692	0.490504
PWY-6163: chorismate biosynthesis from 3-dehydroquinate|g__Streptococcus.s__Streptococcus_salivarius_CAG_79	0	0	0	0.369222	0	0
PWY-6163: chorismate biosynthesis from 3-dehydroquinate|g__Streptococcus.s__Streptococcus_thermophilus	0	0	0	0.089713	0	0
PWY-6163: chorismate biosynthesis from 3-dehydroquinate|g__Streptococcus.s__Streptococcus_thermophilus_CAG_236	0	0	0	0.108765	0	0
PWY-6163: chorismate biosynthesis from 3-dehydroquinate|unclassified	108.929	225.503	190.597	193.811	187.705	150.4
PWY-6165: chorismate biosynthesis II (archaea)	0	0	1.23362	0	0	0
PWY-6167: flavin biosynthesis II (archaea)	0	3.1482	14.29	0	27.5289	13.4135
PWY-6167: flavin biosynthesis II (archaea)|g__Methanobrevibacter.s__Methanobrevibacter_smithii	0	0.581034	1.81725	0	0.99298	1.6764
PWY-6167: flavin biosynthesis II (archaea)|g__Methanobrevibacter.s__Methanobrevibacter_smithii_CAG_186	0	0.474624	1.79167	0	2.92828	3.01741
PWY-6168: flavin biosynthesis III (fungi)	472.209	393.559	345.916	261.773	357.319	296.334
PWY-6168: flavin biosynthesis III (fungi)|g__Agathobaculum.s__Agathobaculum_butyriciproducens	3.25002	10.1756	2.73178	0.846245	2.27579	2.29952
PWY-6168: flavin biosynthesis III (fungi)|g__Anaerostipes.s__Anaerostipes_hadrus	5.46387	0	5.14531	7.04609	0	6.29052
PWY-6168: flavin biosynthesis III (fungi)|g__Bacteroides.s__Bacteroides_cellulosilyticus	0	0	0	0	0	2.22884
PWY-6168: flavin biosynthesis III (fungi)|g__Bacteroides.s__Bacteroides_dorei	0	0.789771	4.18693	4.94941	31.708	20.7568
PWY-6168: flavin biosynthesis III (fungi)|g__Bacteroides.s__Bacteroides_fragilis	0	0	0	0	0	1.00218
PWY-6168: flavin biosynthesis III (fungi)|g__Bacteroides.s__Bacteroides_fragilis_CAG_47	0	0	0	0	0	0.718153
PWY-6168: flavin biosynthesis III (fungi)|g__Bacteroides.s__Bacteroides_salyersiae	2.44986	0	2.28	0.332324	0	0
PWY-6168: flavin biosynthesis III (fungi)|g__Bacteroides.s__Bacteroides_vulgatus	19.9052	3.46008	7.23245	1.81211	0	0
PWY-6168: flavin biosynthesis III (fungi)|g__Bacteroides.s__Bacteroides_vulgatus_CAG_6	25.6096	5.29571	8.29935	2.02192	0	0
PWY-6168: flavin biosynthesis III (fungi)|g__Bacteroides.s__Bacteroides_xylanisolvens	0	0	1.18638	0	0.626873	2.31725
PWY-6168: flavin biosynthesis III (fungi)|g__Blautia.s__Blautia_obeum	14.5859	35.043	10.7607	0	8.08573	6.92635
PWY-6168: flavin biosynthesis III (fungi)|g__Blautia.s__Blautia_wexlerae	3.99958	0	0	8.63922	0	1.77751
PWY-6168: flavin biosynthesis III (fungi)|g__Blautia.s__Ruminococcus_torques	0	0	30.4057	24.5223	3.38074	1.16445
PWY-6168: flavin biosynthesis III (fungi)|g__Butyrivibrio.s__Butyrivibrio_crossotus	0	0	10.2139	0	0	0
PWY-6168: flavin biosynthesis III (fungi)|g__Coprococcus.s__Coprococcus_catus	0.683211	2.94137	1.11385	1.59795	1.85759	2.18225
PWY-6168: flavin biosynthesis III (fungi)|g__Coprococcus.s__Coprococcus_comes	0.602013	0.858352	1.54258	3.69319	0.51894	0.595064
PWY-6168: flavin biosynthesis III (fungi)|g__Coprococcus.s__Coprococcus_comes_CAG_19	1.02891	0.760107	1.49001	2.26574	0.592334	0.903713
PWY-6168: flavin biosynthesis III (fungi)|g__Coprococcus.s__Coprococcus_eutactus	0	0	0	7.11747	3.1879	3.67362
PWY-6168: flavin biosynthesis III (fungi)|g__Desulfovibrio.s__Desulfovibrio_piger	0	5.6544	0	3.87406	0	0
PWY-6168: flavin biosynthesis III (fungi)|g__Dialister.s__Dialister_invisus	0	0	0	0	13.5382	0
PWY-6168: flavin biosynthesis III (fungi)|g__Dorea.s__Dorea_formicigenerans	0.215416	0.507554	0	0	0.328979	0.493151
PWY-6168: flavin biosynthesis III (fungi)|g__Dorea.s__Dorea_formicigenerans_CAG_28	0.174817	1.19854	0	0	0.115416	0.163325
PWY-6168: flavin biosynthesis III (fungi)|g__Dorea.s__Dorea_longicatena	0	0	0	0.418661	0	0.466151
PWY-6168: flavin biosynthesis III (fungi)|g__Escherichia.s__Escherichia_coli	0	0	0	14.1344	0	0
PWY-6168: flavin biosynthesis III (fungi)|g__Eubacterium.s__Eubacterium_eligens	3.88657	0	0	1.48846	0.24292	0
PWY-6168: flavin biosynthesis III (fungi)|g__Eubacterium.s__Eubacterium_eligens_CAG_72	4.06472	0	0	0.992872	0	0
PWY-6168: flavin biosynthesis III (fungi)|g__Eubacterium.s__Eubacterium_hallii	2.21384	0	3.15798	0.70444	0.888213	2.3109
PWY-6168: flavin biosynthesis III (fungi)|g__Eubacterium.s__Eubacterium_hallii_CAG_12	1.38096	0	2.06352	0.658137	1.27706	1.1311
PWY-6168: flavin biosynthesis III (fungi)|g__Faecalibacterium.s__Faecalibacterium_prausnitzii	108.215	86.6064	46.296	7.3309	9.86993	11.743
PWY-6168: flavin biosynthesis III (fungi)|g__Lachnospira.s__Lachnospira_pectinoschiza	0	0	3.40509	0	0	0.578387
PWY-6168: flavin biosynthesis III (fungi)|g__Lachnospiraceae_unclassified.s__Eubacterium_rectale	74.4803	0	0	2.31421	1.02953	0
PWY-6168: flavin biosynthesis III (fungi)|g__Parabacteroides.s__Parabacteroides_distasonis	4.48465	1.27392	5.10258	0.47027	14.9882	3.11667
PWY-6168: flavin biosynthesis III (fungi)|g__Parabacteroides.s__Parabacteroides_goldsteinii	0	0	0.975815	0	0	0
PWY-6168: flavin biosynthesis III (fungi)|g__Roseburia.s__Roseburia_faecis	0	0.830865	13.4022	0	0	16.1009
PWY-6168: flavin biosynthesis III (fungi)|unclassified	34.142	73.5426	57.0412	50.9341	63.5326	51.9945
PWY-6185: 4-methylcatechol degradation (ortho cleavage)	0	0	0	0.156033	0	0
PWY-6185: 4-methylcatechol degradation (ortho cleavage)|unclassified	0	0	0	0.155792	0	0
PWY-6210: 2-aminophenol degradation	0	0	0	0.042686	0	0
PWY-6210: 2-aminophenol degradation|unclassified	0	0	0	0.042686	0	0
PWY-621: sucrose degradation III (sucrose invertase)	105.132	31.0977	147.347	114.013	80.4089	121.97
PWY-621: sucrose degradation III (sucrose invertase)|g__Anaerostipes.s__Anaerostipes_hadrus	19.8286	0	7.74917	18.2255	10.51	13.2785
PWY-621: sucrose degradation III (sucrose invertase)|g__Bacteroides.s__Bacteroides_fragilis	0	0	0	0	0	0.109589
PWY-621: sucrose degradation III (sucrose invertase)|g__Bacteroides.s__Bacteroides_ovatus	0.0848332	0	0	3.59744	0.774812	2.02184
PWY-621: sucrose degradation III (sucrose invertase)|g__Bacteroides.s__Bacteroides_thetaiotaomicron	3.72418	0	4.09499	0	0	2.03005
PWY-621: sucrose degradation III (sucrose invertase)|g__Bacteroides.s__Bacteroides_xylanisolvens	0	0	1.08237	0	2.94239	0.07253
PWY-621: sucrose degradation III (sucrose invertase)|g__Coprococcus.s__Coprococcus_eutactus	0	0	0	11.2035	4.57634	8.49051
PWY-621: sucrose degradation III (sucrose invertase)|g__Coprococcus.s__Coprococcus_eutactus_CAG_665	0	0	0	0	0.433457	1.67163
PWY-621: sucrose degradation III (sucrose invertase)|g__Escherichia.s__Escherichia_coli	0	0	0	12.9425	0	0
PWY-621: sucrose degradation III (sucrose invertase)|g__Faecalibacterium.s__Faecalibacterium_prausnitzii	0	2.54838	0	1.02446	1.06004	0.214149
PWY-621: sucrose degradation III (sucrose invertase)|g__Roseburia.s__Roseburia_faecis	0	0.779429	14.662	0	0	16.9715
PWY-621: sucrose degradation III (sucrose invertase)|g__Ruminococcus.s__Ruminococcus_bicirculans	7.42654	2.66704	0	3.45154	0	1.22877
PWY-621: sucrose degradation III (sucrose invertase)|g__Streptococcus.s__Streptococcus_salivarius	0	0	0	0.347517	0	0
PWY-621: sucrose degradation III (sucrose invertase)|g__Streptococcus.s__Streptococcus_thermophilus	0	0	0	0.257563	0	0
PWY-621: sucrose degradation III (sucrose invertase)|g__Streptococcus.s__Streptococcus_thermophilus_CAG_236	0	0	0	0.0651143	0	0
PWY-621: sucrose degradation III (sucrose invertase)|unclassified	14.2256	9.91704	42.8001	17.6556	23.9017	17.0533
PWY-622: starch biosynthesis	32.2697	1.36264	84.7725	29.6029	30.0666	100.768
PWY-6263: superpathway of menaquinol-8 biosynthesis II	1.32703	9.86288	8.71936	35.2162	21.164	27.0415
PWY-6263: superpathway of menaquinol-8 biosynthesis II|unclassified	0.932863	1.06165	2.12734	6.14607	0	1.89928
PWY-6270: isoprene biosynthesis I	31.8325	6.8328	101.696	18.2361	19.3873	154.912
PWY-6270: isoprene biosynthesis I|unclassified	0	0	0	1.06064	0	0
PWY-6277: superpathway of 5-aminoimidazole ribonucleotide biosynthesis	530.451	714.853	548.54	503.186	486.683	497.305
PWY-6277: superpathway of 5-aminoimidazole ribonucleotide biosynthesis|g__Agathobaculum.s__Agathobaculum_butyriciproducens	9.83248	13.5135	4.76494	4.32094	2.95447	5.4236
PWY-6277: superpathway of 5-aminoimidazole ribonucleotide biosynthesis|g__Akkermansia.s__Akkermansia_muciniphila	0	1.40999	0.626085	11.8115	9.78733	13.3574
PWY-6277: superpathway of 5-aminoimidazole ribonucleotide biosynthesis|g__Alistipes.s__Alistipes_finegoldii	4.03655	0	10.3007	16.3659	45.3757	5.63325
PWY-6277: superpathway of 5-aminoimidazole ribonucleotide biosynthesis|g__Alistipes.s__Alistipes_indistinctus	0	0	0	2.19483	1.58387	0.601152
PWY-6277: superpathway of 5-aminoimidazole ribonucleotide biosynthesis|g__Alistipes.s__Alistipes_putredinis	0.376296	8.55794	6.78376	7.25397	44.5802	14.52
PWY-6277: superpathway of 5-aminoimidazole ribonucleotide biosynthesis|g__Alistipes.s__Alistipes_putredinis_CAG_67	1.00982	1.23664	1.00196	1.33822	7.80338	5.66846
PWY-6277: superpathway of 5-aminoimidazole ribonucleotide biosynthesis|g__Alistipes.s__Alistipes_sp_An31A	0	1.0894	0	0	0	0
PWY-6277: superpathway of 5-aminoimidazole ribonucleotide biosynthesis|g__Anaerostipes.s__Anaerostipes_hadrus	14.2608	0	5.83296	12.0888	4.66067	8.90478
PWY-6277: superpathway of 5-aminoimidazole ribonucleotide biosynthesis|g__Bacteroides.s__Bacteroides_caccae	0.502637	0	0	1.12551	1.52948	0
PWY-6277: superpathway of 5-aminoimidazole ribonucleotide biosynthesis|g__Bacteroides.s__Bacteroides_cellulosilyticus	3.97686	0	0	5.15946	0	4.42539
PWY-6277: superpathway of 5-aminoimidazole ribonucleotide biosynthesis|g__Bacteroides.s__Bacteroides_clarus	0	0.747044	0	1.57311	2.69083	0
PWY-6277: superpathway of 5-aminoimidazole ribonucleotide biosynthesis|g__Bacteroides.s__Bacteroides_coprocola	49.0585	0	0	0	0	0
PWY-6277: superpathway of 5-aminoimidazole ribonucleotide biosynthesis|g__Bacteroides.s__Bacteroides_dorei	0	1.11063	4.22741	4.90769	30.0001	19.7051
PWY-6277: superpathway of 5-aminoimidazole ribonucleotide biosynthesis|g__Bacteroides.s__Bacteroides_eggerthii	0	0	10.2639	4.10341	35.8048	0
PWY-6277: superpathway of 5-aminoimidazole ribonucleotide biosynthesis|g__Bacteroides.s__Bacteroides_faecis	0	0	0	0	1.74477	0
PWY-6277: superpathway of 5-aminoimidazole ribonucleotide biosynthesis|g__Bacteroides.s__Bacteroides_finegoldii	0	0	0	0.64439	0	0
PWY-6277: superpathway of 5-aminoimidazole ribonucleotide biosynthesis|g__Bacteroides.s__Bacteroides_fragilis	0	0	0	0	0	1.74601
PWY-6277: superpathway of 5-aminoimidazole ribonucleotide biosynthesis|g__Bacteroides.s__Bacteroides_fragilis_CAG_47	0	0	0	0	0	0.824565
PWY-6277: superpathway of 5-aminoimidazole ribonucleotide biosynthesis|g__Bacteroides.s__Bacteroides_massiliensis	8.58088	1.27446	5.78348	0	6.56029	0
PWY-6277: superpathway of 5-aminoimidazole ribonucleotide biosynthesis|g__Bacteroides.s__Bacteroides_ovatus	10.4745	0	0	3.54993	5.38253	2.41731
PWY-6277: superpathway of 5-aminoimidazole ribonucleotide biosynthesis|g__Bacteroides.s__Bacteroides_plebeius	0	0.928294	0	0.442054	0	0
PWY-6277: superpathway of 5-aminoimidazole ribonucleotide biosynthesis|g__Bacteroides.s__Bacteroides_salyersiae	2.69133	0	1.67078	0.590852	0	0
PWY-6277: superpathway of 5-aminoimidazole ribonucleotide biosynthesis|g__Bacteroides.s__Bacteroides_sp_CAG_633	0	1.85985	0	0	0	0
PWY-6277: superpathway of 5-aminoimidazole ribonucleotide biosynthesis|g__Bacteroides.s__Bacteroides_stercoris	0	0	0.82063	0.426619	0	4.78221
PWY-6277: superpathway of 5-aminoimidazole ribonucleotide biosynthesis|g__Bacteroides.s__Bacteroides_thetaiotaomicron	4.00292	0	3.31935	0	0	1.32619
PWY-6277: superpathway of 5-aminoimidazole ribonucleotide biosynthesis|g__Bacteroides.s__Bacteroides_uniformis	5.76775	2.69888	9.76996	4.41113	12.1072	10.8546
PWY-6277: superpathway of 5-aminoimidazole ribonucleotide biosynthesis|g__Bacteroides.s__Bacteroides_uniformis_CAG_3	3.6857	2.52525	9.27517	3.84295	10.3022	9.67084
PWY-6277: superpathway of 5-aminoimidazole ribonucleotide biosynthesis|g__Bacteroides.s__Bacteroides_vulgatus	27.9271	4.09119	6.26563	1.61098	0	0
PWY-6277: superpathway of 5-aminoimidazole ribonucleotide biosynthesis|g__Bacteroides.s__Bacteroides_vulgatus_CAG_6	15.2633	3.54363	4.74779	1.30856	0	0
PWY-6277: superpathway of 5-aminoimidazole ribonucleotide biosynthesis|g__Bacteroides.s__Bacteroides_xylanisolvens	0	0	1.79729	0	0	0
PWY-6277: superpathway of 5-aminoimidazole ribonucleotide biosynthesis|g__Barnesiella.s__Barnesiella_intestinihominis	0.611708	0.799024	0.529094	1.34111	21.6153	3.50262
PWY-6277: superpathway of 5-aminoimidazole ribonucleotide biosynthesis|g__Barnesiella.s__Barnesiella_viscericola	0	0	4.86333	0	0	0
PWY-6277: superpathway of 5-aminoimidazole ribonucleotide biosynthesis|g__Bifidobacterium.s__Bifidobacterium_adolescentis	0	1.61601	0	0	0	14.2254
PWY-6277: superpathway of 5-aminoimidazole ribonucleotide biosynthesis|g__Bifidobacterium.s__Bifidobacterium_longum	2.74648	0.351614	11.8529	1.9105	1.68663	17.7466
PWY-6277: superpathway of 5-aminoimidazole ribonucleotide biosynthesis|g__Bifidobacterium.s__Bifidobacterium_longum_CAG_69	3.29395	0.190775	6.55154	1.68308	2.18859	8.3301
PWY-6277: superpathway of 5-aminoimidazole ribonucleotide biosynthesis|g__Bifidobacterium.s__Bifidobacterium_pseudocatenulatum	0	0	10.0348	1.28179	0	12.2134
PWY-6277: superpathway of 5-aminoimidazole ribonucleotide biosynthesis|g__Bilophila.s__Bilophila_wadsworthia	0	0	0	0	2.23982	0
PWY-6277: superpathway of 5-aminoimidazole ribonucleotide biosynthesis|g__Blautia.s__Blautia_obeum	24.725	53.9061	15.4539	0	14.2442	11.6204
PWY-6277: superpathway of 5-aminoimidazole ribonucleotide biosynthesis|g__Blautia.s__Blautia_wexlerae	5.69958	0	0	10.6619	0	2.34928
PWY-6277: superpathway of 5-aminoimidazole ribonucleotide biosynthesis|g__Blautia.s__Ruminococcus_torques	0	19.4441	28.6436	28.1091	10.6344	6.77891
PWY-6277: superpathway of 5-aminoimidazole ribonucleotide biosynthesis|g__Butyricimonas.s__Butyricimonas_virosa	0	0.65914	0	0.645596	0	0
PWY-6277: superpathway of 5-aminoimidazole ribonucleotide biosynthesis|g__Butyrivibrio.s__Butyrivibrio_crossotus	0	0	11.127	0	0	0
PWY-6277: superpathway of 5-aminoimidazole ribonucleotide biosynthesis|g__Butyrivibrio.s__Butyrivibrio_crossotus_CAG_259	0	0	10.1307	0	0	0
PWY-6277: superpathway of 5-aminoimidazole ribonucleotide biosynthesis|g__Butyrivibrio.s__Butyrivibrio_sp_CAG_318	0	2.56063	0	0	0	0
PWY-6277: superpathway of 5-aminoimidazole ribonucleotide biosynthesis|g__Clostridium.s__Clostridium_sp_CAG_167	0	0	1.45009	0	0	0
PWY-6277: superpathway of 5-aminoimidazole ribonucleotide biosynthesis|g__Clostridium.s__Clostridium_sp_CAG_253	0	0	0	0.332324	0	0
PWY-6277: superpathway of 5-aminoimidazole ribonucleotide biosynthesis|g__Clostridium.s__Clostridium_sp_CAG_411	0	0	0.278041	0	0	0
PWY-6277: superpathway of 5-aminoimidazole ribonucleotide biosynthesis|g__Clostridium.s__Clostridium_sp_CAG_58	0	0.789499	0	0	0	0
PWY-6277: superpathway of 5-aminoimidazole ribonucleotide biosynthesis|g__Clostridium.s__Clostridium_sp_CAG_632	0	0	7.11016	0	0	0
PWY-6277: superpathway of 5-aminoimidazole ribonucleotide biosynthesis|g__Coprococcus.s__Coprococcus_catus	0.745927	3.4892	2.57069	1.88759	2.36531	2.78446
PWY-6277: superpathway of 5-aminoimidazole ribonucleotide biosynthesis|g__Coprococcus.s__Coprococcus_comes	1.29219	1.55124	2.76889	3.70886	1.05889	1.32089
PWY-6277: superpathway of 5-aminoimidazole ribonucleotide biosynthesis|g__Coprococcus.s__Coprococcus_comes_CAG_19	1.06284	1.28453	2.64013	3.53812	0.846192	1.2481
PWY-6277: superpathway of 5-aminoimidazole ribonucleotide biosynthesis|g__Coprococcus.s__Coprococcus_eutactus	0	0	0	7.7322	3.1784	4.65092
PWY-6277: superpathway of 5-aminoimidazole ribonucleotide biosynthesis|g__Coprococcus.s__Coprococcus_eutactus_CAG_665	0	0	0	0	0.0941172	0.203031
PWY-6277: superpathway of 5-aminoimidazole ribonucleotide biosynthesis|g__Desulfovibrio.s__Desulfovibrio_piger	0	7.08589	0	4.07037	0	0
PWY-6277: superpathway of 5-aminoimidazole ribonucleotide biosynthesis|g__Dialister.s__Dialister_invisus	0	0	0	0	21.244	0
PWY-6277: superpathway of 5-aminoimidazole ribonucleotide biosynthesis|g__Dialister.s__Dialister_invisus_CAG_218	0	0	0	0	9.33948	0
PWY-6277: superpathway of 5-aminoimidazole ribonucleotide biosynthesis|g__Dialister.s__Dialister_sp_CAG_357	0	0	0	0	0	11.0047
PWY-6277: superpathway of 5-aminoimidazole ribonucleotide biosynthesis|g__Dialister.s__Dialister_succinatiphilus	0	0	0	6.13497	0	0
PWY-6277: superpathway of 5-aminoimidazole ribonucleotide biosynthesis|g__Dorea.s__Dorea_formicigenerans	0.427499	2.63683	0.20326	0	0.393738	0.297796
PWY-6277: superpathway of 5-aminoimidazole ribonucleotide biosynthesis|g__Dorea.s__Dorea_formicigenerans_CAG_28	0.164819	0.922578	0.0826533	0	0.0883608	0.202766
PWY-6277: superpathway of 5-aminoimidazole ribonucleotide biosynthesis|g__Dorea.s__Dorea_longicatena	0	9.30253	0.765246	0.682977	1.11386	2.02687
PWY-6277: superpathway of 5-aminoimidazole ribonucleotide biosynthesis|g__Dorea.s__Dorea_longicatena_CAG_42	0	12.8772	0.422825	0.487392	0.803882	2.12269
PWY-6277: superpathway of 5-aminoimidazole ribonucleotide biosynthesis|g__Dorea.s__Dorea_sp_CAG_317	0	1.66826	0	0	0	0
PWY-6277: superpathway of 5-aminoimidazole ribonucleotide biosynthesis|g__Eggerthella.s__Eggerthella_lenta	0.486276	0	0	0	0.839284	0
PWY-6277: superpathway of 5-aminoimidazole ribonucleotide biosynthesis|g__Escherichia.s__Escherichia_coli	0	0	0	27.2807	0	0
PWY-6277: superpathway of 5-aminoimidazole ribonucleotide biosynthesis|g__Eubacterium.s__Eubacterium_eligens	5.01819	0	0.289568	1.98454	0.206943	0.198796
PWY-6277: superpathway of 5-aminoimidazole ribonucleotide biosynthesis|g__Eubacterium.s__Eubacterium_eligens_CAG_72	5.14998	0	0.217879	2.19122	0.28782	0.203296
PWY-6277: superpathway of 5-aminoimidazole ribonucleotide biosynthesis|g__Eubacterium.s__Eubacterium_hallii	2.07963	2.77644	2.18385	0.287226	1.17459	1.79313
PWY-6277: superpathway of 5-aminoimidazole ribonucleotide biosynthesis|g__Eubacterium.s__Eubacterium_hallii_CAG_12	2.33685	0.492042	3.68426	0.930411	1.4463	4.37377
PWY-6277: superpathway of 5-aminoimidazole ribonucleotide biosynthesis|g__Eubacterium.s__Eubacterium_ramulus	1.10586	0	1.39892	3.88274	0.657957	1.31004
PWY-6277: superpathway of 5-aminoimidazole ribonucleotide biosynthesis|g__Eubacterium.s__Eubacterium_sp_CAG_180	0	0	0	20.8216	0	0
PWY-6277: superpathway of 5-aminoimidazole ribonucleotide biosynthesis|g__Eubacterium.s__Eubacterium_sp_CAG_38	0.98043	0.462378	2.06155	0	0	0.250414
PWY-6277: superpathway of 5-aminoimidazole ribonucleotide biosynthesis|g__Eubacterium.s__Eubacterium_ventriosum	0	0	0.904126	0.687559	0	0
PWY-6277: superpathway of 5-aminoimidazole ribonucleotide biosynthesis|g__Faecalibacterium.s__Faecalibacterium_prausnitzii	87.3831	98.4775	38.3264	5.86197	8.41845	11.4809
PWY-6277: superpathway of 5-aminoimidazole ribonucleotide biosynthesis|g__Faecalitalea.s__Faecalitalea_cylindroides	0	2.0011	0	0	0	0
PWY-6277: superpathway of 5-aminoimidazole ribonucleotide biosynthesis|g__Firmicutes_unclassified.s__Firmicutes_bacterium_CAG_110	0	1.42442	13.6541	3.91892	0	4.7883
PWY-6277: superpathway of 5-aminoimidazole ribonucleotide biosynthesis|g__Firmicutes_unclassified.s__Firmicutes_bacterium_CAG_94	0	2.24467	0.328645	0	0	0
PWY-6277: superpathway of 5-aminoimidazole ribonucleotide biosynthesis|g__Firmicutes_unclassified.s__Firmicutes_bacterium_CAG_95	0	2.46565	0	4.35398	0	0
PWY-6277: superpathway of 5-aminoimidazole ribonucleotide biosynthesis|g__Flavonifractor.s__Flavonifractor_plautii	0	0.793853	0	0	0	0
PWY-6277: superpathway of 5-aminoimidazole ribonucleotide biosynthesis|g__Fusicatenibacter.s__Fusicatenibacter_saccharivorans	5.25693	13.4147	4.26845	26.1065	9.88432	1.12845
PWY-6277: superpathway of 5-aminoimidazole ribonucleotide biosynthesis|g__Gemmiger.s__Gemmiger_formicilis	13.6309	11.7712	5.98787	9.76907	3.96271	3.57753
PWY-6277: superpathway of 5-aminoimidazole ribonucleotide biosynthesis|g__Intestinibacter.s__Intestinibacter_bartlettii	0	0	0	0.690935	0	0
PWY-6277: superpathway of 5-aminoimidazole ribonucleotide biosynthesis|g__Lachnospira.s__Lachnospira_pectinoschiza	0	0	3.08544	0	0	0.779036
PWY-6277: superpathway of 5-aminoimidazole ribonucleotide biosynthesis|g__Lachnospiraceae_unclassified.s__Eubacterium_rectale	70.561	0	0	5.11027	1.16049	0
PWY-6277: superpathway of 5-aminoimidazole ribonucleotide biosynthesis|g__Lawsonibacter.s__Lawsonibacter_asaccharolyticus	0	1.66119	0	0	0	0
PWY-6277: superpathway of 5-aminoimidazole ribonucleotide biosynthesis|g__Megamonas.s__Megamonas_funiformis	0	8.47411	0	0	0	0
PWY-6277: superpathway of 5-aminoimidazole ribonucleotide biosynthesis|g__Megamonas.s__Megamonas_hypermegale	0	6.66978	0	0	0	0
PWY-6277: superpathway of 5-aminoimidazole ribonucleotide biosynthesis|g__Methanobrevibacter.s__Methanobrevibacter_smithii	0	0.896452	2.56647	0	4.45517	3.0002
PWY-6277: superpathway of 5-aminoimidazole ribonucleotide biosynthesis|g__Methanobrevibacter.s__Methanobrevibacter_smithii_CAG_186	0	0.571781	2.74049	0	4.98965	3.21753
PWY-6277: superpathway of 5-aminoimidazole ribonucleotide biosynthesis|g__Monoglobus.s__Monoglobus_pectinilyticus	0	0	0	0	0	1.56522
PWY-6277: superpathway of 5-aminoimidazole ribonucleotide biosynthesis|g__Odoribacter.s__Odoribacter_laneus	0	0	1.19341	0	0	0
PWY-6277: superpathway of 5-aminoimidazole ribonucleotide biosynthesis|g__Odoribacter.s__Odoribacter_laneus_CAG_561	0	0	0.813601	0	0	0
PWY-6277: superpathway of 5-aminoimidazole ribonucleotide biosynthesis|g__Oxalobacter.s__Oxalobacter_formigenes	0	0	0	1.11948	0	0
PWY-6277: superpathway of 5-aminoimidazole ribonucleotide biosynthesis|g__Parabacteroides.s__Parabacteroides_distasonis	4.32801	1.50388	5.83493	0.430237	15.7881	3.8298
PWY-6277: superpathway of 5-aminoimidazole ribonucleotide biosynthesis|g__Parabacteroides.s__Parabacteroides_goldsteinii	0	0	0.502386	0	0	0
PWY-6277: superpathway of 5-aminoimidazole ribonucleotide biosynthesis|g__Parabacteroides.s__Parabacteroides_merdae	1.61335	0.704589	3.50574	0.918111	0	0
PWY-6277: superpathway of 5-aminoimidazole ribonucleotide biosynthesis|g__Parabacteroides.s__Parabacteroides_sp_CAG_409	0	3.48648	0	0	0	0
PWY-6277: superpathway of 5-aminoimidazole ribonucleotide biosynthesis|g__Paraprevotella.s__Paraprevotella_clara	0	1.91945	0	0	0	0
PWY-6277: superpathway of 5-aminoimidazole ribonucleotide biosynthesis|g__Paraprevotella.s__Paraprevotella_xylaniphila	2.33291	0	0	0	3.41096	0
PWY-6277: superpathway of 5-aminoimidazole ribonucleotide biosynthesis|g__Parasutterella.s__Parasutterella_excrementihominis	0	0	0	0	2.93778	1.06016
PWY-6277: superpathway of 5-aminoimidazole ribonucleotide biosynthesis|g__Phascolarctobacterium.s__Phascolarctobacterium_faecium	7.39806	0	0	0	0	0
PWY-6277: superpathway of 5-aminoimidazole ribonucleotide biosynthesis|g__Prevotella.s__Prevotella_copri	0	5.43995	0	0	0	0
PWY-6277: superpathway of 5-aminoimidazole ribonucleotide biosynthesis|g__Prevotella.s__Prevotella_copri_CAG_164	0	7.02439	0	0	0	0
PWY-6277: superpathway of 5-aminoimidazole ribonucleotide biosynthesis|g__Prevotella.s__Prevotella_sp_CAG_279	0	4.07867	0	0	0	66.1693
PWY-6277: superpathway of 5-aminoimidazole ribonucleotide biosynthesis|g__Roseburia.s__Roseburia_faecis	0	0.877946	14.2228	0	0	15.7041
PWY-6277: superpathway of 5-aminoimidazole ribonucleotide biosynthesis|g__Roseburia.s__Roseburia_hominis	0	5.98506	0	3.45516	1.80319	0.806301
PWY-6277: superpathway of 5-aminoimidazole ribonucleotide biosynthesis|g__Roseburia.s__Roseburia_intestinalis	0	0.286027	0.388808	0.342935	0	0.902654
PWY-6277: superpathway of 5-aminoimidazole ribonucleotide biosynthesis|g__Roseburia.s__Roseburia_intestinalis_CAG_13	0	0.298817	0.304468	0.267451	0	0.751506
PWY-6277: superpathway of 5-aminoimidazole ribonucleotide biosynthesis|g__Roseburia.s__Roseburia_inulinivorans	0.499304	2.45041	0.329208	0.848174	0	2.60976
PWY-6277: superpathway of 5-aminoimidazole ribonucleotide biosynthesis|g__Roseburia.s__Roseburia_inulinivorans_CAG_15	0.162395	0.687443	0.0700023	1.50848	0	1.69678
PWY-6277: superpathway of 5-aminoimidazole ribonucleotide biosynthesis|g__Roseburia.s__Roseburia_sp_CAG_471	7.49562	0	0	0	0.238891	2.0851
PWY-6277: superpathway of 5-aminoimidazole ribonucleotide biosynthesis|g__Ruminococcaceae_unclassified.s__Eubacterium_siraeum	0	0	4.72586	2.52957	1.10955	19.8155
PWY-6277: superpathway of 5-aminoimidazole ribonucleotide biosynthesis|g__Ruminococcus.s__Ruminococcus_bicirculans	6.02225	2.46865	0	2.94268	0	0.96989
PWY-6277: superpathway of 5-aminoimidazole ribonucleotide biosynthesis|g__Ruminococcus.s__Ruminococcus_bromii	0	75.305	33.5491	17.6691	17.7559	36.1371
PWY-6277: superpathway of 5-aminoimidazole ribonucleotide biosynthesis|g__Ruminococcus.s__Ruminococcus_callidus	0	0	0	3.85452	0	0
PWY-6277: superpathway of 5-aminoimidazole ribonucleotide biosynthesis|g__Ruminococcus.s__Ruminococcus_lactaris	0	0	2.05874	9.86313	0.5955	0.331414
PWY-6277: superpathway of 5-aminoimidazole ribonucleotide biosynthesis|g__Ruthenibacterium.s__Ruthenibacterium_lactatiformans	0	0.612603	0	0.649214	0.348263	0
PWY-6277: superpathway of 5-aminoimidazole ribonucleotide biosynthesis|g__Streptococcus.s__Streptococcus_salivarius	0	0	0	0.444465	0	0
PWY-6277: superpathway of 5-aminoimidazole ribonucleotide biosynthesis|g__Streptococcus.s__Streptococcus_salivarius_CAG_79	0	0	0	0.294702	0	0
PWY-6277: superpathway of 5-aminoimidazole ribonucleotide biosynthesis|g__Streptococcus.s__Streptococcus_thermophilus	0	0	0	0.354993	0	0
PWY-6277: superpathway of 5-aminoimidazole ribonucleotide biosynthesis|unclassified	106.812	270.29	216.098	185.141	152.025	165.685
PWY-6281: L-selenocysteine biosynthesis II (archaea and eukaryotes)	0	0	0.746691	0	0	0
PWY-6282: palmitoleate biosynthesis I (from (5Z)-dodec-5-enoate)	61.6874	18.1136	51.6904	155.929	108.354	69.4935
PWY-6282: palmitoleate biosynthesis I (from (5Z)-dodec-5-enoate)|g__Alistipes.s__Alistipes_finegoldii	4.14501	0	1.43322	14.7243	47.4394	0
PWY-6282: palmitoleate biosynthesis I (from (5Z)-dodec-5-enoate)|g__Bacteroides.s__Bacteroides_cellulosilyticus	4.45375	0	0	6.34261	0	4.90292
PWY-6282: palmitoleate biosynthesis I (from (5Z)-dodec-5-enoate)|g__Bacteroides.s__Bacteroides_vulgatus	0	4.1761	6.94597	0	0	0
PWY-6282: palmitoleate biosynthesis I (from (5Z)-dodec-5-enoate)|g__Bifidobacterium.s__Bifidobacterium_longum	4.83731	0	11.0685	2.27779	3.13321	14.6312
PWY-6282: palmitoleate biosynthesis I (from (5Z)-dodec-5-enoate)|g__Escherichia.s__Escherichia_coli	0	0	0	23.5593	0	0
PWY-6282: palmitoleate biosynthesis I (from (5Z)-dodec-5-enoate)|unclassified	0	5.08997	0	7.98808	2.61542	0.512475
PWY-6284: superpathway of unsaturated fatty acids biosynthesis (E. coli)	0	20.0659	16.2015	64.1836	6.00105	3.96374
PWY-6284: superpathway of unsaturated fatty acids biosynthesis (E. coli)|g__Escherichia.s__Escherichia_coli	0	0	0	16.5089	0	0
PWY-6284: superpathway of unsaturated fatty acids biosynthesis (E. coli)|unclassified	0	0	0	1.45108	1.12365	0
PWY-6285: superpathway of fatty acids biosynthesis (E. coli)	0	0	0	75.5902	3.14904	0
PWY-6285: superpathway of fatty acids biosynthesis (E. coli)|g__Escherichia.s__Escherichia_coli	0	0	0	19.7844	0	0
PWY-6285: superpathway of fatty acids biosynthesis (E. coli)|unclassified	0	0	0	2.49388	1.42932	0
PWY-6305: putrescine biosynthesis IV	244.36	276.036	136.592	132.323	143.431	76.1035
PWY-6305: putrescine biosynthesis IV|g__Blautia.s__Blautia_obeum	18.2361	39.761	15.6569	0	4.37199	5.30581
PWY-6305: putrescine biosynthesis IV|g__Blautia.s__Ruminococcus_torques	0	16.5054	2.7284	9.98298	8.51516	6.44061
PWY-6305: putrescine biosynthesis IV|g__Butyricimonas.s__Butyricimonas_virosa	0	0.591376	0	0.656207	0	0
PWY-6305: putrescine biosynthesis IV|g__Escherichia.s__Escherichia_coli	0	0	0	42.4909	0	0
PWY-6305: putrescine biosynthesis IV|g__Faecalibacterium.s__Faecalibacterium_prausnitzii	79.7514	107.683	38.1119	5.7467	8.51401	13.2042
PWY-6305: putrescine biosynthesis IV|g__Ruminococcus.s__Ruminococcus_bicirculans	8.30366	4.32006	0	3.45877	0	2.16663
PWY-6305: putrescine biosynthesis IV|unclassified	37.4824	48.2985	28.2776	34.4546	22.8728	13.8474
PWY-6317: galactose degradation I (Leloir pathway)	305.277	347.914	288.091	280.279	167.207	226.018
PWY-6317: galactose degradation I (Leloir pathway)|g__Anaerostipes.s__Anaerostipes_hadrus	16.5064	0	6.85882	15.0342	6.38414	11.3591
PWY-6317: galactose degradation I (Leloir pathway)|g__Blautia.s__Blautia_obeum	10.5881	43.5664	7.12506	0	10.9605	6.01152
PWY-6317: galactose degradation I (Leloir pathway)|g__Blautia.s__Blautia_wexlerae	6.37976	0	0	8.91294	0	3.51082
PWY-6317: galactose degradation I (Leloir pathway)|g__Blautia.s__Ruminococcus_torques	0	20.1419	12.4517	19.9192	9.90764	7.26279
PWY-6317: galactose degradation I (Leloir pathway)|g__Coprococcus.s__Coprococcus_comes	0.897717	0.748132	2.02754	2.50401	0.722429	0.794653
PWY-6317: galactose degradation I (Leloir pathway)|g__Coprococcus.s__Coprococcus_comes_CAG_19	0.672606	0.807188	1.75146	2.64509	0.796111	1.01251
PWY-6317: galactose degradation I (Leloir pathway)|g__Coprococcus.s__Coprococcus_eutactus	0	0	0	7.48453	3.13321	4.17471
PWY-6317: galactose degradation I (Leloir pathway)|g__Dorea.s__Dorea_longicatena_CAG_42	0	16.2028	0.742756	0.54913	1.31217	2.34611
PWY-6317: galactose degradation I (Leloir pathway)|g__Escherichia.s__Escherichia_coli	0	0	0	15.3544	0	0
PWY-6317: galactose degradation I (Leloir pathway)|g__Eubacterium.s__Eubacterium_eligens	0	0	0.174022	0	0.169526	0
PWY-6317: galactose degradation I (Leloir pathway)|g__Eubacterium.s__Eubacterium_hallii	1.42247	0	1.97215	0.464482	0.528438	2.15102
PWY-6317: galactose degradation I (Leloir pathway)|g__Eubacterium.s__Eubacterium_hallii_CAG_12	2.00419	0	3.81077	0.769313	1.32426	2.91814
PWY-6317: galactose degradation I (Leloir pathway)|g__Faecalibacterium.s__Faecalibacterium_prausnitzii	47.885	16.7106	18.9408	5.19853	6.90308	5.40137
PWY-6317: galactose degradation I (Leloir pathway)|g__Roseburia.s__Roseburia_intestinalis	0	0.592192	0.586726	0.440366	0	1.74151
PWY-6317: galactose degradation I (Leloir pathway)|g__Roseburia.s__Roseburia_intestinalis_CAG_13	0	0.342633	0.362663	0.368016	0	0.846536
PWY-6317: galactose degradation I (Leloir pathway)|g__Roseburia.s__Roseburia_inulinivorans	0.753804	2.88775	0.136631	1.31772	0	3.14235
PWY-6317: galactose degradation I (Leloir pathway)|g__Roseburia.s__Roseburia_inulinivorans_CAG_15	0.920744	1.21568	0.118638	1.13685	0	1.47098
PWY-6317: galactose degradation I (Leloir pathway)|g__Ruminococcaceae_unclassified.s__Eubacterium_siraeum	0	0	4.16415	2.02192	0.874686	18.0428
PWY-6317: galactose degradation I (Leloir pathway)|g__Streptococcus.s__Streptococcus_salivarius	0	0	0	0.206436	0	0
PWY-6317: galactose degradation I (Leloir pathway)|g__Streptococcus.s__Streptococcus_thermophilus	0	0	0	0.307002	0	0
PWY-6317: galactose degradation I (Leloir pathway)|g__Streptococcus.s__Streptococcus_thermophilus_CAG_236	0	0	0	0.252981	0	0
PWY-6317: galactose degradation I (Leloir pathway)|unclassified	73.438	90.6598	93.7826	59.8215	36.86	43.806
PWY-6318: L-phenylalanine degradation IV (mammalian, via side chain)	0	3.1599	0	0	0	0
PWY-6349: CDP-archaeol biosynthesis	0	2.40796	4.5673	0	9.45461	6.54226
PWY-6349: CDP-archaeol biosynthesis|g__Methanobrevibacter.s__Methanobrevibacter_smithii	0	0.44496	0.789424	0	2.62262	0.866654
PWY-6349: CDP-archaeol biosynthesis|g__Methanobrevibacter.s__Methanobrevibacter_smithii_CAG_186	0	0.225338	1.71379	0	4.63448	2.63252
PWY-6353: purine nucleotides degradation II (aerobic)	61.468	172.226	75.7186	177.31	93.1277	90.9417
PWY-6353: purine nucleotides degradation II (aerobic)|g__Anaerostipes.s__Anaerostipes_hadrus	0	0	0	15.1352	0.581397	7.73874
PWY-6353: purine nucleotides degradation II (aerobic)|g__Blautia.s__Ruminococcus_torques	0	19.4942	3.50405	12.849	2.40963	1.99272
PWY-6353: purine nucleotides degradation II (aerobic)|g__Escherichia.s__Escherichia_coli	0	0	0	32.6695	0	0
PWY-6353: purine nucleotides degradation II (aerobic)|g__Roseburia.s__Roseburia_intestinalis	0	0.388626	0.271294	0.269863	0	0.906095
PWY-6353: purine nucleotides degradation II (aerobic)|g__Roseburia.s__Roseburia_intestinalis_CAG_13	0	0.238129	0.165869	0.3398	0	0.7838
PWY-6353: purine nucleotides degradation II (aerobic)|unclassified	22.4887	35.6123	23.6445	26.5517	13.898	14.0076
PWY-6383: mono-trans, poly-cis decaprenyl phosphate biosynthesis	0.510514	0	0	0	0	0
PWY-6385: peptidoglycan biosynthesis III (mycobacteria)	553.357	684.314	556.024	561.119	638.023	557.945
PWY-6385: peptidoglycan biosynthesis III (mycobacteria)|g__Agathobaculum.s__Agathobaculum_butyriciproducens	1.8733	8.35383	1.91846	0	2.28558	2.28205
PWY-6385: peptidoglycan biosynthesis III (mycobacteria)|g__Alistipes.s__Alistipes_finegoldii	3.01097	0	2.22827	21.1424	40.5219	5.21554
PWY-6385: peptidoglycan biosynthesis III (mycobacteria)|g__Alistipes.s__Alistipes_indistinctus	0	0	0	1.98454	1.59596	0.808418
PWY-6385: peptidoglycan biosynthesis III (mycobacteria)|g__Alistipes.s__Alistipes_putredinis	0.712902	4.40933	3.71687	5.20553	30.6471	9.61658
PWY-6385: peptidoglycan biosynthesis III (mycobacteria)|g__Alistipes.s__Alistipes_putredinis_CAG_67	0.467492	3.00559	2.07336	2.05231	11.9868	8.04792
PWY-6385: peptidoglycan biosynthesis III (mycobacteria)|g__Alistipes.s__Alistipes_sp_An31A	0	1.33815	0	0	0	0
PWY-6385: peptidoglycan biosynthesis III (mycobacteria)|g__Anaerostipes.s__Anaerostipes_hadrus	13.2434	0	5.8726	13.5609	4.60253	10.2214
PWY-6385: peptidoglycan biosynthesis III (mycobacteria)|g__Bacteroides.s__Bacteroides_caccae	0.852574	0	0	1.22222	1.69008	0
PWY-6385: peptidoglycan biosynthesis III (mycobacteria)|g__Bacteroides.s__Bacteroides_cellulosilyticus	4.14895	0	0	5.31091	0	5.6539
PWY-6385: peptidoglycan biosynthesis III (mycobacteria)|g__Bacteroides.s__Bacteroides_clarus	0	0.643083	0	1.70165	2.30429	0
PWY-6385: peptidoglycan biosynthesis III (mycobacteria)|g__Bacteroides.s__Bacteroides_coprocola	47.3097	0	0	0	0	0
PWY-6385: peptidoglycan biosynthesis III (mycobacteria)|g__Bacteroides.s__Bacteroides_coprocola_CAG_162	22.738	0	0	0	0	0
PWY-6385: peptidoglycan biosynthesis III (mycobacteria)|g__Bacteroides.s__Bacteroides_dorei	0	1.15662	4.32271	4.65712	33.7069	22.4329
PWY-6385: peptidoglycan biosynthesis III (mycobacteria)|g__Bacteroides.s__Bacteroides_eggerthii	0	0	9.36991	3.7419	32.1006	0
PWY-6385: peptidoglycan biosynthesis III (mycobacteria)|g__Bacteroides.s__Bacteroides_faecis	0	0	0	0	1.77326	0
PWY-6385: peptidoglycan biosynthesis III (mycobacteria)|g__Bacteroides.s__Bacteroides_finegoldii	0	0	0	0.52839	0	0
PWY-6385: peptidoglycan biosynthesis III (mycobacteria)|g__Bacteroides.s__Bacteroides_fragilis	0	0	0	0	0	1.8466
PWY-6385: peptidoglycan biosynthesis III (mycobacteria)|g__Bacteroides.s__Bacteroides_fragilis_CAG_47	0	0	0	0	0	0.840448
PWY-6385: peptidoglycan biosynthesis III (mycobacteria)|g__Bacteroides.s__Bacteroides_massiliensis	8.83902	1.01973	6.54957	0	7.00353	0
PWY-6385: peptidoglycan biosynthesis III (mycobacteria)|g__Bacteroides.s__Bacteroides_ovatus	10.9335	0	0	3.21086	13.7267	1.95646
PWY-6385: peptidoglycan biosynthesis III (mycobacteria)|g__Bacteroides.s__Bacteroides_plebeius	0	1.61683	0	0.340524	0	0
PWY-6385: peptidoglycan biosynthesis III (mycobacteria)|g__Bacteroides.s__Bacteroides_plebeius_CAG_211	0	2.27243	0	0.981779	0	0
PWY-6385: peptidoglycan biosynthesis III (mycobacteria)|g__Bacteroides.s__Bacteroides_salyersiae	2.66588	0	1.60584	0.63595	0	0
PWY-6385: peptidoglycan biosynthesis III (mycobacteria)|g__Bacteroides.s__Bacteroides_sp_CAG_598	0	7.57086	0	0	0	0
PWY-6385: peptidoglycan biosynthesis III (mycobacteria)|g__Bacteroides.s__Bacteroides_stercoris	0	0	0.793922	1.25864	0	6.86705
PWY-6385: peptidoglycan biosynthesis III (mycobacteria)|g__Bacteroides.s__Bacteroides_thetaiotaomicron	4.63735	0	4.74947	0	0	2.03481
PWY-6385: peptidoglycan biosynthesis III (mycobacteria)|g__Bacteroides.s__Bacteroides_uniformis	3.686	2.8668	9.64851	3.25547	12.3331	10.726
PWY-6385: peptidoglycan biosynthesis III (mycobacteria)|g__Bacteroides.s__Bacteroides_uniformis_CAG_3	3.58693	2.09227	8.26196	3.64302	9.20219	8.14639
PWY-6385: peptidoglycan biosynthesis III (mycobacteria)|g__Bacteroides.s__Bacteroides_vulgatus	22.5872	5.82585	6.83605	2.18639	0	0
PWY-6385: peptidoglycan biosynthesis III (mycobacteria)|g__Bacteroides.s__Bacteroides_vulgatus_CAG_6	24.8646	5.27285	7.50683	2.44058	0	0
PWY-6385: peptidoglycan biosynthesis III (mycobacteria)|g__Bacteroides.s__Bacteroides_xylanisolvens	0	0	1.60021	0	1.30239	2.52293
PWY-6385: peptidoglycan biosynthesis III (mycobacteria)|g__Barnesiella.s__Barnesiella_viscericola	0	0	4.83578	0	0	0
PWY-6385: peptidoglycan biosynthesis III (mycobacteria)|g__Bifidobacterium.s__Bifidobacterium_adolescentis	0	1.91836	0	0	0	18.9205
PWY-6385: peptidoglycan biosynthesis III (mycobacteria)|g__Bifidobacterium.s__Bifidobacterium_pseudocatenulatum	0	0	9.81466	1.41202	0	8.88148
PWY-6385: peptidoglycan biosynthesis III (mycobacteria)|g__Bilophila.s__Bilophila_wadsworthia	0	0	0	0	2.71616	0
PWY-6385: peptidoglycan biosynthesis III (mycobacteria)|g__Blautia.s__Blautia_obeum	10.0134	48.7592	11.962	0	13.6611	7.91477
PWY-6385: peptidoglycan biosynthesis III (mycobacteria)|g__Blautia.s__Blautia_wexlerae	4.48162	0	0	8.41614	0	3.38641
PWY-6385: peptidoglycan biosynthesis III (mycobacteria)|g__Blautia.s__Ruminococcus_torques	0	19.9165	30.6661	28.269	10.3932	6.89008
PWY-6385: peptidoglycan biosynthesis III (mycobacteria)|g__Butyricimonas.s__Butyricimonas_virosa	0	0.455846	0	0.538037	0	0
PWY-6385: peptidoglycan biosynthesis III (mycobacteria)|g__Butyrivibrio.s__Butyrivibrio_crossotus	0	0	10.3733	0	0	0
PWY-6385: peptidoglycan biosynthesis III (mycobacteria)|g__Butyrivibrio.s__Butyrivibrio_crossotus_CAG_259	0	0	3.91704	0	0	0
PWY-6385: peptidoglycan biosynthesis III (mycobacteria)|g__Butyrivibrio.s__Butyrivibrio_sp_CAG_318	0	3.19256	0	0	0	0
PWY-6385: peptidoglycan biosynthesis III (mycobacteria)|g__Clostridium.s__Clostridium_sp_CAG_411	0	0	0.36688	0	0	0
PWY-6385: peptidoglycan biosynthesis III (mycobacteria)|g__Coprobacter.s__Coprobacter_fastidiosus	0	0	0	0	0	0.289855
PWY-6385: peptidoglycan biosynthesis III (mycobacteria)|g__Coprococcus.s__Coprococcus_comes	1.22917	0.895636	1.57294	2.62338	0.803306	0.498445
PWY-6385: peptidoglycan biosynthesis III (mycobacteria)|g__Desulfovibrio.s__Desulfovibrio_piger	0	4.82462	0	2.59372	0	0
PWY-6385: peptidoglycan biosynthesis III (mycobacteria)|g__Dialister.s__Dialister_invisus	0	0	0	0	11.851	0
PWY-6385: peptidoglycan biosynthesis III (mycobacteria)|g__Dialister.s__Dialister_invisus_CAG_218	0	0	0	0	8.67519	0
PWY-6385: peptidoglycan biosynthesis III (mycobacteria)|g__Dialister.s__Dialister_sp_CAG_357	0	0	0	0	0	8.6451
PWY-6385: peptidoglycan biosynthesis III (mycobacteria)|g__Dialister.s__Dialister_succinatiphilus	0	0	0	5.74477	0	0
PWY-6385: peptidoglycan biosynthesis III (mycobacteria)|g__Dorea.s__Dorea_formicigenerans	0	0.88094	0	0	0.103903	0
PWY-6385: peptidoglycan biosynthesis III (mycobacteria)|g__Dorea.s__Dorea_formicigenerans_CAG_28	0.331153	2.00981	0.149563	0	0.2245	0.331679
PWY-6385: peptidoglycan biosynthesis III (mycobacteria)|g__Dorea.s__Dorea_longicatena	0	0	0.499856	0.235617	0.615072	0.581563
PWY-6385: peptidoglycan biosynthesis III (mycobacteria)|g__Dorea.s__Dorea_longicatena_CAG_42	0	12.4779	0.931677	0.424208	1.01888	1.75819
PWY-6385: peptidoglycan biosynthesis III (mycobacteria)|g__Dorea.s__Dorea_sp_CAG_317	0	1.17676	0	0	0	0
PWY-6385: peptidoglycan biosynthesis III (mycobacteria)|g__Eggerthella.s__Eggerthella_lenta	0	0	0	0	0.615648	0
PWY-6385: peptidoglycan biosynthesis III (mycobacteria)|g__Escherichia.s__Escherichia_coli	0	0	0	26.8613	0	0
PWY-6385: peptidoglycan biosynthesis III (mycobacteria)|g__Eubacterium.s__Eubacterium_eligens	0	0	0	0.833704	0.252706	0.120707
PWY-6385: peptidoglycan biosynthesis III (mycobacteria)|g__Eubacterium.s__Eubacterium_eligens_CAG_72	3.5427	0	0.36688	1.24272	0.203777	0.15406
PWY-6385: peptidoglycan biosynthesis III (mycobacteria)|g__Eubacterium.s__Eubacterium_hallii	1.43398	0	0	0	0.465118	0
PWY-6385: peptidoglycan biosynthesis III (mycobacteria)|g__Eubacterium.s__Eubacterium_hallii_CAG_12	1.22705	0	3.9727	0.424449	1.24799	2.59917
PWY-6385: peptidoglycan biosynthesis III (mycobacteria)|g__Eubacterium.s__Eubacterium_ramulus	0.759258	0	1.04413	3.25017	0	1.09271
PWY-6385: peptidoglycan biosynthesis III (mycobacteria)|g__Eubacterium.s__Eubacterium_sp_CAG_38	0.968917	0.450131	2.16417	0	0	0
PWY-6385: peptidoglycan biosynthesis III (mycobacteria)|g__Eubacterium.s__Eubacterium_ventriosum	0	0	0.51082	0.48474	0	0
PWY-6385: peptidoglycan biosynthesis III (mycobacteria)|g__Faecalibacterium.s__Faecalibacterium_prausnitzii	0	0	10.1793	3.1824	5.25704	5.96996
PWY-6385: peptidoglycan biosynthesis III (mycobacteria)|g__Firmicutes_unclassified.s__Firmicutes_bacterium_CAG_83	0	0.542661	0	1.53839	0	0
PWY-6385: peptidoglycan biosynthesis III (mycobacteria)|g__Firmicutes_unclassified.s__Firmicutes_bacterium_CAG_95	0	2.27488	0	4.401	0	0
PWY-6385: peptidoglycan biosynthesis III (mycobacteria)|g__Flavonifractor.s__Flavonifractor_plautii	0	0.650704	0	0	0	0
PWY-6385: peptidoglycan biosynthesis III (mycobacteria)|g__Fusicatenibacter.s__Fusicatenibacter_saccharivorans	6.65396	15.8942	4.61762	31.4948	11.4587	1.55225
PWY-6385: peptidoglycan biosynthesis III (mycobacteria)|g__Intestinibacter.s__Intestinibacter_bartlettii	0	0	0	0.457247	0	0
PWY-6385: peptidoglycan biosynthesis III (mycobacteria)|g__Lachnospira.s__Lachnospira_pectinoschiza	0	0	3.54707	0	0	0.82986
PWY-6385: peptidoglycan biosynthesis III (mycobacteria)|g__Lachnospiraceae_unclassified.s__Eubacterium_rectale	72.0834	0	0	4.29248	1.46644	0
PWY-6385: peptidoglycan biosynthesis III (mycobacteria)|g__Lawsonibacter.s__Lawsonibacter_asaccharolyticus	0	1.53055	0	0	0	0
PWY-6385: peptidoglycan biosynthesis III (mycobacteria)|g__Megamonas.s__Megamonas_funiformis	0	6.49561	0	0	0	0
PWY-6385: peptidoglycan biosynthesis III (mycobacteria)|g__Megamonas.s__Megamonas_hypermegale	0	6.1674	0	0	0	0
PWY-6385: peptidoglycan biosynthesis III (mycobacteria)|g__Monoglobus.s__Monoglobus_pectinilyticus	0	0	0	0	0	1.80531
PWY-6385: peptidoglycan biosynthesis III (mycobacteria)|g__Odoribacter.s__Odoribacter_laneus	0	0	1.19116	0	0	0
PWY-6385: peptidoglycan biosynthesis III (mycobacteria)|g__Odoribacter.s__Odoribacter_laneus_CAG_561	0	0	1.00196	0	0	0
PWY-6385: peptidoglycan biosynthesis III (mycobacteria)|g__Oscillibacter.s__Oscillibacter_sp_CAG_241	0	1.66064	1.4678	0	0	0
PWY-6385: peptidoglycan biosynthesis III (mycobacteria)|g__Oxalobacter.s__Oxalobacter_formigenes	0	0	0	1.40912	0	0
PWY-6385: peptidoglycan biosynthesis III (mycobacteria)|g__Parabacteroides.s__Parabacteroides_distasonis	4.57191	1.39693	5.2409	0.581688	14.8918	3.99603
PWY-6385: peptidoglycan biosynthesis III (mycobacteria)|g__Parabacteroides.s__Parabacteroides_goldsteinii	0	0	0.949108	0	0	0
PWY-6385: peptidoglycan biosynthesis III (mycobacteria)|g__Parabacteroides.s__Parabacteroides_merdae	1.65243	0.657235	3.07026	0.804282	0	0
PWY-6385: peptidoglycan biosynthesis III (mycobacteria)|g__Parabacteroides.s__Parabacteroides_sp_CAG_409	0	3.52594	0	0	0	0
PWY-6385: peptidoglycan biosynthesis III (mycobacteria)|g__Paraprevotella.s__Paraprevotella_clara	0	2.11322	0	0	0	0
PWY-6385: peptidoglycan biosynthesis III (mycobacteria)|g__Paraprevotella.s__Paraprevotella_clara_CAG_116	0	1.77467	0	0	0	0
PWY-6385: peptidoglycan biosynthesis III (mycobacteria)|g__Paraprevotella.s__Paraprevotella_xylaniphila	2.52046	0	0	0	3.35714	0
PWY-6385: peptidoglycan biosynthesis III (mycobacteria)|g__Parasutterella.s__Parasutterella_excrementihominis	0	0	0	0	3.29238	1.14195
PWY-6385: peptidoglycan biosynthesis III (mycobacteria)|g__Phascolarctobacterium.s__Phascolarctobacterium_faecium	7.52744	0	0	0	0	0
PWY-6385: peptidoglycan biosynthesis III (mycobacteria)|g__Phascolarctobacterium.s__Phascolarctobacterium_sp_CAG_266	0	18.647	5.92574	0	0	0
PWY-6385: peptidoglycan biosynthesis III (mycobacteria)|g__Prevotella.s__Prevotella_copri	0	3.28454	0	0	0	0
PWY-6385: peptidoglycan biosynthesis III (mycobacteria)|g__Prevotella.s__Prevotella_copri_CAG_164	0	7.06739	0	0	0	0
PWY-6385: peptidoglycan biosynthesis III (mycobacteria)|g__Roseburia.s__Roseburia_faecis	0	1.05947	14.868	0	0	17.4818
PWY-6385: peptidoglycan biosynthesis III (mycobacteria)|g__Roseburia.s__Roseburia_hominis	0	7.74422	0	3.43683	2.20269	0.776918
PWY-6385: peptidoglycan biosynthesis III (mycobacteria)|g__Roseburia.s__Roseburia_inulinivorans	0.447495	1.68949	0.157997	0.92824	0	2.15499
PWY-6385: peptidoglycan biosynthesis III (mycobacteria)|g__Roseburia.s__Roseburia_sp_CAG_471	6.77151	0	0	0	0.488431	1.58189
PWY-6385: peptidoglycan biosynthesis III (mycobacteria)|g__Ruminococcus.s__Ruminococcus_bicirculans	6.7191	2.34836	0	3.11753	0	1.2211
PWY-6385: peptidoglycan biosynthesis III (mycobacteria)|g__Ruminococcus.s__Ruminococcus_callidus	0	0	0	4.31515	0	0
PWY-6385: peptidoglycan biosynthesis III (mycobacteria)|g__Ruminococcus.s__Ruminococcus_lactaris	0	0	2.27606	10.2345	0.552903	0
PWY-6385: peptidoglycan biosynthesis III (mycobacteria)|g__Ruthenibacterium.s__Ruthenibacterium_lactatiformans	0	0.431625	0	0.495833	0.593773	0
PWY-6385: peptidoglycan biosynthesis III (mycobacteria)|g__Streptococcus.s__Streptococcus_salivarius	0	0	0	0.227659	0	0
PWY-6385: peptidoglycan biosynthesis III (mycobacteria)|g__Streptococcus.s__Streptococcus_thermophilus	0	0	0	0.176773	0	0
PWY-6385: peptidoglycan biosynthesis III (mycobacteria)|unclassified	124.923	245.113	219.381	212.148	236.749	186.242
PWY-6386: UDP-N-acetylmuramoyl-pentapeptide biosynthesis II (lysine-containing)	595.236	770.389	597.521	577.094	657.577	581.573
PWY-6386: UDP-N-acetylmuramoyl-pentapeptide biosynthesis II (lysine-containing)|g__Alistipes.s__Alistipes_finegoldii	3.32667	0	2.28562	24.2961	43.9228	10.07
PWY-6386: UDP-N-acetylmuramoyl-pentapeptide biosynthesis II (lysine-containing)|g__Alistipes.s__Alistipes_indistinctus	0	0	0	1.80487	1.55999	0.869566
PWY-6386: UDP-N-acetylmuramoyl-pentapeptide biosynthesis II (lysine-containing)|g__Alistipes.s__Alistipes_putredinis	0.716841	6.12603	3.4079	4.93952	29.383	9.04798
PWY-6386: UDP-N-acetylmuramoyl-pentapeptide biosynthesis II (lysine-containing)|g__Alistipes.s__Alistipes_putredinis_CAG_67	0.485367	2.90844	3.59233	2.71792	16.573	9.56019
PWY-6386: UDP-N-acetylmuramoyl-pentapeptide biosynthesis II (lysine-containing)|g__Alistipes.s__Alistipes_sp_An31A	0	1.37979	0	0	0	0
PWY-6386: UDP-N-acetylmuramoyl-pentapeptide biosynthesis II (lysine-containing)|g__Anaerostipes.s__Anaerostipes_hadrus	14.4192	0	6.08542	14.9242	4.939	10.9991
PWY-6386: UDP-N-acetylmuramoyl-pentapeptide biosynthesis II (lysine-containing)|g__Bacteroides.s__Bacteroides_caccae	0.586561	0	0	1.16796	1.67396	0
PWY-6386: UDP-N-acetylmuramoyl-pentapeptide biosynthesis II (lysine-containing)|g__Bacteroides.s__Bacteroides_cellulosilyticus	3.89839	0	0	4.78469	0	5.16842
PWY-6386: UDP-N-acetylmuramoyl-pentapeptide biosynthesis II (lysine-containing)|g__Bacteroides.s__Bacteroides_clarus	0	0.518168	0	1.59216	1.80463	0
PWY-6386: UDP-N-acetylmuramoyl-pentapeptide biosynthesis II (lysine-containing)|g__Bacteroides.s__Bacteroides_coprocola	46.2478	0	0	0	0	0
PWY-6386: UDP-N-acetylmuramoyl-pentapeptide biosynthesis II (lysine-containing)|g__Bacteroides.s__Bacteroides_coprocola_CAG_162	13.4058	0	0	0	0	0
PWY-6386: UDP-N-acetylmuramoyl-pentapeptide biosynthesis II (lysine-containing)|g__Bacteroides.s__Bacteroides_dorei	0	1.24643	4.49589	4.03106	33.6223	22.5748
PWY-6386: UDP-N-acetylmuramoyl-pentapeptide biosynthesis II (lysine-containing)|g__Bacteroides.s__Bacteroides_eggerthii	0	0	8.87877	3.37798	29.7551	0
PWY-6386: UDP-N-acetylmuramoyl-pentapeptide biosynthesis II (lysine-containing)|g__Bacteroides.s__Bacteroides_faecis	0	0	0	0	1.62964	0
PWY-6386: UDP-N-acetylmuramoyl-pentapeptide biosynthesis II (lysine-containing)|g__Bacteroides.s__Bacteroides_finegoldii	0	0	0	0.454835	0	0
PWY-6386: UDP-N-acetylmuramoyl-pentapeptide biosynthesis II (lysine-containing)|g__Bacteroides.s__Bacteroides_fragilis	0	0	0	0	0	1.93978
PWY-6386: UDP-N-acetylmuramoyl-pentapeptide biosynthesis II (lysine-containing)|g__Bacteroides.s__Bacteroides_fragilis_CAG_47	0	0	0	0	0	0.89736
PWY-6386: UDP-N-acetylmuramoyl-pentapeptide biosynthesis II (lysine-containing)|g__Bacteroides.s__Bacteroides_massiliensis	8.81387	0.858352	6.74159	0	6.85674	0
PWY-6386: UDP-N-acetylmuramoyl-pentapeptide biosynthesis II (lysine-containing)|g__Bacteroides.s__Bacteroides_ovatus	9.68371	0	0	2.59203	8.66109	2.05096
PWY-6386: UDP-N-acetylmuramoyl-pentapeptide biosynthesis II (lysine-containing)|g__Bacteroides.s__Bacteroides_plebeius	0	1.54498	0	0	0	0
PWY-6386: UDP-N-acetylmuramoyl-pentapeptide biosynthesis II (lysine-containing)|g__Bacteroides.s__Bacteroides_plebeius_CAG_211	0	1.70609	0	0.641979	0	0
PWY-6386: UDP-N-acetylmuramoyl-pentapeptide biosynthesis II (lysine-containing)|g__Bacteroides.s__Bacteroides_salyersiae	2.52439	0	1.55523	0.632573	0	0
PWY-6386: UDP-N-acetylmuramoyl-pentapeptide biosynthesis II (lysine-containing)|g__Bacteroides.s__Bacteroides_sp_CAG_598	0	7.36811	0	0	0	0
PWY-6386: UDP-N-acetylmuramoyl-pentapeptide biosynthesis II (lysine-containing)|g__Bacteroides.s__Bacteroides_stercoris	0	0	0.847337	1.16868	0	6.64391
PWY-6386: UDP-N-acetylmuramoyl-pentapeptide biosynthesis II (lysine-containing)|g__Bacteroides.s__Bacteroides_thetaiotaomicron	4.16804	0	4.45203	0	0	1.81351
PWY-6386: UDP-N-acetylmuramoyl-pentapeptide biosynthesis II (lysine-containing)|g__Bacteroides.s__Bacteroides_uniformis	0	1.56131	7.2257	1.82706	5.39001	5.75766
PWY-6386: UDP-N-acetylmuramoyl-pentapeptide biosynthesis II (lysine-containing)|g__Bacteroides.s__Bacteroides_uniformis_CAG_3	2.45804	1.278	6.68986	3.83885	8.02875	6.94753
PWY-6386: UDP-N-acetylmuramoyl-pentapeptide biosynthesis II (lysine-containing)|g__Bacteroides.s__Bacteroides_vulgatus	23.6309	5.46281	7.18719	2.38439	0	0
PWY-6386: UDP-N-acetylmuramoyl-pentapeptide biosynthesis II (lysine-containing)|g__Bacteroides.s__Bacteroides_vulgatus_CAG_6	22.8289	5.82585	7.2451	2.2503	0	0
PWY-6386: UDP-N-acetylmuramoyl-pentapeptide biosynthesis II (lysine-containing)|g__Bacteroides.s__Bacteroides_xylanisolvens	0	0	1.42928	0	1.20798	2.12508
PWY-6386: UDP-N-acetylmuramoyl-pentapeptide biosynthesis II (lysine-containing)|g__Bifidobacterium.s__Bifidobacterium_adolescentis	0	1.95674	0	0	0	18.9396
PWY-6386: UDP-N-acetylmuramoyl-pentapeptide biosynthesis II (lysine-containing)|g__Bifidobacterium.s__Bifidobacterium_longum	3.11035	0.113213	10.1641	1.2256	1.46644	13.0078
PWY-6386: UDP-N-acetylmuramoyl-pentapeptide biosynthesis II (lysine-containing)|g__Bifidobacterium.s__Bifidobacterium_longum_CAG_69	3.19821	0.0713025	5.16696	1.7646	2.18024	7.80041
PWY-6386: UDP-N-acetylmuramoyl-pentapeptide biosynthesis II (lysine-containing)|g__Bilophila.s__Bilophila_wadsworthia	0	0	0	0	2.65457	0
PWY-6386: UDP-N-acetylmuramoyl-pentapeptide biosynthesis II (lysine-containing)|g__Blautia.s__Blautia_obeum	10.1912	50.3608	12.4452	0	14.5634	7.94415
PWY-6386: UDP-N-acetylmuramoyl-pentapeptide biosynthesis II (lysine-containing)|g__Blautia.s__Blautia_wexlerae	5.50295	0	0	8.94381	0	4.207
PWY-6386: UDP-N-acetylmuramoyl-pentapeptide biosynthesis II (lysine-containing)|g__Blautia.s__Ruminococcus_torques	0	20.831	31.9846	29.9846	11.1548	7.20562
PWY-6386: UDP-N-acetylmuramoyl-pentapeptide biosynthesis II (lysine-containing)|g__Butyricimonas.s__Butyricimonas_virosa	0	0.462922	0	0.613762	0	0
PWY-6386: UDP-N-acetylmuramoyl-pentapeptide biosynthesis II (lysine-containing)|g__Butyrivibrio.s__Butyrivibrio_crossotus	0	0	11.1436	0	0	0
PWY-6386: UDP-N-acetylmuramoyl-pentapeptide biosynthesis II (lysine-containing)|g__Butyrivibrio.s__Butyrivibrio_crossotus_CAG_259	0	0	3.78153	0	0	0
PWY-6386: UDP-N-acetylmuramoyl-pentapeptide biosynthesis II (lysine-containing)|g__Butyrivibrio.s__Butyrivibrio_sp_CAG_318	0	3.33679	0	0	0	0
PWY-6386: UDP-N-acetylmuramoyl-pentapeptide biosynthesis II (lysine-containing)|g__Clostridium.s__Clostridium_sp_CAG_411	0	0	0.375314	0	0	0
PWY-6386: UDP-N-acetylmuramoyl-pentapeptide biosynthesis II (lysine-containing)|g__Clostridium.s__Clostridium_sp_CAG_58	0	0.968027	0	0	0	0
PWY-6386: UDP-N-acetylmuramoyl-pentapeptide biosynthesis II (lysine-containing)|g__Coprococcus.s__Coprococcus_comes	1.38248	1.149	1.93926	3.15732	1.01399	0.560652
PWY-6386: UDP-N-acetylmuramoyl-pentapeptide biosynthesis II (lysine-containing)|g__Coprococcus.s__Coprococcus_comes_CAG_19	0.112404	0.628388	0.901315	2.69959	0.200899	1.09007
PWY-6386: UDP-N-acetylmuramoyl-pentapeptide biosynthesis II (lysine-containing)|g__Desulfovibrio.s__Desulfovibrio_piger	0	4.9626	0	2.61422	0	0
PWY-6386: UDP-N-acetylmuramoyl-pentapeptide biosynthesis II (lysine-containing)|g__Dialister.s__Dialister_invisus	0	0	0	0	13.6139	0
PWY-6386: UDP-N-acetylmuramoyl-pentapeptide biosynthesis II (lysine-containing)|g__Dialister.s__Dialister_invisus_CAG_218	0	0	0	0	6.794	0
PWY-6386: UDP-N-acetylmuramoyl-pentapeptide biosynthesis II (lysine-containing)|g__Dialister.s__Dialister_succinatiphilus	0	0	0	5.96471	0	0
PWY-6386: UDP-N-acetylmuramoyl-pentapeptide biosynthesis II (lysine-containing)|g__Dorea.s__Dorea_formicigenerans	0	0.888016	0	0	0.123187	0
PWY-6386: UDP-N-acetylmuramoyl-pentapeptide biosynthesis II (lysine-containing)|g__Dorea.s__Dorea_formicigenerans_CAG_28	0.332062	2.00899	0.137756	0	0.248101	0.370326
PWY-6386: UDP-N-acetylmuramoyl-pentapeptide biosynthesis II (lysine-containing)|g__Dorea.s__Dorea_longicatena	0	0	0.56283	0.352341	0.680695	0.602475
PWY-6386: UDP-N-acetylmuramoyl-pentapeptide biosynthesis II (lysine-containing)|g__Dorea.s__Dorea_longicatena_CAG_42	0	14.334	1.05172	0.421072	1.23648	1.74019
PWY-6386: UDP-N-acetylmuramoyl-pentapeptide biosynthesis II (lysine-containing)|g__Dorea.s__Dorea_sp_CAG_317	0	1.18384	0	0	0	0
PWY-6386: UDP-N-acetylmuramoyl-pentapeptide biosynthesis II (lysine-containing)|g__Eggerthella.s__Eggerthella_lenta	0	0	0	0	0.582836	0
PWY-6386: UDP-N-acetylmuramoyl-pentapeptide biosynthesis II (lysine-containing)|g__Escherichia.s__Escherichia_coli	0	0	0	23.1563	0	0
PWY-6386: UDP-N-acetylmuramoyl-pentapeptide biosynthesis II (lysine-containing)|g__Eubacterium.s__Eubacterium_eligens	0	0	0	0.779924	0.265946	0.143472
PWY-6386: UDP-N-acetylmuramoyl-pentapeptide biosynthesis II (lysine-containing)|g__Eubacterium.s__Eubacterium_eligens_CAG_72	4.69703	0	0.404833	1.21016	0.191688	0.15406
PWY-6386: UDP-N-acetylmuramoyl-pentapeptide biosynthesis II (lysine-containing)|g__Eubacterium.s__Eubacterium_hallii	1.88754	0	0	0	0.442955	0
PWY-6386: UDP-N-acetylmuramoyl-pentapeptide biosynthesis II (lysine-containing)|g__Eubacterium.s__Eubacterium_hallii_CAG_12	1.33612	0	4.52372	0.436266	1.57265	2.6717
PWY-6386: UDP-N-acetylmuramoyl-pentapeptide biosynthesis II (lysine-containing)|g__Eubacterium.s__Eubacterium_ramulus	0.828639	0	1.16024	3.33048	0	1.12766
PWY-6386: UDP-N-acetylmuramoyl-pentapeptide biosynthesis II (lysine-containing)|g__Eubacterium.s__Eubacterium_sp_CAG_38	1.15434	0.430809	2.30417	0	0	0.527034
PWY-6386: UDP-N-acetylmuramoyl-pentapeptide biosynthesis II (lysine-containing)|g__Eubacterium.s__Eubacterium_ventriosum	0	0	0.613715	0.475575	0	0
PWY-6386: UDP-N-acetylmuramoyl-pentapeptide biosynthesis II (lysine-containing)|g__Faecalibacterium.s__Faecalibacterium_prausnitzii	71.4381	90.7836	40.1763	5.12691	7.27753	10.3959
PWY-6386: UDP-N-acetylmuramoyl-pentapeptide biosynthesis II (lysine-containing)|g__Faecalitalea.s__Faecalitalea_cylindroides	0	1.50252	0	0	0	0
PWY-6386: UDP-N-acetylmuramoyl-pentapeptide biosynthesis II (lysine-containing)|g__Firmicutes_unclassified.s__Firmicutes_bacterium_CAG_110	0	0.979457	9.10367	3.32541	0	3.51506
PWY-6386: UDP-N-acetylmuramoyl-pentapeptide biosynthesis II (lysine-containing)|g__Firmicutes_unclassified.s__Firmicutes_bacterium_CAG_83	0	0.890737	0	1.77738	0	0
PWY-6386: UDP-N-acetylmuramoyl-pentapeptide biosynthesis II (lysine-containing)|g__Firmicutes_unclassified.s__Firmicutes_bacterium_CAG_94	0	2.15622	0	0	0	0
PWY-6386: UDP-N-acetylmuramoyl-pentapeptide biosynthesis II (lysine-containing)|g__Firmicutes_unclassified.s__Firmicutes_bacterium_CAG_95	0	2.4994	0	4.78831	0	0
PWY-6386: UDP-N-acetylmuramoyl-pentapeptide biosynthesis II (lysine-containing)|g__Flavonifractor.s__Flavonifractor_plautii	0	0.615869	0	0	0	0
PWY-6386: UDP-N-acetylmuramoyl-pentapeptide biosynthesis II (lysine-containing)|g__Fusicatenibacter.s__Fusicatenibacter_saccharivorans	8.04068	17.529	5.15403	34.6545	12.256	1.67851
PWY-6386: UDP-N-acetylmuramoyl-pentapeptide biosynthesis II (lysine-containing)|g__Gemmiger.s__Gemmiger_formicilis	13.2988	9.0625	5.23049	8.75932	2.79761	0.958243
PWY-6386: UDP-N-acetylmuramoyl-pentapeptide biosynthesis II (lysine-containing)|g__Intestinibacter.s__Intestinibacter_bartlettii	0	0	0	0.484499	0	0
PWY-6386: UDP-N-acetylmuramoyl-pentapeptide biosynthesis II (lysine-containing)|g__Lachnospira.s__Lachnospira_pectinoschiza	0	0	3.75539	0	0	0.846536
PWY-6386: UDP-N-acetylmuramoyl-pentapeptide biosynthesis II (lysine-containing)|g__Lachnospiraceae_unclassified.s__Eubacterium_rectale	75.0374	0	0	4.28404	1.33894	0
PWY-6386: UDP-N-acetylmuramoyl-pentapeptide biosynthesis II (lysine-containing)|g__Lawsonibacter.s__Lawsonibacter_asaccharolyticus	0	1.61737	0	0	0	0
PWY-6386: UDP-N-acetylmuramoyl-pentapeptide biosynthesis II (lysine-containing)|g__Megamonas.s__Megamonas_funiformis	0	6.43845	0	0	0	0
PWY-6386: UDP-N-acetylmuramoyl-pentapeptide biosynthesis II (lysine-containing)|g__Monoglobus.s__Monoglobus_pectinilyticus	0	0	0	0	0	1.92999
PWY-6386: UDP-N-acetylmuramoyl-pentapeptide biosynthesis II (lysine-containing)|g__Odoribacter.s__Odoribacter_laneus	0	0	1.10739	0	0	0
PWY-6386: UDP-N-acetylmuramoyl-pentapeptide biosynthesis II (lysine-containing)|g__Odoribacter.s__Odoribacter_laneus_CAG_561	0	0	1.03542	0	0	0
PWY-6386: UDP-N-acetylmuramoyl-pentapeptide biosynthesis II (lysine-containing)|g__Oscillibacter.s__Oscillibacter_sp_CAG_241	0	1.91102	1.70227	0	0	0
PWY-6386: UDP-N-acetylmuramoyl-pentapeptide biosynthesis II (lysine-containing)|g__Oxalobacter.s__Oxalobacter_formigenes	0	0	0	1.16289	0	0
PWY-6386: UDP-N-acetylmuramoyl-pentapeptide biosynthesis II (lysine-containing)|g__Parabacteroides.s__Parabacteroides_distasonis	4.18591	1.3093	4.79417	0.589887	14.0338	3.93991
PWY-6386: UDP-N-acetylmuramoyl-pentapeptide biosynthesis II (lysine-containing)|g__Parabacteroides.s__Parabacteroides_goldsteinii	0	0	0.884166	0	0	0
PWY-6386: UDP-N-acetylmuramoyl-pentapeptide biosynthesis II (lysine-containing)|g__Parabacteroides.s__Parabacteroides_merdae	1.5988	0.691253	3.02359	0.813687	0	0
PWY-6386: UDP-N-acetylmuramoyl-pentapeptide biosynthesis II (lysine-containing)|g__Paraprevotella.s__Paraprevotella_clara	0	1.71643	0	0	0	0
PWY-6386: UDP-N-acetylmuramoyl-pentapeptide biosynthesis II (lysine-containing)|g__Paraprevotella.s__Paraprevotella_clara_CAG_116	0	1.9747	0	0	0	0
PWY-6386: UDP-N-acetylmuramoyl-pentapeptide biosynthesis II (lysine-containing)|g__Paraprevotella.s__Paraprevotella_xylaniphila	2.42684	0	0	0	3.28835	0
PWY-6386: UDP-N-acetylmuramoyl-pentapeptide biosynthesis II (lysine-containing)|g__Parasutterella.s__Parasutterella_excrementihominis	0	0	0	0	3.04197	1.13454
PWY-6386: UDP-N-acetylmuramoyl-pentapeptide biosynthesis II (lysine-containing)|g__Phascolarctobacterium.s__Phascolarctobacterium_faecium	7.33777	0	0	0	0	0
PWY-6386: UDP-N-acetylmuramoyl-pentapeptide biosynthesis II (lysine-containing)|g__Prevotella.s__Prevotella_copri	0	3.6778	0	0	0	0
PWY-6386: UDP-N-acetylmuramoyl-pentapeptide biosynthesis II (lysine-containing)|g__Prevotella.s__Prevotella_copri_CAG_164	0	5.3828	0	0	0	0
PWY-6386: UDP-N-acetylmuramoyl-pentapeptide biosynthesis II (lysine-containing)|g__Roseburia.s__Roseburia_faecis	0	1.06736	15.324	0	0	18.0036
PWY-6386: UDP-N-acetylmuramoyl-pentapeptide biosynthesis II (lysine-containing)|g__Roseburia.s__Roseburia_hominis	0	7.68543	0	3.3066	2.07288	0.776918
PWY-6386: UDP-N-acetylmuramoyl-pentapeptide biosynthesis II (lysine-containing)|g__Roseburia.s__Roseburia_inulinivorans	0.459917	1.87836	0.180769	0.894236	0	2.18861
PWY-6386: UDP-N-acetylmuramoyl-pentapeptide biosynthesis II (lysine-containing)|g__Roseburia.s__Roseburia_sp_CAG_471	6.98905	0	0	0	0.520667	1.56892
PWY-6386: UDP-N-acetylmuramoyl-pentapeptide biosynthesis II (lysine-containing)|g__Ruminococcaceae_unclassified.s__Eubacterium_siraeum	0	0	4.5122	2.45384	0.757543	20.941
PWY-6386: UDP-N-acetylmuramoyl-pentapeptide biosynthesis II (lysine-containing)|g__Ruminococcus.s__Ruminococcus_bicirculans	6.5364	2.29883	0	3.30829	0	1.04427
PWY-6386: UDP-N-acetylmuramoyl-pentapeptide biosynthesis II (lysine-containing)|g__Ruminococcus.s__Ruminococcus_bromii	0	92.9186	36.0354	21.6628	19.855	41.6044
PWY-6386: UDP-N-acetylmuramoyl-pentapeptide biosynthesis II (lysine-containing)|g__Ruminococcus.s__Ruminococcus_callidus	0	0	0	4.4543	0	0
PWY-6386: UDP-N-acetylmuramoyl-pentapeptide biosynthesis II (lysine-containing)|g__Ruminococcus.s__Ruminococcus_lactaris	0	0	2.32554	10.555	0.62054	0
PWY-6386: UDP-N-acetylmuramoyl-pentapeptide biosynthesis II (lysine-containing)|g__Ruthenibacterium.s__Ruthenibacterium_lactatiformans	0	0.424277	0	0.543343	0.691056	0
PWY-6386: UDP-N-acetylmuramoyl-pentapeptide biosynthesis II (lysine-containing)|g__Streptococcus.s__Streptococcus_salivarius	0	0	0	0.397679	0	0
PWY-6386: UDP-N-acetylmuramoyl-pentapeptide biosynthesis II (lysine-containing)|g__Streptococcus.s__Streptococcus_salivarius_CAG_79	0	0	0	0.251293	0	0
PWY-6386: UDP-N-acetylmuramoyl-pentapeptide biosynthesis II (lysine-containing)|g__Streptococcus.s__Streptococcus_thermophilus	0	0	0	0.22573	0	0
PWY-6386: UDP-N-acetylmuramoyl-pentapeptide biosynthesis II (lysine-containing)|g__Streptococcus.s__Streptococcus_thermophilus_CAG_236	0	0	0	0.145422	0	0
PWY-6386: UDP-N-acetylmuramoyl-pentapeptide biosynthesis II (lysine-containing)|unclassified	132.085	253.642	223.445	219.281	244.517	193.481
PWY-6387: UDP-N-acetylmuramoyl-pentapeptide biosynthesis I (meso-diaminopimelate containing)	580.243	742.033	586.227	569.886	652.459	572.738
PWY-6387: UDP-N-acetylmuramoyl-pentapeptide biosynthesis I (meso-diaminopimelate containing)|g__Agathobaculum.s__Agathobaculum_butyriciproducens	2.11568	8.72912	1.95922	0	2.30889	2.45781
PWY-6387: UDP-N-acetylmuramoyl-pentapeptide biosynthesis I (meso-diaminopimelate containing)|g__Akkermansia.s__Akkermansia_muciniphila	0	1.78801	0.891756	10.7422	10.0377	12.4365
PWY-6387: UDP-N-acetylmuramoyl-pentapeptide biosynthesis I (meso-diaminopimelate containing)|g__Alistipes.s__Alistipes_finegoldii	3.32789	0	3.08938	24.3378	42.1248	10.5372
PWY-6387: UDP-N-acetylmuramoyl-pentapeptide biosynthesis I (meso-diaminopimelate containing)|g__Alistipes.s__Alistipes_indistinctus	0	0	0	2.11091	1.63511	0.845477
PWY-6387: UDP-N-acetylmuramoyl-pentapeptide biosynthesis I (meso-diaminopimelate containing)|g__Alistipes.s__Alistipes_putredinis	0.858331	5.90559	4.01122	5.93336	36.7233	11.4608
PWY-6387: UDP-N-acetylmuramoyl-pentapeptide biosynthesis I (meso-diaminopimelate containing)|g__Alistipes.s__Alistipes_putredinis_CAG_67	0.518392	4.43164	3.10372	2.17892	12.9085	8.46271
PWY-6387: UDP-N-acetylmuramoyl-pentapeptide biosynthesis I (meso-diaminopimelate containing)|g__Alistipes.s__Alistipes_sp_An31A	0	1.39339	0	0	0	0
PWY-6387: UDP-N-acetylmuramoyl-pentapeptide biosynthesis I (meso-diaminopimelate containing)|g__Anaerostipes.s__Anaerostipes_hadrus	14.7504	0	6.06602	13.641	4.86474	10.2873
PWY-6387: UDP-N-acetylmuramoyl-pentapeptide biosynthesis I (meso-diaminopimelate containing)|g__Bacteroides.s__Bacteroides_caccae	0.793494	0	0	1.21402	1.63108	0
PWY-6387: UDP-N-acetylmuramoyl-pentapeptide biosynthesis I (meso-diaminopimelate containing)|g__Bacteroides.s__Bacteroides_cellulosilyticus	4.22924	0	0	5.00777	0	5.45351
PWY-6387: UDP-N-acetylmuramoyl-pentapeptide biosynthesis I (meso-diaminopimelate containing)|g__Bacteroides.s__Bacteroides_clarus	0	0.613419	0	1.59916	2.1221	0
PWY-6387: UDP-N-acetylmuramoyl-pentapeptide biosynthesis I (meso-diaminopimelate containing)|g__Bacteroides.s__Bacteroides_coprocola	45.9084	0	0	0	0	0
PWY-6387: UDP-N-acetylmuramoyl-pentapeptide biosynthesis I (meso-diaminopimelate containing)|g__Bacteroides.s__Bacteroides_coprocola_CAG_162	46.2826	0	0	0	0	0
PWY-6387: UDP-N-acetylmuramoyl-pentapeptide biosynthesis I (meso-diaminopimelate containing)|g__Bacteroides.s__Bacteroides_dorei	0	1.23936	4.4048	4.64892	34.0445	23.0005
PWY-6387: UDP-N-acetylmuramoyl-pentapeptide biosynthesis I (meso-diaminopimelate containing)|g__Bacteroides.s__Bacteroides_eggerthii	0	0	8.95636	3.54149	30.4353	0
PWY-6387: UDP-N-acetylmuramoyl-pentapeptide biosynthesis I (meso-diaminopimelate containing)|g__Bacteroides.s__Bacteroides_faecis	0	0	0	0	1.6967	0
PWY-6387: UDP-N-acetylmuramoyl-pentapeptide biosynthesis I (meso-diaminopimelate containing)|g__Bacteroides.s__Bacteroides_finegoldii	0	0	0	0.482328	0	0
PWY-6387: UDP-N-acetylmuramoyl-pentapeptide biosynthesis I (meso-diaminopimelate containing)|g__Bacteroides.s__Bacteroides_fragilis	0	0	0	0	0	1.67772
PWY-6387: UDP-N-acetylmuramoyl-pentapeptide biosynthesis I (meso-diaminopimelate containing)|g__Bacteroides.s__Bacteroides_fragilis_CAG_47	0	0	0	0	0	0.956919
PWY-6387: UDP-N-acetylmuramoyl-pentapeptide biosynthesis I (meso-diaminopimelate containing)|g__Bacteroides.s__Bacteroides_massiliensis	8.9284	0.939179	6.62211	0	7.16097	0
PWY-6387: UDP-N-acetylmuramoyl-pentapeptide biosynthesis I (meso-diaminopimelate containing)|g__Bacteroides.s__Bacteroides_ovatus	10.2209	0	0	3.05675	13.6289	2.32387
PWY-6387: UDP-N-acetylmuramoyl-pentapeptide biosynthesis I (meso-diaminopimelate containing)|g__Bacteroides.s__Bacteroides_plebeius	0	1.68867	0	0.4517	0	0
PWY-6387: UDP-N-acetylmuramoyl-pentapeptide biosynthesis I (meso-diaminopimelate containing)|g__Bacteroides.s__Bacteroides_plebeius_CAG_211	0	2.05934	0	0.868673	0	0
PWY-6387: UDP-N-acetylmuramoyl-pentapeptide biosynthesis I (meso-diaminopimelate containing)|g__Bacteroides.s__Bacteroides_salyersiae	2.58953	0	1.72757	0.643426	0	0
PWY-6387: UDP-N-acetylmuramoyl-pentapeptide biosynthesis I (meso-diaminopimelate containing)|g__Bacteroides.s__Bacteroides_sp_CAG_598	0	7.56759	0	0	0	0
PWY-6387: UDP-N-acetylmuramoyl-pentapeptide biosynthesis I (meso-diaminopimelate containing)|g__Bacteroides.s__Bacteroides_sp_CAG_633	0	1.52947	0	0	0	0
PWY-6387: UDP-N-acetylmuramoyl-pentapeptide biosynthesis I (meso-diaminopimelate containing)|g__Bacteroides.s__Bacteroides_stercoris	0	0	0.842839	1.23404	0	6.8067
PWY-6387: UDP-N-acetylmuramoyl-pentapeptide biosynthesis I (meso-diaminopimelate containing)|g__Bacteroides.s__Bacteroides_thetaiotaomicron	4.29923	0	4.48465	0	0	1.95354
PWY-6387: UDP-N-acetylmuramoyl-pentapeptide biosynthesis I (meso-diaminopimelate containing)|g__Bacteroides.s__Bacteroides_uniformis	3.31607	2.65098	9.29878	2.79268	11.1746	9.89267
PWY-6387: UDP-N-acetylmuramoyl-pentapeptide biosynthesis I (meso-diaminopimelate containing)|g__Bacteroides.s__Bacteroides_uniformis_CAG_3	3.26184	1.89061	7.62379	3.8403	8.46825	7.63365
PWY-6387: UDP-N-acetylmuramoyl-pentapeptide biosynthesis I (meso-diaminopimelate containing)|g__Bacteroides.s__Bacteroides_vulgatus	23.6385	5.61167	7.27209	2.38656	0	0
PWY-6387: UDP-N-acetylmuramoyl-pentapeptide biosynthesis I (meso-diaminopimelate containing)|g__Bacteroides.s__Bacteroides_vulgatus_CAG_6	24.3356	6.02588	7.8858	2.30553	0	0
PWY-6387: UDP-N-acetylmuramoyl-pentapeptide biosynthesis I (meso-diaminopimelate containing)|g__Bacteroides.s__Bacteroides_xylanisolvens	0	0	1.48101	0	1.12768	2.37893
PWY-6387: UDP-N-acetylmuramoyl-pentapeptide biosynthesis I (meso-diaminopimelate containing)|g__Barnesiella.s__Barnesiella_intestinihominis	0.875903	0.782423	0.325553	1.15445	21.221	3.68871
PWY-6387: UDP-N-acetylmuramoyl-pentapeptide biosynthesis I (meso-diaminopimelate containing)|g__Barnesiella.s__Barnesiella_viscericola	0	0	4.78968	0	0	0
PWY-6387: UDP-N-acetylmuramoyl-pentapeptide biosynthesis I (meso-diaminopimelate containing)|g__Bifidobacterium.s__Bifidobacterium_adolescentis	0	1.93769	0	0	0	18.6934
PWY-6387: UDP-N-acetylmuramoyl-pentapeptide biosynthesis I (meso-diaminopimelate containing)|g__Bifidobacterium.s__Bifidobacterium_longum	2.18718	0.0762012	9.92234	0.727351	0.875549	12.7743
PWY-6387: UDP-N-acetylmuramoyl-pentapeptide biosynthesis I (meso-diaminopimelate containing)|g__Bifidobacterium.s__Bifidobacterium_longum_CAG_69	3.24245	0.0655874	4.55662	1.8109	2.19549	5.61393
PWY-6387: UDP-N-acetylmuramoyl-pentapeptide biosynthesis I (meso-diaminopimelate containing)|g__Bifidobacterium.s__Bifidobacterium_pseudocatenulatum	0	0	9.06207	1.33918	0	8.17418
PWY-6387: UDP-N-acetylmuramoyl-pentapeptide biosynthesis I (meso-diaminopimelate containing)|g__Bilophila.s__Bilophila_wadsworthia	0	0	0	0	2.60333	0
PWY-6387: UDP-N-acetylmuramoyl-pentapeptide biosynthesis I (meso-diaminopimelate containing)|g__Blautia.s__Blautia_obeum	15.0776	51.3974	12.9187	0	14.4742	8.36742
PWY-6387: UDP-N-acetylmuramoyl-pentapeptide biosynthesis I (meso-diaminopimelate containing)|g__Blautia.s__Blautia_wexlerae	4.89124	0	0	9.13602	0	3.59315
PWY-6387: UDP-N-acetylmuramoyl-pentapeptide biosynthesis I (meso-diaminopimelate containing)|g__Blautia.s__Ruminococcus_torques	0	20.5109	31.1555	30.4455	10.9573	7.36656
PWY-6387: UDP-N-acetylmuramoyl-pentapeptide biosynthesis I (meso-diaminopimelate containing)|g__Butyricimonas.s__Butyricimonas_virosa	0	0.5413	0	0.663201	0	0
PWY-6387: UDP-N-acetylmuramoyl-pentapeptide biosynthesis I (meso-diaminopimelate containing)|g__Butyrivibrio.s__Butyrivibrio_crossotus	0	0	10.8071	0	0	0
PWY-6387: UDP-N-acetylmuramoyl-pentapeptide biosynthesis I (meso-diaminopimelate containing)|g__Butyrivibrio.s__Butyrivibrio_crossotus_CAG_259	0	0	5.00587	0	0	0
PWY-6387: UDP-N-acetylmuramoyl-pentapeptide biosynthesis I (meso-diaminopimelate containing)|g__Butyrivibrio.s__Butyrivibrio_sp_CAG_318	0	3.40021	0	0	0	0
PWY-6387: UDP-N-acetylmuramoyl-pentapeptide biosynthesis I (meso-diaminopimelate containing)|g__Clostridium.s__Clostridium_sp_CAG_253	0	0	0	0.484499	0	0
PWY-6387: UDP-N-acetylmuramoyl-pentapeptide biosynthesis I (meso-diaminopimelate containing)|g__Clostridium.s__Clostridium_sp_CAG_411	0	0	0.392744	0	0	0
PWY-6387: UDP-N-acetylmuramoyl-pentapeptide biosynthesis I (meso-diaminopimelate containing)|g__Clostridium.s__Clostridium_sp_CAG_58	0	1.02708	0	0	0	0
PWY-6387: UDP-N-acetylmuramoyl-pentapeptide biosynthesis I (meso-diaminopimelate containing)|g__Clostridium.s__Clostridium_sp_CAG_632	0	0	7.6758	0	0	0
PWY-6387: UDP-N-acetylmuramoyl-pentapeptide biosynthesis I (meso-diaminopimelate containing)|g__Coprobacter.s__Coprobacter_fastidiosus	0	0	0	0	0	0.388327
PWY-6387: UDP-N-acetylmuramoyl-pentapeptide biosynthesis I (meso-diaminopimelate containing)|g__Coprococcus.s__Coprococcus_catus	0.51718	3.68324	1.35085	1.88373	1.68922	2.56952
PWY-6387: UDP-N-acetylmuramoyl-pentapeptide biosynthesis I (meso-diaminopimelate containing)|g__Coprococcus.s__Coprococcus_comes	1.39308	1.00939	1.81219	3.38474	0.917571	0.88836
PWY-6387: UDP-N-acetylmuramoyl-pentapeptide biosynthesis I (meso-diaminopimelate containing)|g__Coprococcus.s__Coprococcus_comes_CAG_19	0.1018	0.655602	0.889788	2.4536	0.232271	0.608828
PWY-6387: UDP-N-acetylmuramoyl-pentapeptide biosynthesis I (meso-diaminopimelate containing)|g__Coprococcus.s__Coprococcus_eutactus	0	0	0	4.39594	2.34228	1.22295
PWY-6387: UDP-N-acetylmuramoyl-pentapeptide biosynthesis I (meso-diaminopimelate containing)|g__Desulfovibrio.s__Desulfovibrio_piger	0	4.77428	0	2.58094	0	0
PWY-6387: UDP-N-acetylmuramoyl-pentapeptide biosynthesis I (meso-diaminopimelate containing)|g__Dialister.s__Dialister_invisus	0	0	0	0	12.1564	0
PWY-6387: UDP-N-acetylmuramoyl-pentapeptide biosynthesis I (meso-diaminopimelate containing)|g__Dialister.s__Dialister_invisus_CAG_218	0	0	0	0	8.7247	0
PWY-6387: UDP-N-acetylmuramoyl-pentapeptide biosynthesis I (meso-diaminopimelate containing)|g__Dialister.s__Dialister_sp_CAG_357	0	0	0	0	0	8.80392
PWY-6387: UDP-N-acetylmuramoyl-pentapeptide biosynthesis I (meso-diaminopimelate containing)|g__Dialister.s__Dialister_succinatiphilus	0	0	0	5.77395	0	0
PWY-6387: UDP-N-acetylmuramoyl-pentapeptide biosynthesis I (meso-diaminopimelate containing)|g__Dorea.s__Dorea_formicigenerans	0.101194	1.63098	0.0486361	0	0.15053	0.321091
PWY-6387: UDP-N-acetylmuramoyl-pentapeptide biosynthesis I (meso-diaminopimelate containing)|g__Dorea.s__Dorea_formicigenerans_CAG_28	0.364177	2.13608	0.178801	0	0.263068	0.443121
PWY-6387: UDP-N-acetylmuramoyl-pentapeptide biosynthesis I (meso-diaminopimelate containing)|g__Dorea.s__Dorea_longicatena	0	0	0.551585	0.30049	0.672924	0.703594
PWY-6387: UDP-N-acetylmuramoyl-pentapeptide biosynthesis I (meso-diaminopimelate containing)|g__Dorea.s__Dorea_longicatena_CAG_42	0	15.5714	1.02023	0.443742	1.44169	2.00119
PWY-6387: UDP-N-acetylmuramoyl-pentapeptide biosynthesis I (meso-diaminopimelate containing)|g__Dorea.s__Dorea_sp_CAG_317	0	1.24208	0	0	0	0
PWY-6387: UDP-N-acetylmuramoyl-pentapeptide biosynthesis I (meso-diaminopimelate containing)|g__Eggerthella.s__Eggerthella_lenta	0	0	0	0	0.644717	0
PWY-6387: UDP-N-acetylmuramoyl-pentapeptide biosynthesis I (meso-diaminopimelate containing)|g__Escherichia.s__Escherichia_coli	0	0	0	24.2806	0	0
PWY-6387: UDP-N-acetylmuramoyl-pentapeptide biosynthesis I (meso-diaminopimelate containing)|g__Eubacterium.s__Eubacterium_eligens	4.64523	0	0.336517	1.29336	0.27602	0.210708
PWY-6387: UDP-N-acetylmuramoyl-pentapeptide biosynthesis I (meso-diaminopimelate containing)|g__Eubacterium.s__Eubacterium_eligens_CAG_72	4.54858	0	0.398929	1.30856	0.210109	0.162266
PWY-6387: UDP-N-acetylmuramoyl-pentapeptide biosynthesis I (meso-diaminopimelate containing)|g__Eubacterium.s__Eubacterium_hallii	1.68848	0	0	0	0.725019	0.0886772
PWY-6387: UDP-N-acetylmuramoyl-pentapeptide biosynthesis I (meso-diaminopimelate containing)|g__Eubacterium.s__Eubacterium_hallii_CAG_12	2.0466	0	4.57826	0.807899	1.49839	3.79697
PWY-6387: UDP-N-acetylmuramoyl-pentapeptide biosynthesis I (meso-diaminopimelate containing)|g__Eubacterium.s__Eubacterium_ramulus	0.796524	0	1.39724	4.34143	0.626873	1.21554
PWY-6387: UDP-N-acetylmuramoyl-pentapeptide biosynthesis I (meso-diaminopimelate containing)|g__Eubacterium.s__Eubacterium_sp_CAG_274	0	0	3.472	0	0	0
PWY-6387: UDP-N-acetylmuramoyl-pentapeptide biosynthesis I (meso-diaminopimelate containing)|g__Eubacterium.s__Eubacterium_sp_CAG_38	1.19827	0.498301	2.23754	0	0	0.511945
PWY-6387: UDP-N-acetylmuramoyl-pentapeptide biosynthesis I (meso-diaminopimelate containing)|g__Eubacterium.s__Eubacterium_ventriosum	0	0	0.640704	0.483534	0	0
PWY-6387: UDP-N-acetylmuramoyl-pentapeptide biosynthesis I (meso-diaminopimelate containing)|g__Faecalibacterium.s__Faecalibacterium_prausnitzii	60.1525	79.4092	36.1052	4.88598	6.64606	9.25869
PWY-6387: UDP-N-acetylmuramoyl-pentapeptide biosynthesis I (meso-diaminopimelate containing)|g__Faecalitalea.s__Faecalitalea_cylindroides	0	1.39176	0	0	0	0
PWY-6387: UDP-N-acetylmuramoyl-pentapeptide biosynthesis I (meso-diaminopimelate containing)|g__Firmicutes_unclassified.s__Firmicutes_bacterium_CAG_110	0	0.968843	8.92684	3.2697	0	3.46847
PWY-6387: UDP-N-acetylmuramoyl-pentapeptide biosynthesis I (meso-diaminopimelate containing)|g__Firmicutes_unclassified.s__Firmicutes_bacterium_CAG_170	0	0	0	0.35017	3.33987	0
PWY-6387: UDP-N-acetylmuramoyl-pentapeptide biosynthesis I (meso-diaminopimelate containing)|g__Firmicutes_unclassified.s__Firmicutes_bacterium_CAG_83	0	0.893459	0	1.78172	0	0
PWY-6387: UDP-N-acetylmuramoyl-pentapeptide biosynthesis I (meso-diaminopimelate containing)|g__Firmicutes_unclassified.s__Firmicutes_bacterium_CAG_94	0	1.95102	0	0	0	0
PWY-6387: UDP-N-acetylmuramoyl-pentapeptide biosynthesis I (meso-diaminopimelate containing)|g__Firmicutes_unclassified.s__Firmicutes_bacterium_CAG_95	0	2.37285	0	4.55294	0	0
PWY-6387: UDP-N-acetylmuramoyl-pentapeptide biosynthesis I (meso-diaminopimelate containing)|g__Flavonifractor.s__Flavonifractor_plautii	0	0.62621	0	0	0	0
PWY-6387: UDP-N-acetylmuramoyl-pentapeptide biosynthesis I (meso-diaminopimelate containing)|g__Fusicatenibacter.s__Fusicatenibacter_saccharivorans	7.45714	16.4132	4.85462	32.862	11.7753	1.64595
PWY-6387: UDP-N-acetylmuramoyl-pentapeptide biosynthesis I (meso-diaminopimelate containing)|g__Gemmiger.s__Gemmiger_formicilis	13.3228	9.24864	5.38484	8.86929	2.80625	0.986831
PWY-6387: UDP-N-acetylmuramoyl-pentapeptide biosynthesis I (meso-diaminopimelate containing)|g__Intestinibacter.s__Intestinibacter_bartlettii	0	0	0	0.509338	0	0
PWY-6387: UDP-N-acetylmuramoyl-pentapeptide biosynthesis I (meso-diaminopimelate containing)|g__Lachnospira.s__Lachnospira_pectinoschiza	0	0	3.56028	0	0	0.901066
PWY-6387: UDP-N-acetylmuramoyl-pentapeptide biosynthesis I (meso-diaminopimelate containing)|g__Lachnospiraceae_unclassified.s__Eubacterium_rectale	74.6672	0	0	7.09505	1.35966	0
PWY-6387: UDP-N-acetylmuramoyl-pentapeptide biosynthesis I (meso-diaminopimelate containing)|g__Lawsonibacter.s__Lawsonibacter_asaccharolyticus	0	1.65248	0	0	0	0
PWY-6387: UDP-N-acetylmuramoyl-pentapeptide biosynthesis I (meso-diaminopimelate containing)|g__Megamonas.s__Megamonas_funiformis	0	8.24497	0	0	0	0
PWY-6387: UDP-N-acetylmuramoyl-pentapeptide biosynthesis I (meso-diaminopimelate containing)|g__Megamonas.s__Megamonas_hypermegale	0	5.93253	0	0	0	0
PWY-6387: UDP-N-acetylmuramoyl-pentapeptide biosynthesis I (meso-diaminopimelate containing)|g__Monoglobus.s__Monoglobus_pectinilyticus	0	0	0	0	0	1.77619
PWY-6387: UDP-N-acetylmuramoyl-pentapeptide biosynthesis I (meso-diaminopimelate containing)|g__Odoribacter.s__Odoribacter_laneus	0	0	1.21141	0	0	0
PWY-6387: UDP-N-acetylmuramoyl-pentapeptide biosynthesis I (meso-diaminopimelate containing)|g__Odoribacter.s__Odoribacter_laneus_CAG_561	0	0	1.04216	0	0	0
PWY-6387: UDP-N-acetylmuramoyl-pentapeptide biosynthesis I (meso-diaminopimelate containing)|g__Oscillibacter.s__Oscillibacter_sp_CAG_241	0	1.8408	1.59796	0	0	0
PWY-6387: UDP-N-acetylmuramoyl-pentapeptide biosynthesis I (meso-diaminopimelate containing)|g__Oxalobacter.s__Oxalobacter_formigenes	0	0	0	1.29312	0	0
PWY-6387: UDP-N-acetylmuramoyl-pentapeptide biosynthesis I (meso-diaminopimelate containing)|g__Parabacteroides.s__Parabacteroides_distasonis	4.3783	1.30549	4.9294	0.618345	14.3334	3.919
PWY-6387: UDP-N-acetylmuramoyl-pentapeptide biosynthesis I (meso-diaminopimelate containing)|g__Parabacteroides.s__Parabacteroides_goldsteinii	0	0	0.921838	0	0	0
PWY-6387: UDP-N-acetylmuramoyl-pentapeptide biosynthesis I (meso-diaminopimelate containing)|g__Parabacteroides.s__Parabacteroides_merdae	1.63516	0.676013	3.00223	0.863126	0	0
PWY-6387: UDP-N-acetylmuramoyl-pentapeptide biosynthesis I (meso-diaminopimelate containing)|g__Parabacteroides.s__Parabacteroides_sp_CAG_409	0	3.56213	0	0	0	0
PWY-6387: UDP-N-acetylmuramoyl-pentapeptide biosynthesis I (meso-diaminopimelate containing)|g__Paraprevotella.s__Paraprevotella_clara	0	2.26916	0	0	0	0
PWY-6387: UDP-N-acetylmuramoyl-pentapeptide biosynthesis I (meso-diaminopimelate containing)|g__Paraprevotella.s__Paraprevotella_clara_CAG_116	0	1.88625	0	0	0	0
PWY-6387: UDP-N-acetylmuramoyl-pentapeptide biosynthesis I (meso-diaminopimelate containing)|g__Paraprevotella.s__Paraprevotella_xylaniphila	2.46441	0	0	0	3.40175	0
PWY-6387: UDP-N-acetylmuramoyl-pentapeptide biosynthesis I (meso-diaminopimelate containing)|g__Parasutterella.s__Parasutterella_excrementihominis	0	0	0	0	3.04255	1.1303
PWY-6387: UDP-N-acetylmuramoyl-pentapeptide biosynthesis I (meso-diaminopimelate containing)|g__Phascolarctobacterium.s__Phascolarctobacterium_faecium	7.7583	0	0	0	0	0
PWY-6387: UDP-N-acetylmuramoyl-pentapeptide biosynthesis I (meso-diaminopimelate containing)|g__Phascolarctobacterium.s__Phascolarctobacterium_sp_CAG_266	0	18.5811	5.95835	0	0	0
PWY-6387: UDP-N-acetylmuramoyl-pentapeptide biosynthesis I (meso-diaminopimelate containing)|g__Prevotella.s__Prevotella_copri	0	3.87048	0	0	0	0
PWY-6387: UDP-N-acetylmuramoyl-pentapeptide biosynthesis I (meso-diaminopimelate containing)|g__Prevotella.s__Prevotella_copri_CAG_164	0	6.77728	0	0	0	0
PWY-6387: UDP-N-acetylmuramoyl-pentapeptide biosynthesis I (meso-diaminopimelate containing)|g__Roseburia.s__Roseburia_faecis	0	1.11172	15.1354	0	0	17.8125
PWY-6387: UDP-N-acetylmuramoyl-pentapeptide biosynthesis I (meso-diaminopimelate containing)|g__Roseburia.s__Roseburia_hominis	0	8.0844	0	3.90903	2.33451	0.898684
PWY-6387: UDP-N-acetylmuramoyl-pentapeptide biosynthesis I (meso-diaminopimelate containing)|g__Roseburia.s__Roseburia_intestinalis	0	0.321406	0.271013	0.230794	0	0.98842
PWY-6387: UDP-N-acetylmuramoyl-pentapeptide biosynthesis I (meso-diaminopimelate containing)|g__Roseburia.s__Roseburia_intestinalis_CAG_13	0	0.22942	0.285351	0.352823	0	0.674211
PWY-6387: UDP-N-acetylmuramoyl-pentapeptide biosynthesis I (meso-diaminopimelate containing)|g__Roseburia.s__Roseburia_inulinivorans	0.467189	2.04872	0.216192	1.18363	0	2.11475
PWY-6387: UDP-N-acetylmuramoyl-pentapeptide biosynthesis I (meso-diaminopimelate containing)|g__Roseburia.s__Roseburia_inulinivorans_CAG_15	0.319337	1.61029	0.212256	0.954768	0	1.73701
PWY-6387: UDP-N-acetylmuramoyl-pentapeptide biosynthesis I (meso-diaminopimelate containing)|g__Roseburia.s__Roseburia_sp_CAG_182	0	0	0	9.44302	0	0
PWY-6387: UDP-N-acetylmuramoyl-pentapeptide biosynthesis I (meso-diaminopimelate containing)|g__Roseburia.s__Roseburia_sp_CAG_471	6.83483	0	0	0	0.541678	1.57237
PWY-6387: UDP-N-acetylmuramoyl-pentapeptide biosynthesis I (meso-diaminopimelate containing)|g__Ruminococcus.s__Ruminococcus_bicirculans	6.74818	2.32141	0	3.16914	0	1.15333
PWY-6387: UDP-N-acetylmuramoyl-pentapeptide biosynthesis I (meso-diaminopimelate containing)|g__Ruminococcus.s__Ruminococcus_bromii	0	85.7829	34.6556	20.2901	18.3416	38.8591
PWY-6387: UDP-N-acetylmuramoyl-pentapeptide biosynthesis I (meso-diaminopimelate containing)|g__Ruminococcus.s__Ruminococcus_callidus	0	0	0	4.44731	0	0
PWY-6387: UDP-N-acetylmuramoyl-pentapeptide biosynthesis I (meso-diaminopimelate containing)|g__Ruminococcus.s__Ruminococcus_lactaris	0	0	2.32413	10.5905	0.613057	0.420356
PWY-6387: UDP-N-acetylmuramoyl-pentapeptide biosynthesis I (meso-diaminopimelate containing)|g__Ruthenibacterium.s__Ruthenibacterium_lactatiformans	0	0.478162	0	0.602428	0.740274	0.308385
PWY-6387: UDP-N-acetylmuramoyl-pentapeptide biosynthesis I (meso-diaminopimelate containing)|g__Streptococcus.s__Streptococcus_salivarius	0	0	0	0.385139	0	0
PWY-6387: UDP-N-acetylmuramoyl-pentapeptide biosynthesis I (meso-diaminopimelate containing)|g__Streptococcus.s__Streptococcus_salivarius_CAG_79	0	0	0	0.247917	0	0
PWY-6387: UDP-N-acetylmuramoyl-pentapeptide biosynthesis I (meso-diaminopimelate containing)|g__Streptococcus.s__Streptococcus_thermophilus	0	0	0	0.202819	0	0
PWY-6387: UDP-N-acetylmuramoyl-pentapeptide biosynthesis I (meso-diaminopimelate containing)|g__Streptococcus.s__Streptococcus_thermophilus_CAG_236	0	0	0	0.137705	0	0
PWY-6387: UDP-N-acetylmuramoyl-pentapeptide biosynthesis I (meso-diaminopimelate containing)|unclassified	131.26	250.613	230.611	218.62	243.739	191.723
PWY-6435: 4-hydroxybenzoate biosynthesis V	0	0	6.57431	1.51837	0	7.7615
PWY-6470: peptidoglycan biosynthesis V (&beta;-lactam resistance)	133.276	149.81	85.5982	112.316	24.2244	97.3832
PWY-6470: peptidoglycan biosynthesis V (&beta;-lactam resistance)|unclassified	36.8831	18.5076	18.7013	26.0583	5.39605	5.48448
PWY-6471: peptidoglycan biosynthesis IV (Enterococcus faecium)	151.808	181.723	128.547	234.884	105.638	173.958
PWY-6471: peptidoglycan biosynthesis IV (Enterococcus faecium)|g__Eubacterium.s__Eubacterium_ramulus	0.733808	0	0.693276	0	0	0.936007
PWY-6471: peptidoglycan biosynthesis IV (Enterococcus faecium)|g__Flavonifractor.s__Flavonifractor_plautii	0	0.600901	0	0	0	0
PWY-6471: peptidoglycan biosynthesis IV (Enterococcus faecium)|unclassified	56.4898	60.5905	37.5671	57.91	8.12891	18.6937
PWY-6478: GDP-D-glycero-&alpha;-D-manno-heptose biosynthesis	1.03648	0	4.64011	0	0	2.52267
PWY-6478: GDP-D-glycero-&alpha;-D-manno-heptose biosynthesis|g__Bacteroides.s__Bacteroides_thetaiotaomicron	0.846212	0	3.49393	0	0	0
PWY-6507: 4-deoxy-L-threo-hex-4-enopyranuronate degradation	63.5559	47.1138	73.1676	43.2694	43.0867	59.5482
PWY-6507: 4-deoxy-L-threo-hex-4-enopyranuronate degradation|g__Dorea.s__Dorea_longicatena	0	0.466188	0	0	0	0
PWY-6507: 4-deoxy-L-threo-hex-4-enopyranuronate degradation|g__Escherichia.s__Escherichia_coli	0	0	0	16.6594	0	0
PWY-6507: 4-deoxy-L-threo-hex-4-enopyranuronate degradation|g__Faecalibacterium.s__Faecalibacterium_prausnitzii	36.9618	29.5108	34.9837	4.40028	6.77989	7.67785
PWY-6507: 4-deoxy-L-threo-hex-4-enopyranuronate degradation|unclassified	12.7456	6.70489	24.2871	18.6041	20.4709	9.78308
PWY-6519: 8-amino-7-oxononanoate biosynthesis I	71.4323	16.9659	56.2299	142.347	116.485	73.3953
PWY-6519: 8-amino-7-oxononanoate biosynthesis I|g__Bacteroides.s__Bacteroides_cellulosilyticus	4.01292	0	0	5.868	0	4.80524
PWY-6519: 8-amino-7-oxononanoate biosynthesis I|g__Bacteroides.s__Bacteroides_vulgatus	0	4.14262	7.18325	0	0	0
PWY-6519: 8-amino-7-oxononanoate biosynthesis I|g__Escherichia.s__Escherichia_coli	0	0	0	24.2064	0	0
PWY-6519: 8-amino-7-oxononanoate biosynthesis I|unclassified	0	5.48594	0	7.88438	2.90641	0.608564
PWY-6527: stachyose degradation	279.379	320.473	272.939	278.976	140.128	206.693
PWY-6527: stachyose degradation|g__Anaerostipes.s__Anaerostipes_hadrus	9.25349	0	0	0	0	0.64324
PWY-6527: stachyose degradation|g__Bifidobacterium.s__Bifidobacterium_longum	0	0	12.7711	0	0	0
PWY-6527: stachyose degradation|g__Blautia.s__Blautia_obeum	14.3441	60.9019	9.62377	0	15.5288	7.67706
PWY-6527: stachyose degradation|g__Blautia.s__Blautia_wexlerae	9.5292	0	0	16.5422	0	7.94283
PWY-6527: stachyose degradation|g__Blautia.s__Ruminococcus_torques	0	21.7481	11.6789	17.7444	9.31214	7.16326
PWY-6527: stachyose degradation|g__Butyrivibrio.s__Butyrivibrio_sp_CAG_318	0	3.23692	0	0	0	0
PWY-6527: stachyose degradation|g__Coprococcus.s__Coprococcus_eutactus	0	0	0	8.44798	3.6392	4.6983
PWY-6527: stachyose degradation|g__Coprococcus.s__Coprococcus_eutactus_CAG_665	0	0	0	0.866985	0.331569	0
PWY-6527: stachyose degradation|g__Dorea.s__Dorea_longicatena	0	0.642811	0.788861	0.411426	0.841874	1.12183
PWY-6527: stachyose degradation|g__Escherichia.s__Escherichia_coli	0	0	0	18.5913	0	0
PWY-6527: stachyose degradation|g__Eubacterium.s__Eubacterium_hallii	1.15585	0	0	0	0.4939	0
PWY-6527: stachyose degradation|g__Eubacterium.s__Eubacterium_ramulus	0.941043	0	0.841152	2.58263	0.646156	1.56654
PWY-6527: stachyose degradation|g__Faecalibacterium.s__Faecalibacterium_prausnitzii	3.73236	11.6713	9.39324	1.10525	4.28967	3.739
PWY-6527: stachyose degradation|g__Fusicatenibacter.s__Fusicatenibacter_saccharivorans	7.6462	17.1292	6.58134	33.8054	13.6651	1.06227
PWY-6527: stachyose degradation|g__Lachnospiraceae_unclassified.s__Eubacterium_rectale	75.6855	0	0	2.30915	1.5951	0
PWY-6527: stachyose degradation|g__Roseburia.s__Roseburia_faecis	0	1.13594	19.3024	0	0	20.5519
PWY-6527: stachyose degradation|g__Roseburia.s__Roseburia_hominis	0	6.49397	0	3.41705	1.67425	0.63027
PWY-6527: stachyose degradation|g__Roseburia.s__Roseburia_intestinalis	0	0.436252	0.355072	0.330877	0	1.6126
PWY-6527: stachyose degradation|g__Roseburia.s__Roseburia_intestinalis_CAG_13	0	0.314058	0.377282	0.405397	0	0.699623
PWY-6527: stachyose degradation|g__Roseburia.s__Roseburia_inulinivorans	0.318125	3.22603	0.179363	0.832739	0	1.22136
PWY-6527: stachyose degradation|g__Roseburia.s__Roseburia_inulinivorans_CAG_15	0.706237	1.02246	0	1.12407	0	1.26425
PWY-6527: stachyose degradation|g__Ruminococcaceae_unclassified.s__Eubacterium_siraeum	0	0	5.87317	2.71237	1.23072	26.7112
PWY-6527: stachyose degradation|g__Ruminococcus.s__Ruminococcus_bicirculans	6.26645	2.42102	0	3.49784	0	1.46384
PWY-6527: stachyose degradation|unclassified	68.6489	86.7504	101.134	58.1603	36.6994	38.3038
PWY-6531: mannitol cycle	16.6067	1.75235	23.5776	39.4648	21.3376	10.2429
PWY-6531: mannitol cycle|g__Escherichia.s__Escherichia_coli	0	0	0	18.0936	0	0
PWY-6531: mannitol cycle|unclassified	0	1.56675	6.9873	5.36132	0.241193	0.146913
PWY-6545: pyrimidine deoxyribonucleotides de novo biosynthesis III	144.494	201.506	134.838	125.586	175.47	196.851
PWY-6545: pyrimidine deoxyribonucleotides de novo biosynthesis III|g__Bilophila.s__Bilophila_wadsworthia	0	0	0	0	2.39265	0
PWY-6545: pyrimidine deoxyribonucleotides de novo biosynthesis III|g__Escherichia.s__Escherichia_coli	0	0	0	3.2562	0	0
PWY-6545: pyrimidine deoxyribonucleotides de novo biosynthesis III|unclassified	15.6205	52.1417	35.7394	50.0676	24.4823	27.7168
PWY-6549: L-glutamine biosynthesis III	44.3575	83.4727	71.9137	82.9568	26.2316	70.6312
PWY-6549: L-glutamine biosynthesis III|unclassified	18.7375	46.9372	9.22035	22.6788	7.19435	9.03792
PWY-6562: norspermidine biosynthesis	0	0.667577	0.857177	0.496074	0	0
PWY-6562: norspermidine biosynthesis|unclassified	0	0.427543	0.8479	0.429031	0	0
PWY-6565: superpathway of polyamine biosynthesis III	0	0.67057	0.889788	0	0	0
PWY-6565: superpathway of polyamine biosynthesis III|unclassified	0	0.515174	0.879387	0	0	0
PWY-6572: chondroitin sulfate degradation I (bacterial)	11.6303	0	7.67186	2.57105	4.5749	6.39693
PWY-6572: chondroitin sulfate degradation I (bacterial)|g__Bacteroides.s__Bacteroides_thetaiotaomicron	4.08502	0	3.79053	0	0	2.12984
PWY-6572: chondroitin sulfate degradation I (bacterial)|unclassified	0	0	0	0.401779	0	0
PWY-6588: pyruvate fermentation to acetone	3.50422	24.2605	15.5191	54.6991	14.7824	18.997
PWY-6588: pyruvate fermentation to acetone|g__Escherichia.s__Escherichia_coli	0	0	0	20.8262	0	0
PWY-6588: pyruvate fermentation to acetone|g__Eubacterium.s__Eubacterium_ramulus	0	0	0	2.06967	0	0
PWY-6588: pyruvate fermentation to acetone|g__Flavonifractor.s__Flavonifractor_plautii	0	1.03797	0	0	0	0
PWY-6588: pyruvate fermentation to acetone|unclassified	0	3.73685	3.79559	5.05673	2.19808	1.83046
PWY-6590: superpathway of Clostridium acetobutylicum acidogenic fermentation	45.3331	50.0176	79.2977	56.1915	25.8327	51.8296
PWY-6590: superpathway of Clostridium acetobutylicum acidogenic fermentation|unclassified	0.610799	7.63454	8.04886	4.45454	7.08441	9.5054
PWY-6595: superpathway of guanosine nucleotides degradation (plants)	18.1037	24.4687	14.3485	19.9739	24.1444	43.4386
PWY-6595: superpathway of guanosine nucleotides degradation (plants)|unclassified	5.42327	16.2447	10.2603	12.0146	15.148	7.82239
PWY-6606: guanosine nucleotides degradation II	29.8016	102.55	39.7459	101.228	50.591	49.5795
PWY-6606: guanosine nucleotides degradation II|g__Anaerostipes.s__Anaerostipes_hadrus	0	0	0	13.0368	0.237452	5.53637
PWY-6606: guanosine nucleotides degradation II|g__Blautia.s__Ruminococcus_torques	0	17.4642	2.15545	9.08827	1.39708	1.11416
PWY-6606: guanosine nucleotides degradation II|g__Escherichia.s__Escherichia_coli	0	0	0	30.3797	0	0
PWY-6606: guanosine nucleotides degradation II|g__Roseburia.s__Roseburia_intestinalis	0	0.348076	0.171773	0.238752	0	0.64377
PWY-6606: guanosine nucleotides degradation II|g__Roseburia.s__Roseburia_intestinalis_CAG_13	0	0.145871	0.105706	0.245264	0	0.735094
PWY-6606: guanosine nucleotides degradation II|unclassified	8.83144	21.7756	11.5712	13.1825	15.9047	8.12759
PWY-6608: guanosine nucleotides degradation III	58.4101	155.559	57.9164	159.537	98.0008	79.5019
PWY-6608: guanosine nucleotides degradation III|g__Anaerostipes.s__Anaerostipes_hadrus	7.91464	0	5.30443	15.8076	3.34246	9.92231
PWY-6608: guanosine nucleotides degradation III|g__Bacteroides.s__Bacteroides_caccae	0.665638	0	0	0.969479	1.39334	0
PWY-6608: guanosine nucleotides degradation III|g__Bacteroides.s__Bacteroides_faecis	0	0	0	0	1.12883	0
PWY-6608: guanosine nucleotides degradation III|g__Bacteroides.s__Bacteroides_finegoldii	0	0	0	0.469064	0	0
PWY-6608: guanosine nucleotides degradation III|g__Bacteroides.s__Bacteroides_ovatus	0.549901	0	0	0.427584	4.24851	3.53015
PWY-6608: guanosine nucleotides degradation III|g__Bacteroides.s__Bacteroides_xylanisolvens	0	0	1.24992	0	1.31073	0.0794124
PWY-6608: guanosine nucleotides degradation III|g__Blautia.s__Blautia_obeum	5.92772	35.2556	4.60525	0	8.57618	3.97141
PWY-6608: guanosine nucleotides degradation III|g__Blautia.s__Blautia_wexlerae	5.05303	0	0	7.54699	0	4.10403
PWY-6608: guanosine nucleotides degradation III|g__Blautia.s__Ruminococcus_torques	0	20.8677	4.54312	15.3248	10.171	7.73953
PWY-6608: guanosine nucleotides degradation III|g__Coprococcus.s__Coprococcus_catus	1.03769	3.94178	3.35505	2.69501	3.05435	3.96824
PWY-6608: guanosine nucleotides degradation III|g__Desulfovibrio.s__Desulfovibrio_piger	0	10.6665	0	4.43718	0	0
PWY-6608: guanosine nucleotides degradation III|g__Escherichia.s__Escherichia_coli	0	0	0	33.4405	0	0
PWY-6608: guanosine nucleotides degradation III|g__Faecalibacterium.s__Faecalibacterium_prausnitzii	3.10702	5.1033	6.69942	0.570353	1.66792	1.81404
PWY-6608: guanosine nucleotides degradation III|g__Roseburia.s__Roseburia_intestinalis	0	0.477074	0.329208	0.415767	0	1.06466
PWY-6608: guanosine nucleotides degradation III|g__Roseburia.s__Roseburia_intestinalis_CAG_13	0	0.271331	0.186111	0.41842	0	0.801006
PWY-6608: guanosine nucleotides degradation III|unclassified	18.0971	37.8869	31.3402	25.9953	22.8906	11.4433
PWY-6609: adenine and adenosine salvage III	577.386	727.701	605.994	557.563	661.909	547.017
PWY-6609: adenine and adenosine salvage III|g__Agathobaculum.s__Agathobaculum_butyriciproducens	3.68025	9.66748	2.92239	0.903642	2.79071	2.28734
PWY-6609: adenine and adenosine salvage III|g__Alistipes.s__Alistipes_finegoldii	1.91269	0	1.61961	19.2348	42.9272	7.29694
PWY-6609: adenine and adenosine salvage III|g__Alistipes.s__Alistipes_indistinctus	0	0	0	2.19556	1.18956	0.649329
PWY-6609: adenine and adenosine salvage III|g__Alistipes.s__Alistipes_putredinis	0.359632	4.16385	3.7239	5.19395	27.7093	9.66714
PWY-6609: adenine and adenosine salvage III|g__Alistipes.s__Alistipes_putredinis_CAG_67	0.85621	4.4956	4.40199	5.21083	28.8894	9.63934
PWY-6609: adenine and adenosine salvage III|g__Alistipes.s__Alistipes_sp_An31A	0	1.17949	0	0	0	0
PWY-6609: adenine and adenosine salvage III|g__Anaerostipes.s__Anaerostipes_hadrus	8.78903	0	6.49897	19.8121	3.27539	10.9248
PWY-6609: adenine and adenosine salvage III|g__Bacteroides.s__Bacteroides_caccae	0.336	0	0	0.800665	1.32743	0
PWY-6609: adenine and adenosine salvage III|g__Bacteroides.s__Bacteroides_cellulosilyticus	2.50682	0	0	5.27691	0	5.3516
PWY-6609: adenine and adenosine salvage III|g__Bacteroides.s__Bacteroides_clarus	0	0.88094	0	1.15686	2.47641	0
PWY-6609: adenine and adenosine salvage III|g__Bacteroides.s__Bacteroides_coprocola	46.3626	0	0	0	0	0
PWY-6609: adenine and adenosine salvage III|g__Bacteroides.s__Bacteroides_coprocola_CAG_162	48.1835	0	0	0	0	0
PWY-6609: adenine and adenosine salvage III|g__Bacteroides.s__Bacteroides_dorei	0	0.398423	4.17877	3.99078	31.7287	21.3066
PWY-6609: adenine and adenosine salvage III|g__Bacteroides.s__Bacteroides_eggerthii	0	0	9.14444	2.65329	30.1241	0
PWY-6609: adenine and adenosine salvage III|g__Bacteroides.s__Bacteroides_faecis	0	0	0	0	1.49436	0
PWY-6609: adenine and adenosine salvage III|g__Bacteroides.s__Bacteroides_finegoldii	0	0	0	0.478952	0	0
PWY-6609: adenine and adenosine salvage III|g__Bacteroides.s__Bacteroides_fragilis	0	0	0	0	0	0.876713
PWY-6609: adenine and adenosine salvage III|g__Bacteroides.s__Bacteroides_fragilis_CAG_47	0	0	0	0	0	0.872213
PWY-6609: adenine and adenosine salvage III|g__Bacteroides.s__Bacteroides_massiliensis	9.15684	1.27909	7.18719	0	7.64451	0
PWY-6609: adenine and adenosine salvage III|g__Bacteroides.s__Bacteroides_ovatus	6.19707	0	0	3.87116	0	0
PWY-6609: adenine and adenosine salvage III|g__Bacteroides.s__Bacteroides_plebeius	0	4.74216	0	0.548166	0	0
PWY-6609: adenine and adenosine salvage III|g__Bacteroides.s__Bacteroides_plebeius_CAG_211	0	0.522522	0	0.517538	0	0
PWY-6609: adenine and adenosine salvage III|g__Bacteroides.s__Bacteroides_salyersiae	3.09763	0	1.70367	1.16844	0	0
PWY-6609: adenine and adenosine salvage III|g__Bacteroides.s__Bacteroides_sp_CAG_144	0	0	3.05199	0	1.87457	0
PWY-6609: adenine and adenosine salvage III|g__Bacteroides.s__Bacteroides_sp_CAG_598	0	7.65169	0	0	0	0
PWY-6609: adenine and adenosine salvage III|g__Bacteroides.s__Bacteroides_sp_CAG_633	0	1.3025	0	0	0	0
PWY-6609: adenine and adenosine salvage III|g__Bacteroides.s__Bacteroides_stercoris	0	0	0.994933	1.25767	0	5.78202
PWY-6609: adenine and adenosine salvage III|g__Bacteroides.s__Bacteroides_thetaiotaomicron	4.81853	0	3.87318	0	0	2.21322
PWY-6609: adenine and adenosine salvage III|g__Bacteroides.s__Bacteroides_uniformis	3.30941	2.48253	8.12898	4.11571	10.0254	10.0933
PWY-6609: adenine and adenosine salvage III|g__Bacteroides.s__Bacteroides_uniformis_CAG_3	3.68782	2.34972	8.22485	4.26933	11.0388	9.34181
PWY-6609: adenine and adenosine salvage III|g__Bacteroides.s__Bacteroides_vulgatus	5.89743	1.4002	9.43401	1.48436	0	0
PWY-6609: adenine and adenosine salvage III|g__Bacteroides.s__Bacteroides_vulgatus_CAG_6	22.446	4.6793	6.20012	2.16107	0	0
PWY-6609: adenine and adenosine salvage III|g__Bacteroides.s__Bacteroides_xylanisolvens	0	0	0.709301	0	0.972832	0.053471
PWY-6609: adenine and adenosine salvage III|g__Barnesiella.s__Barnesiella_intestinihominis	0.964069	0.807732	0.790829	1.3018	18.6318	2.98141
PWY-6609: adenine and adenosine salvage III|g__Barnesiella.s__Barnesiella_viscericola	0	0	6.52006	0	0	0
PWY-6609: adenine and adenosine salvage III|g__Bilophila.s__Bilophila_wadsworthia	0	0	0	0	1.38988	0
PWY-6609: adenine and adenosine salvage III|g__Blastocystis.s__Blastocystis_sp_subtype_1	0	0	0.917621	0	0	0
PWY-6609: adenine and adenosine salvage III|g__Blautia.s__Blautia_obeum	7.48078	19.3328	8.78009	0	3.89075	5.20628
PWY-6609: adenine and adenosine salvage III|g__Blautia.s__Blautia_wexlerae	6.52216	0	0	10.55	0	4.93654
PWY-6609: adenine and adenosine salvage III|g__Blautia.s__Ruminococcus_torques	0	22.5762	30.0212	33.1974	8.36147	6.33976
PWY-6609: adenine and adenosine salvage III|g__Butyrivibrio.s__Butyrivibrio_crossotus	0	0	12.7117	0	0	0
PWY-6609: adenine and adenosine salvage III|g__Butyrivibrio.s__Butyrivibrio_crossotus_CAG_259	0	0	5.79754	0	0	0
PWY-6609: adenine and adenosine salvage III|g__Butyrivibrio.s__Butyrivibrio_sp_CAG_318	0	3.41817	0	0	0	0
PWY-6609: adenine and adenosine salvage III|g__Clostridium.s__Clostridium_sp_CAG_167	0	0	1.58812	0	0	0
PWY-6609: adenine and adenosine salvage III|g__Clostridium.s__Clostridium_sp_CAG_253	0	0	0	0.528149	0	0
PWY-6609: adenine and adenosine salvage III|g__Clostridium.s__Clostridium_sp_CAG_411	0	0	0.288724	0	0	0
PWY-6609: adenine and adenosine salvage III|g__Clostridium.s__Clostridium_sp_CAG_58	0	0.594369	0	0	0	0
PWY-6609: adenine and adenosine salvage III|g__Clostridium.s__Clostridium_sp_CAG_632	0	0	7.73006	0	0	0
PWY-6609: adenine and adenosine salvage III|g__Coprobacter.s__Coprobacter_fastidiosus	0	0	0	0	0	0.248296
PWY-6609: adenine and adenosine salvage III|g__Coprococcus.s__Coprococcus_catus	0.713508	3.07771	2.54623	1.93872	1.874	2.82682
PWY-6609: adenine and adenosine salvage III|g__Coprococcus.s__Coprococcus_comes	0.849847	0	2.30502	1.81331	0.763587	1.20733
PWY-6609: adenine and adenosine salvage III|g__Coprococcus.s__Coprococcus_comes_CAG_19	0.866208	0	2.00477	4.17166	0.612481	1.63113
PWY-6609: adenine and adenosine salvage III|g__Coprococcus.s__Coprococcus_eutactus	0	0	0	7.32753	2.47007	4.42936
PWY-6609: adenine and adenosine salvage III|g__Desulfovibrio.s__Desulfovibrio_piger	0	5.68896	0	2.34725	0	0
PWY-6609: adenine and adenosine salvage III|g__Dialister.s__Dialister_invisus	0	0	0	0	19.1461	0
PWY-6609: adenine and adenosine salvage III|g__Dialister.s__Dialister_invisus_CAG_218	0	0	0	0	0.059291	0
PWY-6609: adenine and adenosine salvage III|g__Dialister.s__Dialister_sp_CAG_357	0	0	0	0	0	9.36563
PWY-6609: adenine and adenosine salvage III|g__Dorea.s__Dorea_formicigenerans	0.366298	2.11948	0	0	0.18881	0
PWY-6609: adenine and adenosine salvage III|g__Dorea.s__Dorea_formicigenerans_CAG_28	0.253288	1.20561	0	0	0.174131	0
PWY-6609: adenine and adenosine salvage III|g__Dorea.s__Dorea_longicatena	0	0.653153	1.11385	0.680324	0	0.0529416
PWY-6609: adenine and adenosine salvage III|g__Dorea.s__Dorea_longicatena_CAG_42	0	19.3453	0.76862	0.410702	1.64921	3.03964
PWY-6609: adenine and adenosine salvage III|g__Dorea.s__Dorea_sp_CAG_317	0	0.677646	0	0	0	0
PWY-6609: adenine and adenosine salvage III|g__Eggerthella.s__Eggerthella_lenta	0	0	0	0	0.336174	0
PWY-6609: adenine and adenosine salvage III|g__Escherichia.s__Escherichia_coli	0	0	0	22.061	0	0
PWY-6609: adenine and adenosine salvage III|g__Eubacterium.s__Eubacterium_eligens	3.40515	0	0.393025	1.29698	0.320056	0.393091
PWY-6609: adenine and adenosine salvage III|g__Eubacterium.s__Eubacterium_eligens_CAG_72	4.88155	0	0.371378	1.90254	0.12549	0.252796
PWY-6609: adenine and adenosine salvage III|g__Eubacterium.s__Eubacterium_ramulus	1.00376	0	1.3933	5.52073	1.29519	1.21316
PWY-6609: adenine and adenosine salvage III|g__Eubacterium.s__Eubacterium_sp_CAG_180	0	0	0	18.5711	0	0
PWY-6609: adenine and adenosine salvage III|g__Eubacterium.s__Eubacterium_sp_CAG_274	0	0	3.23304	0	0	0
PWY-6609: adenine and adenosine salvage III|g__Eubacterium.s__Eubacterium_sp_CAG_38	0.435982	0.457207	1.80713	0	0	0
PWY-6609: adenine and adenosine salvage III|g__Eubacterium.s__Eubacterium_ventriosum	0	0	1.01433	0.63812	0	0
PWY-6609: adenine and adenosine salvage III|g__Faecalibacterium.s__Faecalibacterium_prausnitzii	73.6025	117.898	41.4318	5.41944	6.5459	9.77381
PWY-6609: adenine and adenosine salvage III|g__Faecalitalea.s__Faecalitalea_cylindroides	0	1.87373	0	0	0	0
PWY-6609: adenine and adenosine salvage III|g__Firmicutes_unclassified.s__Firmicutes_bacterium_CAG_110	0	0.862162	10.6853	3.27477	0	3.66462
PWY-6609: adenine and adenosine salvage III|g__Firmicutes_unclassified.s__Firmicutes_bacterium_CAG_170	0	0	0	0.609663	6.3165	0
PWY-6609: adenine and adenosine salvage III|g__Firmicutes_unclassified.s__Firmicutes_bacterium_CAG_83	0	0.690165	0	1.20437	0	0
PWY-6609: adenine and adenosine salvage III|g__Firmicutes_unclassified.s__Firmicutes_bacterium_CAG_94	0	2.1769	0.369972	0	0	0
PWY-6609: adenine and adenosine salvage III|g__Firmicutes_unclassified.s__Firmicutes_bacterium_CAG_95	0	1.83781	0	3.76626	0	0
PWY-6609: adenine and adenosine salvage III|g__Flavonifractor.s__Flavonifractor_plautii	0	0.947616	0	0	0	0
PWY-6609: adenine and adenosine salvage III|g__Fusicatenibacter.s__Fusicatenibacter_saccharivorans	12.5029	22.7534	7.02778	43.1061	19.7874	2.51102
PWY-6609: adenine and adenosine salvage III|g__Gemmiger.s__Gemmiger_formicilis	14.0263	10.3263	4.21391	7.70519	2.67443	1.01674
PWY-6609: adenine and adenosine salvage III|g__Intestinibacter.s__Intestinibacter_bartlettii	0	0	0	0.462794	0	0
PWY-6609: adenine and adenosine salvage III|g__Lachnospira.s__Lachnospira_pectinoschiza	0	0	2.86166	0	0	0.418239
PWY-6609: adenine and adenosine salvage III|g__Lachnospiraceae_unclassified.s__Eubacterium_rectale	79.413	0	0	0	0	0
PWY-6609: adenine and adenosine salvage III|g__Megamonas.s__Megamonas_funiformis	0	5.96193	0	0	0	0
PWY-6609: adenine and adenosine salvage III|g__Megamonas.s__Megamonas_funiformis_CAG_377	0	17.1126	0	0	0	0
PWY-6609: adenine and adenosine salvage III|g__Megamonas.s__Megamonas_hypermegale	0	13.2672	0	0	0	0
PWY-6609: adenine and adenosine salvage III|g__Monoglobus.s__Monoglobus_pectinilyticus	0	0	0	0	0	1.29045
PWY-6609: adenine and adenosine salvage III|g__Oscillibacter.s__Oscillibacter_sp_CAG_241	0	5.92001	4.16809	0	0	0
PWY-6609: adenine and adenosine salvage III|g__Parabacteroides.s__Parabacteroides_distasonis	2.33382	1.24915	3.58895	0.274686	11.971	2.87235
PWY-6609: adenine and adenosine salvage III|g__Parabacteroides.s__Parabacteroides_goldsteinii	0	0	0.477927	0	0	0
PWY-6609: adenine and adenosine salvage III|g__Parabacteroides.s__Parabacteroides_merdae	1.31128	0.670298	2.91564	0.445671	0	0
PWY-6609: adenine and adenosine salvage III|g__Phascolarctobacterium.s__Phascolarctobacterium_faecium	6.08951	0	0	0	0	0
PWY-6609: adenine and adenosine salvage III|g__Phascolarctobacterium.s__Phascolarctobacterium_sp_CAG_266	0	17.7568	6.37949	0	0	0
PWY-6609: adenine and adenosine salvage III|g__Prevotella.s__Prevotella_copri	0	4.80557	0	0	0	0
PWY-6609: adenine and adenosine salvage III|g__Prevotella.s__Prevotella_copri_CAG_164	0	4.53805	0	0	0	0
PWY-6609: adenine and adenosine salvage III|g__Prevotella.s__Prevotella_sp_CAG_279	0	3.58064	0	0	0	66.6307
PWY-6609: adenine and adenosine salvage III|g__Prevotella.s__Prevotella_sp_CAG_485	0	0	0	3.62011	0	0
PWY-6609: adenine and adenosine salvage III|g__Roseburia.s__Roseburia_faecis	0	0.75167	13.3924	0	0	16.6655
PWY-6609: adenine and adenosine salvage III|g__Roseburia.s__Roseburia_hominis	0	4.93294	0	3.22147	1.5856	0.560916
PWY-6609: adenine and adenosine salvage III|g__Roseburia.s__Roseburia_intestinalis	0	0.529598	0.593192	0.209089	0	0.391238
PWY-6609: adenine and adenosine salvage III|g__Roseburia.s__Roseburia_intestinalis_CAG_13	0	0.383999	0.321617	0.194619	0	0.945802
PWY-6609: adenine and adenosine salvage III|g__Roseburia.s__Roseburia_inulinivorans	0	0	0.351698	0	0	0
PWY-6609: adenine and adenosine salvage III|g__Roseburia.s__Roseburia_sp_CAG_182	0	0	0	8.42675	0.292713	0
PWY-6609: adenine and adenosine salvage III|g__Roseburia.s__Roseburia_sp_CAG_471	5.43448	0	0	0	0.291562	1.78625
PWY-6609: adenine and adenosine salvage III|g__Ruminococcaceae_unclassified.s__Eubacterium_siraeum	0	0	4.69493	2.44781	1.10379	20.3481
PWY-6609: adenine and adenosine salvage III|g__Ruminococcus.s__Ruminococcus_bicirculans	7.12084	2.54866	0	3.75661	0	1.0366
PWY-6609: adenine and adenosine salvage III|g__Ruminococcus.s__Ruminococcus_callidus	0	0	0	5.38085	0	0
PWY-6609: adenine and adenosine salvage III|g__Ruminococcus.s__Ruminococcus_lactaris	0	0	1.85998	9.11094	0.863749	0.375091
PWY-6609: adenine and adenosine salvage III|g__Ruthenibacterium.s__Ruthenibacterium_lactatiformans	0	0.552186	0	1.00131	0.471162	0.42115
PWY-6609: adenine and adenosine salvage III|g__Streptococcus.s__Streptococcus_salivarius	0	0	0	0.389962	0	0
PWY-6609: adenine and adenosine salvage III|g__Streptococcus.s__Streptococcus_thermophilus	0	0	0	0.331118	0	0
PWY-6609: adenine and adenosine salvage III|g__Streptococcus.s__Streptococcus_thermophilus_CAG_236	0	0	0	0.280474	0	0
PWY-6609: adenine and adenosine salvage III|unclassified	110.17	241.111	253.571	203.184	260.106	202.902
PWY-6612: superpathway of tetrahydrofolate biosynthesis	8.81145	45.7732	17.9532	43.8156	11.7157	16.6853
PWY-6612: superpathway of tetrahydrofolate biosynthesis|g__Escherichia.s__Escherichia_coli	0	0	0	7.95262	0	0
PWY-6612: superpathway of tetrahydrofolate biosynthesis|unclassified	0	8.53426	4.20829	8.08478	0.43576	1.50619
PWY-6628: superpathway of L-phenylalanine biosynthesis	0	1.16152	1.69524	118.351	3.71231	0
PWY-6628: superpathway of L-phenylalanine biosynthesis|g__Escherichia.s__Escherichia_coli	0	0	0	20.0041	0	0
PWY-6628: superpathway of L-phenylalanine biosynthesis|unclassified	0	1.12887	1.67078	28.2586	3.61905	0
PWY-6629: superpathway of L-tryptophan biosynthesis	0	0	2.03597	110.135	0	0
PWY-6629: superpathway of L-tryptophan biosynthesis|g__Escherichia.s__Escherichia_coli	0	0	0	18.4023	0	0
PWY-6629: superpathway of L-tryptophan biosynthesis|unclassified	0	0	2.01629	24.0983	0	0
PWY-6630: superpathway of L-tyrosine biosynthesis	0	0	1.6913	69.6412	1.1887	0
PWY-6630: superpathway of L-tyrosine biosynthesis|g__Escherichia.s__Escherichia_coli	0	0	0	5.86342	0	0
PWY-6630: superpathway of L-tyrosine biosynthesis|unclassified	0	0	1.66572	17.1154	1.1792	0
PWY-6690: cinnamate and 3-hydroxycinnamate degradation to 2-oxopent-4-enoate	0	0	0	19.2343	0.461088	0.301767
PWY-6690: cinnamate and 3-hydroxycinnamate degradation to 2-oxopent-4-enoate|g__Escherichia.s__Escherichia_coli	0	0	0	18.1792	0	0
PWY-6690: cinnamate and 3-hydroxycinnamate degradation to 2-oxopent-4-enoate|unclassified	0	0	0	0.454835	0.461088	0.301767
PWY-6700: queuosine biosynthesis	542.996	698.38	524.986	446.514	517.521	482.809
PWY-6700: queuosine biosynthesis|g__Agathobaculum.s__Agathobaculum_butyriciproducens	5.59475	8.6804	2.56956	2.18591	2.40071	2.52928
PWY-6700: queuosine biosynthesis|g__Akkermansia.s__Akkermansia_muciniphila	0	1.82066	1.35366	13.1755	12.6123	14.8684
PWY-6700: queuosine biosynthesis|g__Anaerostipes.s__Anaerostipes_hadrus	12.2657	0	5.91477	11.9178	5.25186	9.34816
PWY-6700: queuosine biosynthesis|g__Bacteroides.s__Bacteroides_caccae	0.798341	0	0	0.762561	1.4368	0
PWY-6700: queuosine biosynthesis|g__Bacteroides.s__Bacteroides_cellulosilyticus	3.20761	0	0	5.1597	0	5.76931
PWY-6700: queuosine biosynthesis|g__Bacteroides.s__Bacteroides_clarus	0	0.73017	0	1.84611	2.97174	0
PWY-6700: queuosine biosynthesis|g__Bacteroides.s__Bacteroides_coprocola	33.9627	0	0	0	0	0
PWY-6700: queuosine biosynthesis|g__Bacteroides.s__Bacteroides_coprocola_CAG_162	55.0634	0	0	0	0	0
PWY-6700: queuosine biosynthesis|g__Bacteroides.s__Bacteroides_dorei	0	1.32617	3.44473	4.74008	35.8958	23.0463
PWY-6700: queuosine biosynthesis|g__Bacteroides.s__Bacteroides_eggerthii	0	0	10.4073	4.67786	40.4339	0
PWY-6700: queuosine biosynthesis|g__Bacteroides.s__Bacteroides_faecis	0	0	0	0	1.84263	0
PWY-6700: queuosine biosynthesis|g__Bacteroides.s__Bacteroides_finegoldii	0	0	0	0.425896	0	0
PWY-6700: queuosine biosynthesis|g__Bacteroides.s__Bacteroides_fragilis	0	0	0	0	0	1.42439
PWY-6700: queuosine biosynthesis|g__Bacteroides.s__Bacteroides_fragilis_CAG_47	0	0	0	0	0	1.13216
PWY-6700: queuosine biosynthesis|g__Bacteroides.s__Bacteroides_massiliensis	9.458	1.22983	7.26928	0	7.69631	0
PWY-6700: queuosine biosynthesis|g__Bacteroides.s__Bacteroides_ovatus	11.1568	0	0	3.23546	8.87033	3.10873
PWY-6700: queuosine biosynthesis|g__Bacteroides.s__Bacteroides_plebeius	0	3.26631	0	1.4465	0	0
PWY-6700: queuosine biosynthesis|g__Bacteroides.s__Bacteroides_plebeius_CAG_211	0	2.57778	0	1.52247	0	0
PWY-6700: queuosine biosynthesis|g__Bacteroides.s__Bacteroides_salyersiae	2.54651	0	1.86026	0.462794	0	0
PWY-6700: queuosine biosynthesis|g__Bacteroides.s__Bacteroides_sp_CAG_598	0	12.4094	0	0	0	0
PWY-6700: queuosine biosynthesis|g__Bacteroides.s__Bacteroides_sp_CAG_633	0	2.14778	0	0	0	0
PWY-6700: queuosine biosynthesis|g__Bacteroides.s__Bacteroides_stercoris	0	0	1.09474	1.53187	0	9.14195
PWY-6700: queuosine biosynthesis|g__Bacteroides.s__Bacteroides_thetaiotaomicron	4.5813	0	5.07784	0	0	1.66845
PWY-6700: queuosine biosynthesis|g__Bacteroides.s__Bacteroides_uniformis	3.57481	2.78515	8.48912	5.08084	16.1107	13.9064
PWY-6700: queuosine biosynthesis|g__Bacteroides.s__Bacteroides_uniformis_CAG_3	4.7443	3.67344	10.9777	3.68619	13.8157	13.7635
PWY-6700: queuosine biosynthesis|g__Bacteroides.s__Bacteroides_vulgatus	28.3646	5.714	9.99712	3.14381	0	0
PWY-6700: queuosine biosynthesis|g__Bacteroides.s__Bacteroides_vulgatus_CAG_6	26.6158	6.03486	9.23525	2.58263	0	0
PWY-6700: queuosine biosynthesis|g__Bacteroides.s__Bacteroides_xylanisolvens	0	0	1.42732	0	1.55308	3.4142
PWY-6700: queuosine biosynthesis|g__Barnesiella.s__Barnesiella_intestinihominis	0	0.582667	0.514756	1.37029	25.4649	3.68421
PWY-6700: queuosine biosynthesis|g__Barnesiella.s__Barnesiella_viscericola	0	0	6.29459	0	0	0
PWY-6700: queuosine biosynthesis|g__Bilophila.s__Bilophila_wadsworthia	0	0	0	0	2.67126	0
PWY-6700: queuosine biosynthesis|g__Blautia.s__Blautia_obeum	13.3461	13.6637	10.9637	0	7.80885	5.31957
PWY-6700: queuosine biosynthesis|g__Blautia.s__Blautia_wexlerae	4.48919	0	0	7.79056	0	2.92132
PWY-6700: queuosine biosynthesis|g__Blautia.s__Ruminococcus_torques	0	16.2638	26.4834	19.6187	7.55355	4.63451
PWY-6700: queuosine biosynthesis|g__Butyricimonas.s__Butyricimonas_virosa	0	0.428359	0	0.732656	0	0
PWY-6700: queuosine biosynthesis|g__Butyrivibrio.s__Butyrivibrio_crossotus	0	0	13.6862	0	0	0
PWY-6700: queuosine biosynthesis|g__Butyrivibrio.s__Butyrivibrio_crossotus_CAG_259	0	0	1.22096	0	0	0
PWY-6700: queuosine biosynthesis|g__Butyrivibrio.s__Butyrivibrio_sp_CAG_318	0	2.82734	0	0	0	0
PWY-6700: queuosine biosynthesis|g__Clostridium.s__Clostridium_sp_CAG_167	0	0	1.25245	0	0	0
PWY-6700: queuosine biosynthesis|g__Clostridium.s__Clostridium_sp_CAG_253	0	0	0	0.638361	0	0
PWY-6700: queuosine biosynthesis|g__Clostridium.s__Clostridium_sp_CAG_411	0	0	0.314026	0	0	0
PWY-6700: queuosine biosynthesis|g__Clostridium.s__Clostridium_sp_CAG_58	0	0.55899	0	0	0	0
PWY-6700: queuosine biosynthesis|g__Clostridium.s__Clostridium_sp_CAG_632	0	0	8.44751	0	0	0
PWY-6700: queuosine biosynthesis|g__Coprococcus.s__Coprococcus_catus	0.778042	3.00341	1.82147	1.71058	2.65428	2.79346
PWY-6700: queuosine biosynthesis|g__Coprococcus.s__Coprococcus_comes	0.56202	0.827327	1.16193	2.83199	0.568157	0.565681
PWY-6700: queuosine biosynthesis|g__Coprococcus.s__Coprococcus_comes_CAG_19	0.673818	0.585388	1.33201	2.35641	0.4159	1.12898
PWY-6700: queuosine biosynthesis|g__Coprococcus.s__Coprococcus_eutactus	0	0	0	7.61572	2.75674	3.54126
PWY-6700: queuosine biosynthesis|g__Desulfovibrio.s__Desulfovibrio_piger	0	5.74448	0	3.09896	0	0
PWY-6700: queuosine biosynthesis|g__Dialister.s__Dialister_invisus	0	0	0	0	13.8197	0
PWY-6700: queuosine biosynthesis|g__Dialister.s__Dialister_invisus_CAG_218	0	0	0	0	4.6955	0
PWY-6700: queuosine biosynthesis|g__Dialister.s__Dialister_sp_CAG_357	0	0	0	0	0	9.41619
PWY-6700: queuosine biosynthesis|g__Dialister.s__Dialister_succinatiphilus	0	0	0	7.64201	0	0
PWY-6700: queuosine biosynthesis|g__Dorea.s__Dorea_formicigenerans	0.428105	1.29324	0.244024	0	0.309119	0.597711
PWY-6700: queuosine biosynthesis|g__Dorea.s__Dorea_formicigenerans_CAG_28	0	0.311336	0	0	0	0.097942
PWY-6700: queuosine biosynthesis|g__Dorea.s__Dorea_longicatena	0	10.7585	1.37053	0.41432	0.43173	1.20919
PWY-6700: queuosine biosynthesis|g__Dorea.s__Dorea_longicatena_CAG_42	0	6.96914	0.358164	0.180632	0.724731	0.822183
PWY-6700: queuosine biosynthesis|g__Dorea.s__Dorea_sp_CAG_317	0	1.22847	0	0	0	0
PWY-6700: queuosine biosynthesis|g__Escherichia.s__Escherichia_coli	0	0	0	17.9744	0	0
PWY-6700: queuosine biosynthesis|g__Eubacterium.s__Eubacterium_eligens	5.33025	0	0.270451	1.97152	0.212987	0.356032
PWY-6700: queuosine biosynthesis|g__Eubacterium.s__Eubacterium_eligens_CAG_72	7.20567	0	0.529375	2.63399	0.361214	0.254649
PWY-6700: queuosine biosynthesis|g__Eubacterium.s__Eubacterium_hallii	3.06066	2.69534	3.95415	0.5636	1.62762	3.48541
PWY-6700: queuosine biosynthesis|g__Eubacterium.s__Eubacterium_hallii_CAG_12	1.09071	0	2.77423	0.509097	0.942323	1.61392
PWY-6700: queuosine biosynthesis|g__Eubacterium.s__Eubacterium_ramulus	0.814399	0	0.728699	2.10391	0.592334	0.998478
PWY-6700: queuosine biosynthesis|g__Eubacterium.s__Eubacterium_sp_CAG_180	0	0	0	16.3644	0	0
PWY-6700: queuosine biosynthesis|g__Eubacterium.s__Eubacterium_sp_CAG_274	0	0	2.63282	0	0	0
PWY-6700: queuosine biosynthesis|g__Eubacterium.s__Eubacterium_sp_CAG_38	1.16525	0.398423	1.7405	0	0	0.411091
PWY-6700: queuosine biosynthesis|g__Eubacterium.s__Eubacterium_ventriosum	0	0	0.348325	0	0	0
PWY-6700: queuosine biosynthesis|g__Faecalibacterium.s__Faecalibacterium_prausnitzii	50.8051	57.1438	25.925	4.3178	4.84488	8.37165
PWY-6700: queuosine biosynthesis|g__Firmicutes_unclassified.s__Firmicutes_bacterium_CAG_110	0	0.700234	10.6572	2.68343	0	3.60215
PWY-6700: queuosine biosynthesis|g__Firmicutes_unclassified.s__Firmicutes_bacterium_CAG_170	0	0	0	0.764972	3.6297	0
PWY-6700: queuosine biosynthesis|g__Firmicutes_unclassified.s__Firmicutes_bacterium_CAG_83	0	0.419106	0	1.26273	0	0
PWY-6700: queuosine biosynthesis|g__Firmicutes_unclassified.s__Firmicutes_bacterium_CAG_94	0	1.8457	0.385997	0	0	0
PWY-6700: queuosine biosynthesis|g__Firmicutes_unclassified.s__Firmicutes_bacterium_CAG_95	0	1.63833	0	3.66883	0	0
PWY-6700: queuosine biosynthesis|g__Fusicatenibacter.s__Fusicatenibacter_saccharivorans	2.65498	9.22851	2.78182	18.3333	3.94112	0.970684
PWY-6700: queuosine biosynthesis|g__Gemmiger.s__Gemmiger_formicilis	13.2779	10.0722	4.3348	8.20006	2.36243	0.821918
PWY-6700: queuosine biosynthesis|g__Intestinibacter.s__Intestinibacter_bartlettii	0	0	0	0.838768	0	0
PWY-6700: queuosine biosynthesis|g__Lachnospira.s__Lachnospira_pectinoschiza	0	0	3.8431	0	0	0.760241
PWY-6700: queuosine biosynthesis|g__Lachnospiraceae_unclassified.s__Eubacterium_rectale	63.2844	0	0	10.0956	1.38183	0
PWY-6700: queuosine biosynthesis|g__Lawsonibacter.s__Lawsonibacter_asaccharolyticus	0	1.44565	0	0	0	0
PWY-6700: queuosine biosynthesis|g__Megamonas.s__Megamonas_funiformis	0	12.985	0	0	0	0
PWY-6700: queuosine biosynthesis|g__Monoglobus.s__Monoglobus_pectinilyticus	0	0	0	0	0	2.59202
PWY-6700: queuosine biosynthesis|g__Oscillibacter.s__Oscillibacter_sp_CAG_241	0	2.5492	1.71548	0	0	0
PWY-6700: queuosine biosynthesis|g__Oxalobacter.s__Oxalobacter_formigenes	0	0	0	1.16675	0	0
PWY-6700: queuosine biosynthesis|g__Parabacteroides.s__Parabacteroides_distasonis	3.24124	1.32427	5.51556	0.130952	15.692	3.10105
PWY-6700: queuosine biosynthesis|g__Parabacteroides.s__Parabacteroides_goldsteinii	0	0	1.36631	0	0	0
PWY-6700: queuosine biosynthesis|g__Parabacteroides.s__Parabacteroides_merdae	1.77968	0.366038	3.61819	0.949463	0	0
PWY-6700: queuosine biosynthesis|g__Parabacteroides.s__Parabacteroides_sp_CAG_409	0	3.23773	0	0	0	0
PWY-6700: queuosine biosynthesis|g__Paraprevotella.s__Paraprevotella_clara	0	2.04845	0	0	0	0
PWY-6700: queuosine biosynthesis|g__Paraprevotella.s__Paraprevotella_clara_CAG_116	0	1.61683	0	0	0	0
PWY-6700: queuosine biosynthesis|g__Paraprevotella.s__Paraprevotella_xylaniphila	2.0569	0	0	0	3.47054	0
PWY-6700: queuosine biosynthesis|g__Parasutterella.s__Parasutterella_excrementihominis	0	0	0	0	2.60449	0.84336
PWY-6700: queuosine biosynthesis|g__Phascolarctobacterium.s__Phascolarctobacterium_faecium	7.37564	0	0	0	0	0
PWY-6700: queuosine biosynthesis|g__Phascolarctobacterium.s__Phascolarctobacterium_sp_CAG_266	0	25.5317	8.06629	0	0	0
PWY-6700: queuosine biosynthesis|g__Prevotella.s__Prevotella_copri	0	3.88898	0	0	0	0
PWY-6700: queuosine biosynthesis|g__Prevotella.s__Prevotella_copri_CAG_164	0	7.10549	0	0	0	0
PWY-6700: queuosine biosynthesis|g__Prevotella.s__Prevotella_sp_CAG_279	0	4.5952	0	0	0	73.4493
PWY-6700: queuosine biosynthesis|g__Prevotella.s__Prevotella_sp_CAG_485	0	0	0	3.09582	0	0
PWY-6700: queuosine biosynthesis|g__Roseburia.s__Roseburia_faecis	0	0.8227	12.3376	0	0	16.2052
PWY-6700: queuosine biosynthesis|g__Roseburia.s__Roseburia_hominis	0	6.41532	0	2.36944	2.11836	0.791477
PWY-6700: queuosine biosynthesis|g__Roseburia.s__Roseburia_intestinalis	0	0	0.0733759	0.175085	0	0.280326
PWY-6700: queuosine biosynthesis|g__Roseburia.s__Roseburia_intestinalis_CAG_13	0	0	0.0854647	0.041239	0	0.224472
PWY-6700: queuosine biosynthesis|g__Roseburia.s__Roseburia_inulinivorans	0.378417	1.23255	0	1.08741	0	1.87546
PWY-6700: queuosine biosynthesis|g__Roseburia.s__Roseburia_inulinivorans_CAG_15	0.413259	1.5409	0	0.796806	0	1.41381
PWY-6700: queuosine biosynthesis|g__Roseburia.s__Roseburia_sp_CAG_182	0	0	0	7.28436	0	0
PWY-6700: queuosine biosynthesis|g__Roseburia.s__Roseburia_sp_CAG_471	5.24997	0	0	0	0.218456	1.55331
PWY-6700: queuosine biosynthesis|g__Ruminococcaceae_unclassified.s__Eubacterium_siraeum	0	0	3.56084	2.0962	0.786613	16.8778
PWY-6700: queuosine biosynthesis|g__Ruminococcus.s__Ruminococcus_bicirculans	6.05346	2.1603	0	2.9381	0	0.91139
PWY-6700: queuosine biosynthesis|g__Ruminococcus.s__Ruminococcus_bromii	0	70.3457	29.6714	15.604	14.779	30.7953
PWY-6700: queuosine biosynthesis|g__Ruminococcus.s__Ruminococcus_callidus	0	0	0	4.07519	0	0
PWY-6700: queuosine biosynthesis|g__Ruminococcus.s__Ruminococcus_lactaris	0	0	1.94123	8.15424	0.320344	0.361856
PWY-6700: queuosine biosynthesis|g__Ruthenibacterium.s__Ruthenibacterium_lactatiformans	0	0.270514	0	0.568182	0.373879	0.324532
PWY-6700: queuosine biosynthesis|g__Streptococcus.s__Streptococcus_salivarius	0	0	0	0.202095	0	0
PWY-6700: queuosine biosynthesis|g__Streptococcus.s__Streptococcus_thermophilus_CAG_236	0	0	0	0.0988772	0	0
PWY-6700: queuosine biosynthesis|unclassified	106.65	220.964	196.091	144.47	206.453	176.949
PWY-6703: preQ0 biosynthesis	277.266	198.195	237.471	236.309	343.961	296.572
PWY-6703: preQ0 biosynthesis|g__Akkermansia.s__Akkermansia_muciniphila	0	1.61683	1.05791	12.9819	12.5947	13.3212
PWY-6703: preQ0 biosynthesis|g__Alistipes.s__Alistipes_putredinis	0	0	0	22.7533	47.5606	32.5776
PWY-6703: preQ0 biosynthesis|g__Anaerostipes.s__Anaerostipes_hadrus	13.8002	0	4.83972	8.90546	3.68295	7.38985
PWY-6703: preQ0 biosynthesis|g__Bacteroides.s__Bacteroides_caccae	0.613829	0	0	0.81007	0.93225	0
PWY-6703: preQ0 biosynthesis|g__Bacteroides.s__Bacteroides_cellulosilyticus	0	0	0	0	0	1.07524
PWY-6703: preQ0 biosynthesis|g__Bacteroides.s__Bacteroides_clarus	0	0.494763	0	1.4506	2.18427	0
PWY-6703: preQ0 biosynthesis|g__Bacteroides.s__Bacteroides_coprocola	47.8965	0	0	0	0	0
PWY-6703: preQ0 biosynthesis|g__Bacteroides.s__Bacteroides_coprocola_CAG_162	28.0468	0	0	0	0	0
PWY-6703: preQ0 biosynthesis|g__Bacteroides.s__Bacteroides_dorei	0	0.928021	4.1366	5.02417	31.6346	21.6245
PWY-6703: preQ0 biosynthesis|g__Bacteroides.s__Bacteroides_eggerthii	0	0	9.04492	3.97704	32.76	0
PWY-6703: preQ0 biosynthesis|g__Bacteroides.s__Bacteroides_faecis	0	0	0	0	1.71627	0
PWY-6703: preQ0 biosynthesis|g__Bacteroides.s__Bacteroides_fragilis	0	0	0	0	0	1.60016
PWY-6703: preQ0 biosynthesis|g__Bacteroides.s__Bacteroides_fragilis_CAG_47	0	0	0	0	0	1.11204
PWY-6703: preQ0 biosynthesis|g__Bacteroides.s__Bacteroides_massiliensis	10.2791	0.972381	6.74552	0	8.17899	0
PWY-6703: preQ0 biosynthesis|g__Bacteroides.s__Bacteroides_ovatus	9.13624	0	0	3.35556	3.20948	1.26372
PWY-6703: preQ0 biosynthesis|g__Bacteroides.s__Bacteroides_plebeius	0	0.90625	0	0.667301	0	0
PWY-6703: preQ0 biosynthesis|g__Bacteroides.s__Bacteroides_plebeius_CAG_211	0	0.718468	0	1.5285	0	0
PWY-6703: preQ0 biosynthesis|g__Bacteroides.s__Bacteroides_salyersiae	2.22202	0	0.784363	0.404191	0	0
PWY-6703: preQ0 biosynthesis|g__Bacteroides.s__Bacteroides_sp_CAG_144	0	0	3.03006	0	1.2169	0
PWY-6703: preQ0 biosynthesis|g__Bacteroides.s__Bacteroides_sp_CAG_598	0	8.13502	0	0	0	0
PWY-6703: preQ0 biosynthesis|g__Bacteroides.s__Bacteroides_sp_CAG_633	0	0.776435	0	0	0	0
PWY-6703: preQ0 biosynthesis|g__Bacteroides.s__Bacteroides_stercoris	0	0	0.615402	1.07559	0	6.78791
PWY-6703: preQ0 biosynthesis|g__Bacteroides.s__Bacteroides_thetaiotaomicron	4.0726	0	4.26789	0	0	2.02184
PWY-6703: preQ0 biosynthesis|g__Bacteroides.s__Bacteroides_uniformis	2.97128	1.64077	7.24088	3.67269	12.4995	8.53604
PWY-6703: preQ0 biosynthesis|g__Bacteroides.s__Bacteroides_uniformis_CAG_3	3.12823	2.92667	8.27236	2.80932	9.78445	8.35207
PWY-6703: preQ0 biosynthesis|g__Bacteroides.s__Bacteroides_vulgatus	19.0678	3.44457	6.199	1.17085	0	0
PWY-6703: preQ0 biosynthesis|g__Bacteroides.s__Bacteroides_vulgatus_CAG_6	25.1155	4.6695	8.39466	2.11211	0	0
PWY-6703: preQ0 biosynthesis|g__Bacteroides.s__Bacteroides_xylanisolvens	0	0	1.71745	0	9.20449	1.98319
PWY-6703: preQ0 biosynthesis|g__Barnesiella.s__Barnesiella_intestinihominis	0.585955	0.846377	0.285632	0.791259	19.4474	3.41235
PWY-6703: preQ0 biosynthesis|g__Barnesiella.s__Barnesiella_viscericola	0	0	3.77253	0	0	0
PWY-6703: preQ0 biosynthesis|g__Bilophila.s__Bilophila_wadsworthia	0	0	0	0	2.75041	0
PWY-6703: preQ0 biosynthesis|g__Blautia.s__Blautia_obeum	18.7339	8.16768	8.92769	0	4.94418	4.74992
PWY-6703: preQ0 biosynthesis|g__Blautia.s__Ruminococcus_torques	0	9.79076	1.43125	4.52858	0.57708	0.514857
PWY-6703: preQ0 biosynthesis|g__Butyricimonas.s__Butyricimonas_virosa	0	0.419106	0	0	0	0
PWY-6703: preQ0 biosynthesis|g__Butyrivibrio.s__Butyrivibrio_crossotus	0	0	13.2299	0	0	0
PWY-6703: preQ0 biosynthesis|g__Butyrivibrio.s__Butyrivibrio_crossotus_CAG_259	0	0	2.59683	0	0	0
PWY-6703: preQ0 biosynthesis|g__Clostridium.s__Clostridium_sp_CAG_253	0	0	0	0.440366	0	0
PWY-6703: preQ0 biosynthesis|g__Clostridium.s__Clostridium_sp_CAG_411	0	0	0.302219	0	0	0
PWY-6703: preQ0 biosynthesis|g__Clostridium.s__Clostridium_sp_CAG_632	0	0	7.78544	0	0	0
PWY-6703: preQ0 biosynthesis|g__Coprobacter.s__Coprobacter_fastidiosus	0	0	0	0	0	0.330091
PWY-6703: preQ0 biosynthesis|g__Coprococcus.s__Coprococcus_catus	0.324487	3.32863	0.962321	1.56974	1.64921	2.04222
PWY-6703: preQ0 biosynthesis|g__Coprococcus.s__Coprococcus_eutactus	0	0	0	1.73903	2.00956	0.870625
PWY-6703: preQ0 biosynthesis|g__Desulfovibrio.s__Desulfovibrio_piger	0	5.12181	0	3.03384	0	0
PWY-6703: preQ0 biosynthesis|g__Dialister.s__Dialister_invisus	0	0	0	0	4.48107	0
PWY-6703: preQ0 biosynthesis|g__Dialister.s__Dialister_sp_CAG_357	0	0	0	0	0	9.7889
PWY-6703: preQ0 biosynthesis|g__Dialister.s__Dialister_succinatiphilus	0	0	0	4.58308	0	0
PWY-6703: preQ0 biosynthesis|g__Escherichia.s__Escherichia_coli	0	0	0	13.0742	0	0
PWY-6703: preQ0 biosynthesis|g__Eubacterium.s__Eubacterium_eligens	10.6769	0	1.1102	3.83306	0.189674	0.557475
PWY-6703: preQ0 biosynthesis|g__Eubacterium.s__Eubacterium_eligens_CAG_72	8.939	0	0.400897	2.63568	0.177009	0.490769
PWY-6703: preQ0 biosynthesis|g__Eubacterium.s__Eubacterium_hallii	2.31807	0	3.10175	0.62365	1.06983	3.67574
PWY-6703: preQ0 biosynthesis|g__Eubacterium.s__Eubacterium_hallii_CAG_12	1.21221	0	3.61622	0.680324	1.29318	3.748
PWY-6703: preQ0 biosynthesis|g__Eubacterium.s__Eubacterium_ramulus	0	0	1.03317	3.68595	0.675514	0.33115
PWY-6703: preQ0 biosynthesis|g__Eubacterium.s__Eubacterium_sp_CAG_274	0	0	1.84311	0	0	0
PWY-6703: preQ0 biosynthesis|g__Eubacterium.s__Eubacterium_sp_CAG_38	0.755016	0.392164	2.19425	0	0	0
PWY-6703: preQ0 biosynthesis|g__Intestinibacter.s__Intestinibacter_bartlettii	0	0	0	0.492939	0	0
PWY-6703: preQ0 biosynthesis|g__Lachnospira.s__Lachnospira_pectinoschiza	0	0	2.37474	0	0	0.663623
PWY-6703: preQ0 biosynthesis|g__Megamonas.s__Megamonas_funiformis	0	3.7344	0	0	0	0
PWY-6703: preQ0 biosynthesis|g__Megamonas.s__Megamonas_funiformis_CAG_377	0	6.37913	0	0	0	0
PWY-6703: preQ0 biosynthesis|g__Megamonas.s__Megamonas_hypermegale	0	3.01784	0	0	0	0
PWY-6703: preQ0 biosynthesis|g__Monoglobus.s__Monoglobus_pectinilyticus	0	0	0	0	0	2.06393
PWY-6703: preQ0 biosynthesis|g__Odoribacter.s__Odoribacter_laneus	0	0	1.37081	0	0	0
PWY-6703: preQ0 biosynthesis|g__Odoribacter.s__Odoribacter_laneus_CAG_561	0	0	0.925492	0	0	0
PWY-6703: preQ0 biosynthesis|g__Oxalobacter.s__Oxalobacter_formigenes	0	0	0	0.875425	0	0
PWY-6703: preQ0 biosynthesis|g__Parabacteroides.s__Parabacteroides_distasonis	3.16731	1.15799	4.32412	0.326777	14.1213	3.15664
PWY-6703: preQ0 biosynthesis|g__Parabacteroides.s__Parabacteroides_goldsteinii	0	0	0.551303	0	0	0
PWY-6703: preQ0 biosynthesis|g__Parabacteroides.s__Parabacteroides_merdae	1.72908	0.380462	2.86279	0.991184	0	0
PWY-6703: preQ0 biosynthesis|g__Prevotella.s__Prevotella_sp_CAG_279	0	4.56826	0	0	0	69.3201
PWY-6703: preQ0 biosynthesis|g__Roseburia.s__Roseburia_sp_CAG_471	6.90391	0	0	0	0	1.80319
PWY-6703: preQ0 biosynthesis|g__Ruminococcus.s__Ruminococcus_callidus	0	0	0	4.91661	0	0
PWY-6703: preQ0 biosynthesis|g__Ruminococcus.s__Ruminococcus_lactaris	0	0	2.15602	7.05043	0.335311	0.303355
PWY-6703: preQ0 biosynthesis|g__Streptococcus.s__Streptococcus_salivarius	0	0	0	0.137463	0	0
PWY-6703: preQ0 biosynthesis|g__Streptococcus.s__Streptococcus_salivarius_CAG_79	0	0	0	0.264557	0	0
PWY-6703: preQ0 biosynthesis|g__Streptococcus.s__Streptococcus_thermophilus_CAG_236	0	0	0	0.170262	0	0
PWY-6703: preQ0 biosynthesis|unclassified	18.6906	57.9807	61.4736	57.3712	18.7955	32.3669
PWY-6708: ubiquinol-8 biosynthesis (prokaryotic)	0	0	0	0.980091	0.173268	0
PWY-6708: ubiquinol-8 biosynthesis (prokaryotic)|unclassified	0	0	0	0	0.164058	0
PWY-6731: starch degradation III	22.9531	0.615597	53.1818	36.3825	29.714	63.1516
PWY-6731: starch degradation III|unclassified	4.04564	0	0	8.19017	0.757255	0.591622
PWY-6737: starch degradation V	762.825	801.202	701.274	587.444	663.526	670.464
PWY-6737: starch degradation V|g__Alistipes.s__Alistipes_finegoldii	8.28003	0	2.12959	31.1099	80.3784	6.42579
PWY-6737: starch degradation V|g__Anaerostipes.s__Anaerostipes_hadrus	17.5529	0	8.43514	15.6745	5.95615	12.5519
PWY-6737: starch degradation V|g__Bacteroides.s__Bacteroides_cellulosilyticus	5.48659	0	0	8.56156	0	7.32685
PWY-6737: starch degradation V|g__Bacteroides.s__Bacteroides_clarus	0	0.539123	0	2.32169	2.58635	0
PWY-6737: starch degradation V|g__Bacteroides.s__Bacteroides_eggerthii	0	0	13.8068	5.84292	46.5641	0
PWY-6737: starch degradation V|g__Bacteroides.s__Bacteroides_faecis	0	0	0	0	2.28443	0
PWY-6737: starch degradation V|g__Bacteroides.s__Bacteroides_finegoldii	0	0	0	0.890136	0	0
PWY-6737: starch degradation V|g__Bacteroides.s__Bacteroides_stercoris	0	0	0.829907	1.19063	0	6.1174
PWY-6737: starch degradation V|g__Bacteroides.s__Bacteroides_thetaiotaomicron	3.87415	0	3.21139	0	0	1.60095
PWY-6737: starch degradation V|g__Bacteroides.s__Bacteroides_uniformis	2.04388	4.05499	17.0682	7.78067	23.2213	21.4615
PWY-6737: starch degradation V|g__Bacteroides.s__Bacteroides_uniformis_CAG_3	11.0426	3.36564	8.43177	4.73236	9.45835	7.46106
PWY-6737: starch degradation V|g__Bifidobacterium.s__Bifidobacterium_adolescentis	0	1.35529	0	0	0	24.1295
PWY-6737: starch degradation V|g__Bifidobacterium.s__Bifidobacterium_longum	5.61323	0.157301	15.974	2.72202	3.40405	19.3449
PWY-6737: starch degradation V|g__Bifidobacterium.s__Bifidobacterium_longum_CAG_69	4.46344	0.227515	12.3851	2.93714	3.4691	16.4685
PWY-6737: starch degradation V|g__Blautia.s__Blautia_obeum	16.561	55.7722	12.3719	0	13.7489	9.7664
PWY-6737: starch degradation V|g__Blautia.s__Blautia_wexlerae	7.35413	0	0	8.84131	0	4.14268
PWY-6737: starch degradation V|g__Blautia.s__Ruminococcus_torques	0	25.1009	39.1144	38.3227	16.638	10.8202
PWY-6737: starch degradation V|g__Butyrivibrio.s__Butyrivibrio_crossotus	0	0	11.8259	0	0	0
PWY-6737: starch degradation V|g__Butyrivibrio.s__Butyrivibrio_crossotus_CAG_259	0	0	5.80907	0	0	0
PWY-6737: starch degradation V|g__Clostridium.s__Clostridium_sp_CAG_167	0	0	2.25244	0	0	0
PWY-6737: starch degradation V|g__Clostridium.s__Clostridium_sp_CAG_253	0	0	0	0.50765	0	0
PWY-6737: starch degradation V|g__Clostridium.s__Clostridium_sp_CAG_58	0	0.80746	0	0	0	0
PWY-6737: starch degradation V|g__Coprococcus.s__Coprococcus_catus	0.934075	4.84367	2.1816	2.14491	2.48015	3.75462
PWY-6737: starch degradation V|g__Coprococcus.s__Coprococcus_comes	1.28886	1.37325	2.10625	4.46877	1.09746	1.0816
PWY-6737: starch degradation V|g__Coprococcus.s__Coprococcus_comes_CAG_19	0.866814	1.02327	2.11806	2.85273	0.844752	1.48369
PWY-6737: starch degradation V|g__Coprococcus.s__Coprococcus_eutactus	0	0	0	8.28519	3.99351	4.85448
PWY-6737: starch degradation V|g__Dorea.s__Dorea_formicigenerans	0.463856	2.57451	0	0	0.152257	0.643505
PWY-6737: starch degradation V|g__Dorea.s__Dorea_formicigenerans_CAG_28	0.385082	3.09077	0	0	0.0664865	0.129442
PWY-6737: starch degradation V|g__Dorea.s__Dorea_longicatena_CAG_42	0	24.0513	1.12482	0.578311	1.87572	4.16094
PWY-6737: starch degradation V|g__Dorea.s__Dorea_sp_CAG_317	0	1.22711	0	0	0	0
PWY-6737: starch degradation V|g__Escherichia.s__Escherichia_coli	0	0	0	28.4443	0	0
PWY-6737: starch degradation V|g__Eubacterium.s__Eubacterium_eligens	7.77315	0	0.308966	0	0.160604	0.182119
PWY-6737: starch degradation V|g__Eubacterium.s__Eubacterium_eligens_CAG_72	0	0	0.413267	0	0.383089	0.247237
PWY-6737: starch degradation V|g__Eubacterium.s__Eubacterium_hallii	3.64904	6.5963	1.96344	0.736997	0.560962	2.16134
PWY-6737: starch degradation V|g__Eubacterium.s__Eubacterium_hallii_CAG_12	2.59378	0	6.95975	1.37825	2.7153	5.66422
PWY-6737: starch degradation V|g__Eubacterium.s__Eubacterium_ramulus	0.762287	0	2.27269	6.7374	1.65497	0.713123
PWY-6737: starch degradation V|g__Eubacterium.s__Eubacterium_sp_CAG_180	0	0	0	19.9894	0	0
PWY-6737: starch degradation V|g__Eubacterium.s__Eubacterium_sp_CAG_38	1.04496	0	1.96119	0	0	0
PWY-6737: starch degradation V|g__Eubacterium.s__Eubacterium_ventriosum	0	0	0.865892	0.670677	0	0
PWY-6737: starch degradation V|g__Faecalibacterium.s__Faecalibacterium_prausnitzii	122.433	176.212	78.5606	12.5736	14.8484	22.2183
PWY-6737: starch degradation V|g__Firmicutes_unclassified.s__Firmicutes_bacterium_CAG_110	0	1.19581	13.2102	4.47914	0	3.46767
PWY-6737: starch degradation V|g__Firmicutes_unclassified.s__Firmicutes_bacterium_CAG_170	0	0	0	0.328707	4.23268	0
PWY-6737: starch degradation V|g__Firmicutes_unclassified.s__Firmicutes_bacterium_CAG_94	0	1.59778	0.452907	0	0	0
PWY-6737: starch degradation V|g__Firmicutes_unclassified.s__Firmicutes_bacterium_CAG_95	0	2.23351	0	3.47783	0	0
PWY-6737: starch degradation V|g__Gemmiger.s__Gemmiger_formicilis	16.3968	10.2806	5.29178	9.09791	2.64133	1.25419
PWY-6737: starch degradation V|g__Lachnospiraceae_unclassified.s__Eubacterium_rectale	106.32	0	0	12.0457	1.72577	0
PWY-6737: starch degradation V|g__Megamonas.s__Megamonas_funiformis	0	19.6463	0	0	0	0
PWY-6737: starch degradation V|g__Megamonas.s__Megamonas_hypermegale	0	25.9941	0	0	0	0
PWY-6737: starch degradation V|g__Roseburia.s__Roseburia_faecis	0	1.2731	21.0729	0	0	21.3193
PWY-6737: starch degradation V|g__Roseburia.s__Roseburia_hominis	0	8.92969	0	4.24473	2.58808	1.27325
PWY-6737: starch degradation V|g__Roseburia.s__Roseburia_intestinalis	0	0.868149	1.04357	0.80187	0	1.77248
PWY-6737: starch degradation V|g__Roseburia.s__Roseburia_intestinalis_CAG_13	0	0.741873	0.849024	0.687076	0	2.01946
PWY-6737: starch degradation V|g__Roseburia.s__Roseburia_inulinivorans	1.53791	3.46362	0.23053	1.84322	0	3.14738
PWY-6737: starch degradation V|g__Roseburia.s__Roseburia_inulinivorans_CAG_15	1.16706	4.27407	0.20326	2.42466	0	3.1135
PWY-6737: starch degradation V|g__Roseburia.s__Roseburia_sp_CAG_471	6.55397	0	0	0	0.695662	1.29442
PWY-6737: starch degradation V|g__Ruminococcaceae_unclassified.s__Eubacterium_siraeum	0	0	4.86896	2.61808	1.15358	22.2183
PWY-6737: starch degradation V|g__Ruminococcus.s__Ruminococcus_bicirculans	7.78284	2.089	0	4.10582	0	1.41751
PWY-6737: starch degradation V|g__Ruminococcus.s__Ruminococcus_bromii	0	65.6857	30.4608	13.6277	15.0156	27.135
PWY-6737: starch degradation V|g__Ruminococcus.s__Ruminococcus_lactaris	0	0	2.57434	10.87	0.483538	0.642446
PWY-6737: starch degradation V|g__Ruthenibacterium.s__Ruthenibacterium_lactatiformans	0	0.421556	0	0.844556	0.691056	0.389915
PWY-6737: starch degradation V|g__Streptococcus.s__Streptococcus_salivarius	0	0	0	0.46617	0	0
PWY-6737: starch degradation V|g__Streptococcus.s__Streptococcus_thermophilus	0	0	0	0.199684	0	0
PWY-6737: starch degradation V|g__Streptococcus.s__Streptococcus_thermophilus_CAG_236	0	0	0	0.147834	0	0
PWY-6737: starch degradation V|unclassified	138.217	187.922	210.881	207.27	179.735	182.077
PWY-6749: CMP-legionaminate biosynthesis I	15.1215	0.397879	6.26647	0	0	0
PWY-6749: CMP-legionaminate biosynthesis I|unclassified	10.0124	0.397879	0	0	0	0
PWY-6785: hydrogen production VIII	0	0	0	0.404432	0	0
PWY-6785: hydrogen production VIII|unclassified	0	0	0	0.311584	0	0
PWY-6803: phosphatidylcholine acyl editing	0	1.11526	0.989872	36.9627	2.33998	1.16683
PWY-6803: phosphatidylcholine acyl editing|g__Escherichia.s__Escherichia_coli	0	0	0	19.7212	0	0
PWY-6803: phosphatidylcholine acyl editing|unclassified	0	1.08206	0.985655	1.4424	2.30458	1.15016
PWY-6823: molybdenum cofactor biosynthesis	0	0	0	18.4548	0	0
PWY-6823: molybdenum cofactor biosynthesis|g__Escherichia.s__Escherichia_coli	0	0	0	6.95276	0	0
PWY-6823: molybdenum cofactor biosynthesis|unclassified	0	0	0	0.369463	0	0
PWY-6837: fatty acid beta-oxidation V (unsaturated, odd number, di-isomerase-dependent)	0	0	0	5.03116	0.0866339	0
PWY-6837: fatty acid beta-oxidation V (unsaturated, odd number, di-isomerase-dependent)|g__Escherichia.s__Escherichia_coli	0	0	0	4.66942	0	0
PWY-6837: fatty acid beta-oxidation V (unsaturated, odd number, di-isomerase-dependent)|unclassified	0	0	0	0.333771	0.0771358	0
PWY-6859: all-trans-farnesol biosynthesis	68.9397	24.5741	36.1361	28.0741	50.1858	33.2682
PWY-6859: all-trans-farnesol biosynthesis|g__Escherichia.s__Escherichia_coli	0	0	0	5.26075	0	0
PWY-6859: all-trans-farnesol biosynthesis|unclassified	0	0	0	2.45794	0.0866339	0
PWY-6876: isopropanol biosynthesis	0	1.33651	0.810509	0.666819	1.74793	1.19754
PWY-6876: isopropanol biosynthesis|g__Flavonifractor.s__Flavonifractor_plautii	0	0.638729	0	0	0	0
PWY-6876: isopropanol biosynthesis|unclassified	0	1.32862	0.802356	0.658619	1.68835	1.17054
PWY-6891: thiazole biosynthesis II (Bacillus)	21.5552	41.528	17.6794	99.4775	33.0438	3.57726
PWY-6891: thiazole biosynthesis II (Bacillus)|g__Blautia.s__Blautia_obeum	0	0	1.15827	0	0.917859	0
PWY-6891: thiazole biosynthesis II (Bacillus)|g__Coprococcus.s__Coprococcus_comes	1.13222	0	0	0	0.609315	0
PWY-6891: thiazole biosynthesis II (Bacillus)|g__Escherichia.s__Escherichia_coli	0	0	0	16.9931	0	0
PWY-6891: thiazole biosynthesis II (Bacillus)|g__Eubacterium.s__Eubacterium_eligens	0	0	0	0	0	0.240884
PWY-6891: thiazole biosynthesis II (Bacillus)|g__Ruminococcus.s__Ruminococcus_lactaris	0	0	1.38149	4.6441	0.43576	0
PWY-6891: thiazole biosynthesis II (Bacillus)|unclassified	9.34802	11.5943	1.46443	2.31638	1.12451	1.43128
PWY-6892: thiazole biosynthesis I (E. coli)	262.424	223.504	180.494	215.419	185.459	215.109
PWY-6892: thiazole biosynthesis I (E. coli)|g__Agathobaculum.s__Agathobaculum_butyriciproducens	1.26947	11.6041	2.72531	0	2.51699	2.27675
PWY-6892: thiazole biosynthesis I (E. coli)|g__Anaerostipes.s__Anaerostipes_hadrus	20.6923	0	8.91054	17.9334	6.06898	12.7764
PWY-6892: thiazole biosynthesis I (E. coli)|g__Bacteroides.s__Bacteroides_caccae	0.766226	0	0	1.37584	1.76347	0
PWY-6892: thiazole biosynthesis I (E. coli)|g__Bacteroides.s__Bacteroides_cellulosilyticus	0	0	0	0	0	1.42836
PWY-6892: thiazole biosynthesis I (E. coli)|g__Bacteroides.s__Bacteroides_faecis	0	0	0	0	1.53437	0
PWY-6892: thiazole biosynthesis I (E. coli)|g__Bacteroides.s__Bacteroides_finegoldii	0	0	0	0.653072	0	0
PWY-6892: thiazole biosynthesis I (E. coli)|g__Bacteroides.s__Bacteroides_fragilis	0	0	0	0	0	2.0176
PWY-6892: thiazole biosynthesis I (E. coli)|g__Bacteroides.s__Bacteroides_fragilis_CAG_47	0	0	0	0	0	0.809742
PWY-6892: thiazole biosynthesis I (E. coli)|g__Bacteroides.s__Bacteroides_ovatus	10.23	0	0	3.76867	13.0279	1.9914
PWY-6892: thiazole biosynthesis I (E. coli)|g__Bacteroides.s__Bacteroides_salyersiae	2.30716	0	1.52375	0.4517	0	0
PWY-6892: thiazole biosynthesis I (E. coli)|g__Bacteroides.s__Bacteroides_thetaiotaomicron	4.2353	0	4.6314	0	0	1.6846
PWY-6892: thiazole biosynthesis I (E. coli)|g__Bacteroides.s__Bacteroides_uniformis	7.37928	4.25475	16.0474	5.2663	20.6594	17.4586
PWY-6892: thiazole biosynthesis I (E. coli)|g__Bacteroides.s__Bacteroides_uniformis_CAG_3	0	0	0.168961	0	0	0
PWY-6892: thiazole biosynthesis I (E. coli)|g__Bacteroides.s__Bacteroides_xylanisolvens	0	0	1.03766	0	0	0
PWY-6892: thiazole biosynthesis I (E. coli)|g__Blautia.s__Blautia_obeum	11.3507	51.4211	9.20685	0	15.2556	8.06962
PWY-6892: thiazole biosynthesis I (E. coli)|g__Blautia.s__Blautia_wexlerae	7.3402	0	0	11.0091	0	4.24089
PWY-6892: thiazole biosynthesis I (E. coli)|g__Blautia.s__Ruminococcus_torques	0	0.441967	0.914809	0	0	0
PWY-6892: thiazole biosynthesis I (E. coli)|g__Coprococcus.s__Coprococcus_comes	1.48913	1.23065	1.31318	0.829122	0.760421	0.138972
PWY-6892: thiazole biosynthesis I (E. coli)|g__Coprococcus.s__Coprococcus_comes_CAG_19	2.05175	0.893731	3.75032	5.90683	0.0782871	2.03507
PWY-6892: thiazole biosynthesis I (E. coli)|g__Dorea.s__Dorea_formicigenerans	0.486579	2.50457	0.234466	0	0.195142	0.432798
PWY-6892: thiazole biosynthesis I (E. coli)|g__Escherichia.s__Escherichia_coli	0	0	0	18.5216	0	0
PWY-6892: thiazole biosynthesis I (E. coli)|g__Eubacterium.s__Eubacterium_eligens	6.26827	0	0.238683	2.42997	0.552903	0.26259
PWY-6892: thiazole biosynthesis I (E. coli)|g__Eubacterium.s__Eubacterium_eligens_CAG_72	5.30177	0	0.245149	1.79595	0.330705	0.135266
PWY-6892: thiazole biosynthesis I (E. coli)|g__Eubacterium.s__Eubacterium_hallii	1.31249	0	3.58221	0.701305	1.49523	2.51526
PWY-6892: thiazole biosynthesis I (E. coli)|g__Eubacterium.s__Eubacterium_hallii_CAG_12	1.90784	0	2.9907	0.76859	1.42298	3.35888
PWY-6892: thiazole biosynthesis I (E. coli)|g__Roseburia.s__Roseburia_intestinalis	0	0	0.284226	0	0	1.18139
PWY-6892: thiazole biosynthesis I (E. coli)|g__Roseburia.s__Roseburia_intestinalis_CAG_13	0	0.17744	0.219284	0.402985	0	1.2571
PWY-6892: thiazole biosynthesis I (E. coli)|g__Ruminococcus.s__Ruminococcus_lactaris	0	0	1.50154	5.17249	0.448424	0
PWY-6892: thiazole biosynthesis I (E. coli)|unclassified	59.5178	69.6419	56.4761	47.7801	29.271	25.7434
PWY-6895: superpathway of thiamin diphosphate biosynthesis II	82.9157	111.938	69.142	190.042	123.108	17.0779
PWY-6895: superpathway of thiamin diphosphate biosynthesis II|g__Escherichia.s__Escherichia_coli	0	0	0	19.0628	0	0
PWY-6895: superpathway of thiamin diphosphate biosynthesis II|unclassified	18.9639	24.9308	6.84561	9.78234	5.08492	6.15658
PWY-6897: thiamin salvage II	276.271	303.132	237.728	249.893	300.487	266.217
PWY-6897: thiamin salvage II|g__Agathobaculum.s__Agathobaculum_butyriciproducens	1.14434	8.38784	2.12931	0	1.93732	1.81166
PWY-6897: thiamin salvage II|g__Bacteroides.s__Bacteroides_fragilis	0	0	0	0	0	1.34339
PWY-6897: thiamin salvage II|g__Bacteroides.s__Bacteroides_ovatus	9.86035	0	0	2.58624	3.14875	1.49242
PWY-6897: thiamin salvage II|g__Bacteroides.s__Bacteroides_uniformis	4.34164	2.44034	8.7219	4.68871	10.5371	8.52916
PWY-6897: thiamin salvage II|g__Bacteroides.s__Bacteroides_uniformis_CAG_3	2.56954	1.96	6.64544	2.39404	7.07692	5.72802
PWY-6897: thiamin salvage II|g__Bacteroides.s__Bacteroides_xylanisolvens	0	0	0.947983	0	1.66072	0
PWY-6897: thiamin salvage II|g__Bifidobacterium.s__Bifidobacterium_adolescentis	0	0.600629	0	0	0	9.72008
PWY-6897: thiamin salvage II|g__Blautia.s__Ruminococcus_torques	0	0	3.60273	5.60103	1.10811	0.930978
PWY-6897: thiamin salvage II|g__Dialister.s__Dialister_invisus	0	0	0	0	6.53323	0
PWY-6897: thiamin salvage II|g__Dialister.s__Dialister_invisus_CAG_218	0	0	0	0	12.795	0
PWY-6897: thiamin salvage II|g__Dorea.s__Dorea_longicatena	0	0.313786	0.387965	0	0.224788	0.40818
PWY-6897: thiamin salvage II|g__Escherichia.s__Escherichia_coli	0	0	0	16.7491	0	0
PWY-6897: thiamin salvage II|g__Eubacterium.s__Eubacterium_hallii	0.729869	0	0	0	0.736532	0
PWY-6897: thiamin salvage II|g__Faecalibacterium.s__Faecalibacterium_prausnitzii	10.4596	81.4016	19.4477	2.09499	6.40515	3.93224
PWY-6897: thiamin salvage II|g__Lachnospiraceae_unclassified.s__Eubacterium_rectale	59.2036	0	0	15.9503	1.36801	0
PWY-6897: thiamin salvage II|g__Oxalobacter.s__Oxalobacter_formigenes	0	0	0	1.26056	0	0
PWY-6897: thiamin salvage II|g__Parasutterella.s__Parasutterella_excrementihominis	0	0	0	0	1.69037	0
PWY-6897: thiamin salvage II|g__Prevotella.s__Prevotella_copri	0	1.65901	0	0	0	0
PWY-6897: thiamin salvage II|g__Prevotella.s__Prevotella_copri_CAG_164	0	2.88122	0	0	0	0
PWY-6897: thiamin salvage II|unclassified	26.7503	36.0491	71.3355	48.4634	24.5614	33.9925
PWY-6901: superpathway of glucose and xylose degradation	114.013	120.249	165.61	148.377	140.047	162.564
PWY-6901: superpathway of glucose and xylose degradation|g__Escherichia.s__Escherichia_coli	0	0	0	25.4959	0	0
PWY-6901: superpathway of glucose and xylose degradation|unclassified	0	14.7923	13.3139	19.0462	13.4723	11.9214
PWY-6906: chitin derivatives degradation	0	0.756569	2.26481	0	0	0
PWY-6906: chitin derivatives degradation|unclassified	0	0.412303	0	0	0	0
PWY-6936: seleno-amino acid biosynthesis	314.204	317.222	255.248	296.882	171.164	239.069
PWY-6936: seleno-amino acid biosynthesis|g__Agathobaculum.s__Agathobaculum_butyriciproducens	3.35031	9.51426	2.3798	0	3.83405	2.83635
PWY-6936: seleno-amino acid biosynthesis|g__Anaerostipes.s__Anaerostipes_hadrus	17.6596	0	8.07669	15.2351	5.87096	13.4546
PWY-6936: seleno-amino acid biosynthesis|g__Bacteroides.s__Bacteroides_cellulosilyticus	0	0	0	0	0	2.19602
PWY-6936: seleno-amino acid biosynthesis|g__Bacteroides.s__Bacteroides_dorei	0	0.855902	4.17765	5.66711	30.0329	20.4887
PWY-6936: seleno-amino acid biosynthesis|g__Bacteroides.s__Bacteroides_fragilis	0	0	0	0	0	1.57157
PWY-6936: seleno-amino acid biosynthesis|g__Bacteroides.s__Bacteroides_fragilis_CAG_47	0	0	0	0	0	0.739065
PWY-6936: seleno-amino acid biosynthesis|g__Bacteroides.s__Bacteroides_vulgatus	28.0283	8.12168	9.98559	2.56237	0	0
PWY-6936: seleno-amino acid biosynthesis|g__Bacteroides.s__Bacteroides_vulgatus_CAG_6	27.0557	5.64406	8.53888	2.70248	0	0
PWY-6936: seleno-amino acid biosynthesis|g__Bifidobacterium.s__Bifidobacterium_longum	0	0	6.78376	0	0	0
PWY-6936: seleno-amino acid biosynthesis|g__Blautia.s__Ruminococcus_torques	0	17.8811	41.7734	31.5609	9.01079	4.81636
PWY-6936: seleno-amino acid biosynthesis|g__Butyrivibrio.s__Butyrivibrio_crossotus	0	0	8.35755	0	0	0
PWY-6936: seleno-amino acid biosynthesis|g__Butyrivibrio.s__Butyrivibrio_crossotus_CAG_259	0	0	5.73316	0	0	0
PWY-6936: seleno-amino acid biosynthesis|g__Coprococcus.s__Coprococcus_comes	0.513544	1.44265	1.55832	2.83344	0.971681	0.703594
PWY-6936: seleno-amino acid biosynthesis|g__Coprococcus.s__Coprococcus_comes_CAG_19	1.67455	0.882845	2.79363	2.51221	0.794096	1.74919
PWY-6936: seleno-amino acid biosynthesis|g__Coprococcus.s__Coprococcus_eutactus	0	0	0	7.66009	2.29767	3.98571
PWY-6936: seleno-amino acid biosynthesis|g__Coprococcus.s__Coprococcus_eutactus_CAG_665	0	0	0	0	0.0270551	0.33565
PWY-6936: seleno-amino acid biosynthesis|g__Dorea.s__Dorea_formicigenerans	0.712599	1.64159	0.220128	0	0.160028	0.704917
PWY-6936: seleno-amino acid biosynthesis|g__Dorea.s__Dorea_formicigenerans_CAG_28	0.343575	2.00872	0.161652	0	0.143334	0.297267
PWY-6936: seleno-amino acid biosynthesis|g__Dorea.s__Dorea_longicatena	0	0	0.534716	0.503068	1.44831	0.0934419
PWY-6936: seleno-amino acid biosynthesis|g__Dorea.s__Dorea_longicatena_CAG_42	0	18.6369	0.895973	0.260698	1.74707	3.05605
PWY-6936: seleno-amino acid biosynthesis|g__Escherichia.s__Escherichia_coli	0	0	0	39.4793	0	0
PWY-6936: seleno-amino acid biosynthesis|g__Eubacterium.s__Eubacterium_eligens	5.21967	0	0.260049	2.27586	0.21529	0.432268
PWY-6936: seleno-amino acid biosynthesis|g__Eubacterium.s__Eubacterium_eligens_CAG_72	4.24318	0	0.0829345	1.92159	0.302787	0.361591
PWY-6936: seleno-amino acid biosynthesis|g__Eubacterium.s__Eubacterium_ramulus	1.05648	0	0.364631	0	0	0.767388
PWY-6936: seleno-amino acid biosynthesis|g__Eubacterium.s__Eubacterium_sp_CAG_38	0.649883	0.402505	2.29996	0	0	0
PWY-6936: seleno-amino acid biosynthesis|g__Eubacterium.s__Eubacterium_ventriosum	0	0	0.692995	0.583617	0	0
PWY-6936: seleno-amino acid biosynthesis|g__Faecalibacterium.s__Faecalibacterium_prausnitzii	69.2363	0.672747	0.806292	0	0	3.55688
PWY-6936: seleno-amino acid biosynthesis|g__Flavonifractor.s__Flavonifractor_plautii	0	1.90122	0	0	0	0
PWY-6936: seleno-amino acid biosynthesis|g__Fusicatenibacter.s__Fusicatenibacter_saccharivorans	5.37237	13.6961	4.33705	29.5069	11.5891	1.19066
PWY-6936: seleno-amino acid biosynthesis|g__Lachnospira.s__Lachnospira_pectinoschiza	0	0	2.91423	0	0	0.973067
PWY-6936: seleno-amino acid biosynthesis|g__Lachnospiraceae_unclassified.s__Eubacterium_rectale	97.7303	0	0	12.2827	0	0
PWY-6936: seleno-amino acid biosynthesis|g__Oxalobacter.s__Oxalobacter_formigenes	0	0	0	1.72577	0	0
PWY-6936: seleno-amino acid biosynthesis|g__Parabacteroides.s__Parabacteroides_distasonis	2.7895	1.08832	3.98901	0.39575	12.0387	3.01476
PWY-6936: seleno-amino acid biosynthesis|g__Roseburia.s__Roseburia_faecis	0	0.997147	16.2653	0	0	17.7717
PWY-6936: seleno-amino acid biosynthesis|g__Roseburia.s__Roseburia_inulinivorans	0.390233	0.901079	0	0.719875	0	1.85746
PWY-6936: seleno-amino acid biosynthesis|g__Roseburia.s__Roseburia_inulinivorans_CAG_15	0.464462	1.8955	0	0.902195	0	1.74707
PWY-6936: seleno-amino acid biosynthesis|g__Roseburia.s__Roseburia_sp_CAG_182	0	0	0	8.01243	0.437199	0
PWY-6936: seleno-amino acid biosynthesis|g__Ruminococcus.s__Ruminococcus_bicirculans	6.58488	0	0	3.23835	0	1.29442
PWY-6936: seleno-amino acid biosynthesis|g__Ruminococcus.s__Ruminococcus_callidus	0	0	0	4.14633	0	0
PWY-6936: seleno-amino acid biosynthesis|g__Ruminococcus.s__Ruminococcus_lactaris	0	0	2.17007	10.3416	0.465981	0.494739
PWY-6936: seleno-amino acid biosynthesis|g__Streptococcus.s__Streptococcus_salivarius	0	0	0	0.419143	0	0
PWY-6936: seleno-amino acid biosynthesis|g__Streptococcus.s__Streptococcus_salivarius_CAG_79	0	0	0	0.109971	0	0
PWY-6936: seleno-amino acid biosynthesis|g__Streptococcus.s__Streptococcus_thermophilus	0	0	0	0.587234	0	0
PWY-6936: seleno-amino acid biosynthesis|g__Streptococcus.s__Streptococcus_thermophilus_CAG_236	0	0	0	0.509097	0	0
PWY-6936: seleno-amino acid biosynthesis|unclassified	54.2339	65.5169	55.7221	53.9655	33.0665	44.2692
PWY-6953: dTDP-3-acetamido-3,6-dideoxy-&alpha;-D-galactose biosynthesis	4.84428	0	0	6.07733	0	5.93422
PWY-6953: dTDP-3-acetamido-3,6-dideoxy-&alpha;-D-galactose biosynthesis|g__Bacteroides.s__Bacteroides_cellulosilyticus	3.20215	0	0	4.38822	0	0
PWY-6953: dTDP-3-acetamido-3,6-dideoxy-&alpha;-D-galactose biosynthesis|g__Bacteroides.s__Bacteroides_fragilis	0	0	0	0	0	3.44597
PWY-6969: TCA cycle V (2-oxoglutarate:ferredoxin oxidoreductase)	22.2827	77.4136	82.1406	102.931	50.4817	75.9905
PWY-6969: TCA cycle V (2-oxoglutarate:ferredoxin oxidoreductase)|g__Escherichia.s__Escherichia_coli	0	0	0	23.5569	0	0
PWY-6969: TCA cycle V (2-oxoglutarate:ferredoxin oxidoreductase)|unclassified	7.16447	12.9507	23.5711	10.9751	13.2276	8.80392
PWY-7003: glycerol degradation to butanol	9.43406	31.074	31.7709	35.672	19.8308	38.7514
PWY-7003: glycerol degradation to butanol|unclassified	0	5.51642	6.6595	5.12884	3.21409	4.07756
PWY-7013: L-1,2-propanediol degradation	24.8331	37.2267	30.1808	5.95024	14.2963	27.2242
PWY-7013: L-1,2-propanediol degradation|g__Eubacterium.s__Eubacterium_hallii	3.21215	5.58609	1.18385	0.222594	0.923903	1.15519
PWY-7013: L-1,2-propanediol degradation|g__Eubacterium.s__Eubacterium_hallii_CAG_12	4.48556	1.42442	8.42895	1.69297	2.62521	8.08286
PWY-7013: L-1,2-propanediol degradation|g__Flavonifractor.s__Flavonifractor_plautii	0	0.683906	0	0	0	0
PWY-7013: L-1,2-propanediol degradation|unclassified	0.260256	3.65058	5.78405	1.67898	1.98855	1.4821
PWY-7031: protein N-glycosylation (bacterial)	0	0	0	0.26311	0	0
PWY-7046: 4-coumarate degradation (anaerobic)	3.12792	14.4301	7.50318	14.3719	3.40693	7.39118
PWY-7046: 4-coumarate degradation (anaerobic)|g__Escherichia.s__Escherichia_coli	0	0	0	8.96117	0	0
PWY-7046: 4-coumarate degradation (anaerobic)|unclassified	0	0.661862	0	0	0	0
PWY-7094: fatty acid salvage	0	0	0	24.2543	0.316027	0
PWY-7094: fatty acid salvage|g__Escherichia.s__Escherichia_coli	0	0	0	14.7807	0	0
PWY-7094: fatty acid salvage|unclassified	0	0	0	3.61288	0.304802	0
PWY-7111: pyruvate fermentation to isobutanol (engineered)	625.019	872.131	647.746	594.84	514.806	623.541
PWY-7111: pyruvate fermentation to isobutanol (engineered)|g__Agathobaculum.s__Agathobaculum_butyriciproducens	5.38843	11.6476	4.19339	2.06726	2.48849	3.82371
PWY-7111: pyruvate fermentation to isobutanol (engineered)|g__Akkermansia.s__Akkermansia_muciniphila	0	1.87809	1.11357	11.5566	11.5436	13.9705
PWY-7111: pyruvate fermentation to isobutanol (engineered)|g__Alistipes.s__Alistipes_finegoldii	5.97135	0	7.45454	29.5732	63.2879	11.6257
PWY-7111: pyruvate fermentation to isobutanol (engineered)|g__Alistipes.s__Alistipes_indistinctus	0	0	0	2.12586	1.59222	0.633446
PWY-7111: pyruvate fermentation to isobutanol (engineered)|g__Anaerostipes.s__Anaerostipes_hadrus	18.1583	0	8.15766	17.407	7.28272	13.0078
PWY-7111: pyruvate fermentation to isobutanol (engineered)|g__Bacteroides.s__Bacteroides_caccae	1.27068	0	0	1.14432	1.89415	0
PWY-7111: pyruvate fermentation to isobutanol (engineered)|g__Bacteroides.s__Bacteroides_cellulosilyticus	3.99534	0	0	5.29307	0	5.46728
PWY-7111: pyruvate fermentation to isobutanol (engineered)|g__Bacteroides.s__Bacteroides_clarus	0	0.42972	0	1.74892	2.02741	0
PWY-7111: pyruvate fermentation to isobutanol (engineered)|g__Bacteroides.s__Bacteroides_coprocola	31.8237	0	0	0	0	0
PWY-7111: pyruvate fermentation to isobutanol (engineered)|g__Bacteroides.s__Bacteroides_coprocola_CAG_162	35.8148	0	0	0	0	0
PWY-7111: pyruvate fermentation to isobutanol (engineered)|g__Bacteroides.s__Bacteroides_dorei	0	0.882573	4.37529	5.09049	33.0726	21.1899
PWY-7111: pyruvate fermentation to isobutanol (engineered)|g__Bacteroides.s__Bacteroides_eggerthii	0	0	8.49249	3.439	31.1459	0
PWY-7111: pyruvate fermentation to isobutanol (engineered)|g__Bacteroides.s__Bacteroides_faecis	0	0	0	0	1.47134	0
PWY-7111: pyruvate fermentation to isobutanol (engineered)|g__Bacteroides.s__Bacteroides_finegoldii	0	0	0	0.584582	0	0
PWY-7111: pyruvate fermentation to isobutanol (engineered)|g__Bacteroides.s__Bacteroides_fragilis	0	0	0	0	0	2.02528
PWY-7111: pyruvate fermentation to isobutanol (engineered)|g__Bacteroides.s__Bacteroides_fragilis_CAG_47	0	0	0	0	0	1.05195
PWY-7111: pyruvate fermentation to isobutanol (engineered)|g__Bacteroides.s__Bacteroides_massiliensis	8.22822	0.951154	5.72079	0	6.21548	0
PWY-7111: pyruvate fermentation to isobutanol (engineered)|g__Bacteroides.s__Bacteroides_ovatus	12.9265	0	0	4.25799	7.44764	2.76196
PWY-7111: pyruvate fermentation to isobutanol (engineered)|g__Bacteroides.s__Bacteroides_plebeius	0	0.994425	0	1.30639	0	0
PWY-7111: pyruvate fermentation to isobutanol (engineered)|g__Bacteroides.s__Bacteroides_plebeius_CAG_211	0	0.770448	0	0.638602	0	0
PWY-7111: pyruvate fermentation to isobutanol (engineered)|g__Bacteroides.s__Bacteroides_salyersiae	2.53379	0	1.67893	0.467858	0	0
PWY-7111: pyruvate fermentation to isobutanol (engineered)|g__Bacteroides.s__Bacteroides_sp_CAG_144	0	0	2.96343	0	1.19848	0
PWY-7111: pyruvate fermentation to isobutanol (engineered)|g__Bacteroides.s__Bacteroides_sp_CAG_598	0	8.37233	0	0	0	0
PWY-7111: pyruvate fermentation to isobutanol (engineered)|g__Bacteroides.s__Bacteroides_sp_CAG_633	0	0.841479	0	0	0	0
PWY-7111: pyruvate fermentation to isobutanol (engineered)|g__Bacteroides.s__Bacteroides_stercoris	0	0	0.791673	1.16386	0	6.11078
PWY-7111: pyruvate fermentation to isobutanol (engineered)|g__Bacteroides.s__Bacteroides_thetaiotaomicron	5.30662	0	4.58164	0	0	2.07663
PWY-7111: pyruvate fermentation to isobutanol (engineered)|g__Bacteroides.s__Bacteroides_uniformis	2.02388	2.14452	7.93078	4.12728	8.56409	9.44346
PWY-7111: pyruvate fermentation to isobutanol (engineered)|g__Bacteroides.s__Bacteroides_uniformis_CAG_3	4.03685	2.54566	7.0275	2.8672	9.80834	5.02336
PWY-7111: pyruvate fermentation to isobutanol (engineered)|g__Bacteroides.s__Bacteroides_vulgatus	17.8053	5.70094	8.43092	2.18905	0	0
PWY-7111: pyruvate fermentation to isobutanol (engineered)|g__Bacteroides.s__Bacteroides_vulgatus_CAG_6	21.5095	3.68024	6.03257	1.82826	0	0
PWY-7111: pyruvate fermentation to isobutanol (engineered)|g__Bacteroides.s__Bacteroides_xylanisolvens	0	0	2.00448	0	9.17485	3.06717
PWY-7111: pyruvate fermentation to isobutanol (engineered)|g__Barnesiella.s__Barnesiella_intestinihominis	0.748653	0.847466	0.385153	0.906294	21.8188	3.51241
PWY-7111: pyruvate fermentation to isobutanol (engineered)|g__Barnesiella.s__Barnesiella_viscericola	0	0	5.05338	0	0	0
PWY-7111: pyruvate fermentation to isobutanol (engineered)|g__Bifidobacterium.s__Bifidobacterium_adolescentis	0	2.09662	0	0	0	23.9553
PWY-7111: pyruvate fermentation to isobutanol (engineered)|g__Bifidobacterium.s__Bifidobacterium_longum	6.14465	0.153219	18.7527	2.98175	3.92644	25.2243
PWY-7111: pyruvate fermentation to isobutanol (engineered)|g__Bifidobacterium.s__Bifidobacterium_longum_CAG_69	4.11169	0.142061	10.6862	2.743	2.928	13.3664
PWY-7111: pyruvate fermentation to isobutanol (engineered)|g__Bifidobacterium.s__Bifidobacterium_pseudocatenulatum	0	0	12.7281	2.1548	0	12.1869
PWY-7111: pyruvate fermentation to isobutanol (engineered)|g__Bilophila.s__Bilophila_wadsworthia	0	0	0	0	2.00755	0
PWY-7111: pyruvate fermentation to isobutanol (engineered)|g__Blautia.s__Blautia_obeum	10.023	44.4617	13.3361	0	10.7504	3.379
PWY-7111: pyruvate fermentation to isobutanol (engineered)|g__Blautia.s__Blautia_wexlerae	9.56252	0	0	14.3864	0	6.70452
PWY-7111: pyruvate fermentation to isobutanol (engineered)|g__Blautia.s__Ruminococcus_torques	0	17.2427	34.0653	15.7326	10.3719	7.31256
PWY-7111: pyruvate fermentation to isobutanol (engineered)|g__Butyrivibrio.s__Butyrivibrio_crossotus	0	0	17.9678	0	0	0
PWY-7111: pyruvate fermentation to isobutanol (engineered)|g__Butyrivibrio.s__Butyrivibrio_crossotus_CAG_259	0	0	14.8638	0	0	0
PWY-7111: pyruvate fermentation to isobutanol (engineered)|g__Butyrivibrio.s__Butyrivibrio_sp_CAG_318	0	3.53247	0	0	0	0
PWY-7111: pyruvate fermentation to isobutanol (engineered)|g__Clostridium.s__Clostridium_sp_CAG_411	0	0	0.59263	0	0	0
PWY-7111: pyruvate fermentation to isobutanol (engineered)|g__Clostridium.s__Clostridium_sp_CAG_632	0	0	6.95188	0	0	0
PWY-7111: pyruvate fermentation to isobutanol (engineered)|g__Coprobacter.s__Coprobacter_fastidiosus	0	0	0	0	0	0.370591
PWY-7111: pyruvate fermentation to isobutanol (engineered)|g__Coprococcus.s__Coprococcus_catus	0.810157	3.71862	2.27212	2.24548	2.56477	3.20773
PWY-7111: pyruvate fermentation to isobutanol (engineered)|g__Coprococcus.s__Coprococcus_comes	2.57287	2.77372	4.36235	5.4778	1.41291	1.38231
PWY-7111: pyruvate fermentation to isobutanol (engineered)|g__Coprococcus.s__Coprococcus_comes_CAG_19	1.80452	2.05335	3.01938	4.65977	1.46846	1.75104
PWY-7111: pyruvate fermentation to isobutanol (engineered)|g__Coprococcus.s__Coprococcus_eutactus	0	0	0	8.90209	3.63776	4.94951
PWY-7111: pyruvate fermentation to isobutanol (engineered)|g__Coprococcus.s__Coprococcus_eutactus_CAG_665	0	0	0	0.41842	0.174131	0.318179
PWY-7111: pyruvate fermentation to isobutanol (engineered)|g__Desulfovibrio.s__Desulfovibrio_piger	0	6.55929	0	3.71248	0	0
PWY-7111: pyruvate fermentation to isobutanol (engineered)|g__Dorea.s__Dorea_formicigenerans	0.652307	3.59207	0.59516	0	0.412734	1.15704
PWY-7111: pyruvate fermentation to isobutanol (engineered)|g__Dorea.s__Dorea_formicigenerans_CAG_28	0.267528	1.7099	0.0908062	0	0.245223	0.356032
PWY-7111: pyruvate fermentation to isobutanol (engineered)|g__Dorea.s__Dorea_longicatena	0	17.3007	1.48101	0.885313	1.36772	2.42367
PWY-7111: pyruvate fermentation to isobutanol (engineered)|g__Dorea.s__Dorea_longicatena_CAG_42	0	25.3385	2.56085	1.01482	2.8382	3.68765
PWY-7111: pyruvate fermentation to isobutanol (engineered)|g__Dorea.s__Dorea_sp_CAG_317	0	1.3621	0	0	0	0
PWY-7111: pyruvate fermentation to isobutanol (engineered)|g__Eggerthella.s__Eggerthella_lenta	0.36751	0	0	0	0.718687	0
PWY-7111: pyruvate fermentation to isobutanol (engineered)|g__Escherichia.s__Escherichia_coli	0	0	0	69.0489	0	0
PWY-7111: pyruvate fermentation to isobutanol (engineered)|g__Eubacterium.s__Eubacterium_eligens	0.333273	0	0.455437	3.66087	0.398055	0.139501
PWY-7111: pyruvate fermentation to isobutanol (engineered)|g__Eubacterium.s__Eubacterium_eligens_CAG_72	4.44859	0	0.552428	0.803317	0.220758	0.41215
PWY-7111: pyruvate fermentation to isobutanol (engineered)|g__Eubacterium.s__Eubacterium_hallii	2.98946	4.30673	2.63535	0.785954	1.33664	3.51188
PWY-7111: pyruvate fermentation to isobutanol (engineered)|g__Eubacterium.s__Eubacterium_hallii_CAG_12	2.57681	1.45653	5.09836	0.941504	1.61956	2.89061
PWY-7111: pyruvate fermentation to isobutanol (engineered)|g__Eubacterium.s__Eubacterium_ramulus	1.88087	0	1.93533	3.7952	0.881881	1.78757
PWY-7111: pyruvate fermentation to isobutanol (engineered)|g__Eubacterium.s__Eubacterium_sp_CAG_180	0	0	0	20.1717	0	0
PWY-7111: pyruvate fermentation to isobutanol (engineered)|g__Eubacterium.s__Eubacterium_sp_CAG_274	0	0	3.93615	0	0	0
PWY-7111: pyruvate fermentation to isobutanol (engineered)|g__Eubacterium.s__Eubacterium_sp_CAG_38	0.798644	0.748404	1.96203	0	0	0.387268
PWY-7111: pyruvate fermentation to isobutanol (engineered)|g__Eubacterium.s__Eubacterium_ventriosum	0	0	1.17148	0.808864	0	0
PWY-7111: pyruvate fermentation to isobutanol (engineered)|g__Faecalibacterium.s__Faecalibacterium_prausnitzii	92.8167	113.315	41.0183	7.50623	12.5798	12.2107
PWY-7111: pyruvate fermentation to isobutanol (engineered)|g__Faecalitalea.s__Faecalitalea_cylindroides	0	1.2712	0	0	0	0
PWY-7111: pyruvate fermentation to isobutanol (engineered)|g__Firmicutes_unclassified.s__Firmicutes_bacterium_CAG_95	0	1.73875	0	3.80243	0	0
PWY-7111: pyruvate fermentation to isobutanol (engineered)|g__Flavonifractor.s__Flavonifractor_plautii	0	1.95347	0	0	0	0
PWY-7111: pyruvate fermentation to isobutanol (engineered)|g__Gemmiger.s__Gemmiger_formicilis	16.7973	15.2264	7.23301	11.3841	4.98792	3.11323
PWY-7111: pyruvate fermentation to isobutanol (engineered)|g__Intestinibacter.s__Intestinibacter_bartlettii	0	0	0	0.559018	0	0
PWY-7111: pyruvate fermentation to isobutanol (engineered)|g__Lachnospira.s__Lachnospira_pectinoschiza	0	0	3.89258	0	0	0.827212
PWY-7111: pyruvate fermentation to isobutanol (engineered)|g__Lachnospiraceae_unclassified.s__Eubacterium_rectale	75.6897	0	0	22.3381	2.55239	0
PWY-7111: pyruvate fermentation to isobutanol (engineered)|g__Lawsonibacter.s__Lawsonibacter_asaccharolyticus	0	3.453	0	0	0	0
PWY-7111: pyruvate fermentation to isobutanol (engineered)|g__Megamonas.s__Megamonas_funiformis	0	7.72707	0	0	0	0
PWY-7111: pyruvate fermentation to isobutanol (engineered)|g__Megamonas.s__Megamonas_funiformis_CAG_377	0	11.3246	0	0	0	0
PWY-7111: pyruvate fermentation to isobutanol (engineered)|g__Methanobrevibacter.s__Methanobrevibacter_smithii	0	1.03797	2.92998	0	3.2469	2.45914
PWY-7111: pyruvate fermentation to isobutanol (engineered)|g__Methanobrevibacter.s__Methanobrevibacter_smithii_CAG_186	0	0.456935	1.49844	0	5.35835	2.36146
PWY-7111: pyruvate fermentation to isobutanol (engineered)|g__Monoglobus.s__Monoglobus_pectinilyticus	0	0	0	0	0	1.92602
PWY-7111: pyruvate fermentation to isobutanol (engineered)|g__Odoribacter.s__Odoribacter_laneus	0	0	1.45852	0	0	0
PWY-7111: pyruvate fermentation to isobutanol (engineered)|g__Oxalobacter.s__Oxalobacter_formigenes	0	0	0	1.92618	0	0
PWY-7111: pyruvate fermentation to isobutanol (engineered)|g__Parabacteroides.s__Parabacteroides_distasonis	4.94669	1.54879	6.1498	0.266004	15.5725	4.05453
PWY-7111: pyruvate fermentation to isobutanol (engineered)|g__Parabacteroides.s__Parabacteroides_goldsteinii	0	0	0.848743	0	0	0
PWY-7111: pyruvate fermentation to isobutanol (engineered)|g__Parabacteroides.s__Parabacteroides_merdae	1.70121	0.476802	2.54679	1.12841	0	0
PWY-7111: pyruvate fermentation to isobutanol (engineered)|g__Paraprevotella.s__Paraprevotella_clara	0	1.15771	0	0	0	0
PWY-7111: pyruvate fermentation to isobutanol (engineered)|g__Paraprevotella.s__Paraprevotella_clara_CAG_116	0	2.18915	0	0	0	0
PWY-7111: pyruvate fermentation to isobutanol (engineered)|g__Paraprevotella.s__Paraprevotella_xylaniphila	2.3517	0.253369	0	0	3.13609	0
PWY-7111: pyruvate fermentation to isobutanol (engineered)|g__Parasutterella.s__Parasutterella_excrementihominis	0	0	0	0	2.66694	0.801536
PWY-7111: pyruvate fermentation to isobutanol (engineered)|g__Phascolarctobacterium.s__Phascolarctobacterium_faecium	9.59464	0	0	0	0	0
PWY-7111: pyruvate fermentation to isobutanol (engineered)|g__Prevotella.s__Prevotella_copri	0	2.14642	0	0	0	0
PWY-7111: pyruvate fermentation to isobutanol (engineered)|g__Prevotella.s__Prevotella_copri_CAG_164	0	9.44813	0	0	0	0
PWY-7111: pyruvate fermentation to isobutanol (engineered)|g__Prevotella.s__Prevotella_sp_CAG_279	0	4.37123	0	0	0	68.723
PWY-7111: pyruvate fermentation to isobutanol (engineered)|g__Roseburia.s__Roseburia_faecis	0	1.71344	20.3074	0	0	20.355
PWY-7111: pyruvate fermentation to isobutanol (engineered)|g__Roseburia.s__Roseburia_hominis	0	8.30103	0	3.97511	2.07921	1.57819
PWY-7111: pyruvate fermentation to isobutanol (engineered)|g__Roseburia.s__Roseburia_intestinalis	0	1.03987	0.982844	1.51957	0	2.34028
PWY-7111: pyruvate fermentation to isobutanol (engineered)|g__Roseburia.s__Roseburia_intestinalis_CAG_13	0	1.60104	0.604438	0.85155	0	1.72378
PWY-7111: pyruvate fermentation to isobutanol (engineered)|g__Roseburia.s__Roseburia_inulinivorans	0.858028	3.69548	0.288162	1.97055	0	2.02793
PWY-7111: pyruvate fermentation to isobutanol (engineered)|g__Roseburia.s__Roseburia_inulinivorans_CAG_15	0.391142	1.86067	0.267921	1.11128	0	3.57197
PWY-7111: pyruvate fermentation to isobutanol (engineered)|g__Ruminococcaceae_unclassified.s__Eubacterium_siraeum	0	0	6.47479	2.82258	1.30152	26.8827
PWY-7111: pyruvate fermentation to isobutanol (engineered)|g__Ruminococcus.s__Ruminococcus_bicirculans	7.17932	3.0241	0	3.7829	0	1.28701
PWY-7111: pyruvate fermentation to isobutanol (engineered)|g__Ruminococcus.s__Ruminococcus_bromii	0	116.763	46.0902	23.8244	25.026	43.6683
PWY-7111: pyruvate fermentation to isobutanol (engineered)|g__Ruminococcus.s__Ruminococcus_callidus	0	0	0	4.03781	0	0
PWY-7111: pyruvate fermentation to isobutanol (engineered)|g__Ruminococcus.s__Ruminococcus_lactaris	0	0	3.00841	12.8733	1.00334	0.810801
PWY-7111: pyruvate fermentation to isobutanol (engineered)|g__Ruthenibacterium.s__Ruthenibacterium_lactatiformans	0	0.378012	0	0.545513	0.510881	0.231619
PWY-7111: pyruvate fermentation to isobutanol (engineered)|g__Streptococcus.s__Streptococcus_salivarius	0	0	0	0.643426	0	0
PWY-7111: pyruvate fermentation to isobutanol (engineered)|g__Streptococcus.s__Streptococcus_salivarius_CAG_79	0	0	0	0.178944	0	0
PWY-7111: pyruvate fermentation to isobutanol (engineered)|g__Streptococcus.s__Streptococcus_thermophilus	0	0	0	0.477746	0	0
PWY-7111: pyruvate fermentation to isobutanol (engineered)|g__Streptococcus.s__Streptococcus_thermophilus_CAG_236	0	0	0	0.295426	0	0
PWY-7111: pyruvate fermentation to isobutanol (engineered)|unclassified	78.6116	230.968	166.08	169.247	107.491	120.134
PWY-7115: C4 photosynthetic carbon assimilation cycle, NAD-ME type	44.5368	17.7448	60.577	68.643	11.8942	50.9759
PWY-7115: C4 photosynthetic carbon assimilation cycle, NAD-ME type|unclassified	0.884084	9.27259	1.11751	2.9873	2.37164	3.19767
PWY-7117: C4 photosynthetic carbon assimilation cycle, PEPCK type	34.5462	40.1455	78.4467	73.0638	23.4329	117.053
PWY-7117: C4 photosynthetic carbon assimilation cycle, PEPCK type|g__Escherichia.s__Escherichia_coli	0	0	0	20.7307	0	0
PWY-7117: C4 photosynthetic carbon assimilation cycle, PEPCK type|unclassified	9.68705	9.5031	4.18749	7.72352	4.07726	3.05658
PWY-7184: pyrimidine deoxyribonucleotides de novo biosynthesis I	155.231	195.863	141.496	132.455	228.649	231.201
PWY-7184: pyrimidine deoxyribonucleotides de novo biosynthesis I|g__Bacteroides.s__Bacteroides_xylanisolvens	0	0	1.33286	0	4.40624	2.73443
PWY-7184: pyrimidine deoxyribonucleotides de novo biosynthesis I|g__Dialister.s__Dialister_invisus	0	0	0	0	8.79521	0
PWY-7184: pyrimidine deoxyribonucleotides de novo biosynthesis I|g__Dialister.s__Dialister_invisus_CAG_218	0	0	0	0	13.7495	0
PWY-7184: pyrimidine deoxyribonucleotides de novo biosynthesis I|g__Dialister.s__Dialister_sp_CAG_357	0	0	0	0	0	9.81458
PWY-7184: pyrimidine deoxyribonucleotides de novo biosynthesis I|g__Dialister.s__Dialister_succinatiphilus	0	0	0	7.26507	0	0
PWY-7184: pyrimidine deoxyribonucleotides de novo biosynthesis I|g__Escherichia.s__Escherichia_coli	0	0	0	5.77081	0	0
PWY-7184: pyrimidine deoxyribonucleotides de novo biosynthesis I|g__Oxalobacter.s__Oxalobacter_formigenes	0	0	0	1.22005	0	0
PWY-7184: pyrimidine deoxyribonucleotides de novo biosynthesis I|g__Parasutterella.s__Parasutterella_excrementihominis	0	0	0	0	1.6141	0.596122
PWY-7184: pyrimidine deoxyribonucleotides de novo biosynthesis I|g__Streptococcus.s__Streptococcus_thermophilus	0	0	0	0.255875	0	0
PWY-7184: pyrimidine deoxyribonucleotides de novo biosynthesis I|g__Streptococcus.s__Streptococcus_thermophilus_CAG_236	0	0	0	0.0971891	0	0
PWY-7184: pyrimidine deoxyribonucleotides de novo biosynthesis I|unclassified	15.5787	52.517	36.9727	52.5352	26.2109	28.3023
PWY-7187: pyrimidine deoxyribonucleotides de novo biosynthesis II	192.016	286.283	208.121	197.018	299.293	286.063
PWY-7187: pyrimidine deoxyribonucleotides de novo biosynthesis II|g__Escherichia.s__Escherichia_coli	0	0	0	17.8271	0	0
PWY-7187: pyrimidine deoxyribonucleotides de novo biosynthesis II|g__Streptococcus.s__Streptococcus_thermophilus	0	0	0	0.250087	0	0
PWY-7187: pyrimidine deoxyribonucleotides de novo biosynthesis II|g__Streptococcus.s__Streptococcus_thermophilus_CAG_236	0	0	0	0.108041	0	0
PWY-7187: pyrimidine deoxyribonucleotides de novo biosynthesis II|unclassified	33.7485	92.1738	65.6504	81.736	49.3951	51.8396
PWY-7196: superpathway of pyrimidine ribonucleosides salvage	97.9415	115.789	91.0143	103.059	78.0488	143.56
PWY-7196: superpathway of pyrimidine ribonucleosides salvage|unclassified	18.9024	46.7198	17.9937	23.8121	8.29469	6.52585
PWY-7197: pyrimidine deoxyribonucleotide phosphorylation	102.009	160.731	97.4148	89.7174	161.112	172.45
PWY-7197: pyrimidine deoxyribonucleotide phosphorylation|g__Bilophila.s__Bilophila_wadsworthia	0	0	0	0	2.1906	0
PWY-7197: pyrimidine deoxyribonucleotide phosphorylation|g__Desulfovibrio.s__Desulfovibrio_piger	0	4.393	0	3.132	0	0
PWY-7197: pyrimidine deoxyribonucleotide phosphorylation|g__Dialister.s__Dialister_invisus	0	0	0	0	7.18112	0
PWY-7197: pyrimidine deoxyribonucleotide phosphorylation|g__Dialister.s__Dialister_invisus_CAG_218	0	0	0	0	13.3056	0
PWY-7197: pyrimidine deoxyribonucleotide phosphorylation|g__Dialister.s__Dialister_sp_CAG_357	0	0	0	0	0	9.14963
PWY-7197: pyrimidine deoxyribonucleotide phosphorylation|g__Dialister.s__Dialister_succinatiphilus	0	0	0	6.38096	0	0
PWY-7197: pyrimidine deoxyribonucleotide phosphorylation|g__Eggerthella.s__Eggerthella_lenta	0.711084	0	0	0	0.874398	0
PWY-7197: pyrimidine deoxyribonucleotide phosphorylation|g__Escherichia.s__Escherichia_coli	0	0	0	3.51955	0	0
PWY-7197: pyrimidine deoxyribonucleotide phosphorylation|g__Megamonas.s__Megamonas_funiformis	0	10.5381	0	0	0	0
PWY-7197: pyrimidine deoxyribonucleotide phosphorylation|g__Megamonas.s__Megamonas_funiformis_CAG_377	0	16.2045	0	0	0	0
PWY-7197: pyrimidine deoxyribonucleotide phosphorylation|g__Megamonas.s__Megamonas_hypermegale	0	4.18426	0	0	0	0
PWY-7197: pyrimidine deoxyribonucleotide phosphorylation|g__Methanobrevibacter.s__Methanobrevibacter_smithii	0	0.613692	1.04273	0	2.32674	1.1618
PWY-7197: pyrimidine deoxyribonucleotide phosphorylation|g__Methanobrevibacter.s__Methanobrevibacter_smithii_CAG_186	0	0	2.00505	0	0.512608	2.48984
PWY-7197: pyrimidine deoxyribonucleotide phosphorylation|g__Oxalobacter.s__Oxalobacter_formigenes	0	0	0	1.04207	0	0
PWY-7197: pyrimidine deoxyribonucleotide phosphorylation|g__Parasutterella.s__Parasutterella_excrementihominis	0	0	0	0	2.75732	0.774536
PWY-7197: pyrimidine deoxyribonucleotide phosphorylation|g__Phascolarctobacterium.s__Phascolarctobacterium_faecium	8.49332	0	0	0	0	0
PWY-7197: pyrimidine deoxyribonucleotide phosphorylation|g__Phascolarctobacterium.s__Phascolarctobacterium_sp_CAG_266	0	21.1657	6.23077	0	0	0
PWY-7197: pyrimidine deoxyribonucleotide phosphorylation|g__Streptococcus.s__Streptococcus_thermophilus	0	0	0	0.314237	0	0
PWY-7197: pyrimidine deoxyribonucleotide phosphorylation|g__Streptococcus.s__Streptococcus_thermophilus_CAG_236	0	0	0	0.060291	0	0
PWY-7197: pyrimidine deoxyribonucleotide phosphorylation|unclassified	14.1026	48.4114	27.0111	42.6327	17.1558	21.1653
PWY-7198: pyrimidine deoxyribonucleotides de novo biosynthesis IV	27.5296	39.786	89.0902	45.3429	108.653	155.739
PWY-7198: pyrimidine deoxyribonucleotides de novo biosynthesis IV|g__Dialister.s__Dialister_invisus	0	0	0	0	8.86688	0
PWY-7198: pyrimidine deoxyribonucleotides de novo biosynthesis IV|g__Dialister.s__Dialister_invisus_CAG_218	0	0	0	0	13.759	0
PWY-7198: pyrimidine deoxyribonucleotides de novo biosynthesis IV|g__Dialister.s__Dialister_sp_CAG_357	0	0	0	0	0	9.49984
PWY-7198: pyrimidine deoxyribonucleotides de novo biosynthesis IV|g__Dialister.s__Dialister_succinatiphilus	0	0	0	6.88258	0	0
PWY-7198: pyrimidine deoxyribonucleotides de novo biosynthesis IV|g__Escherichia.s__Escherichia_coli	0	0	0	2.87516	0	0
PWY-7198: pyrimidine deoxyribonucleotides de novo biosynthesis IV|unclassified	1.87572	24.3289	9.79892	13.2903	8.55085	8.05136
PWY-7199: pyrimidine deoxyribonucleosides salvage	390.808	384.839	373.75	343.192	491.912	368.922
PWY-7199: pyrimidine deoxyribonucleosides salvage|g__Bacteroides.s__Bacteroides_caccae	0.964372	0	0	1.44698	1.58906	0
PWY-7199: pyrimidine deoxyribonucleosides salvage|g__Bacteroides.s__Bacteroides_cellulosilyticus	4.48283	0	0	5.40039	0	4.9368
PWY-7199: pyrimidine deoxyribonucleosides salvage|g__Bacteroides.s__Bacteroides_clarus	0	0	0	0.491975	0.960744	0
PWY-7199: pyrimidine deoxyribonucleosides salvage|g__Bacteroides.s__Bacteroides_dorei	0	0.945167	4.27323	4.58091	31.2023	20.6226
PWY-7199: pyrimidine deoxyribonucleosides salvage|g__Bacteroides.s__Bacteroides_eggerthii	0	0	8.97463	3.66304	30.3742	0
PWY-7199: pyrimidine deoxyribonucleosides salvage|g__Bacteroides.s__Bacteroides_faecis	0	0	0	0	1.60575	0
PWY-7199: pyrimidine deoxyribonucleosides salvage|g__Bacteroides.s__Bacteroides_finegoldii	0	0	0	0.464723	0	0
PWY-7199: pyrimidine deoxyribonucleosides salvage|g__Bacteroides.s__Bacteroides_fragilis	0	0	0	0	0	2.31567
PWY-7199: pyrimidine deoxyribonucleosides salvage|g__Bacteroides.s__Bacteroides_fragilis_CAG_47	0	0	0	0	0	1.09404
PWY-7199: pyrimidine deoxyribonucleosides salvage|g__Bacteroides.s__Bacteroides_massiliensis	7.35686	1.12261	5.65979	0	6.95374	0
PWY-7199: pyrimidine deoxyribonucleosides salvage|g__Bacteroides.s__Bacteroides_ovatus	12.3508	0	0	3.8116	4.27125	1.27669
PWY-7199: pyrimidine deoxyribonucleosides salvage|g__Bacteroides.s__Bacteroides_plebeius	0	0.947616	0	0.293014	0	0
PWY-7199: pyrimidine deoxyribonucleosides salvage|g__Bacteroides.s__Bacteroides_plebeius_CAG_211	0	2.73181	0	1.29867	0	0
PWY-7199: pyrimidine deoxyribonucleosides salvage|g__Bacteroides.s__Bacteroides_salyersiae	3.20851	0	2.06268	0.558054	0	0
PWY-7199: pyrimidine deoxyribonucleosides salvage|g__Bacteroides.s__Bacteroides_sp_CAG_598	0	9.29355	0	0	0	0
PWY-7199: pyrimidine deoxyribonucleosides salvage|g__Bacteroides.s__Bacteroides_sp_CAG_633	0	1.81359	0	0	0	0
PWY-7199: pyrimidine deoxyribonucleosides salvage|g__Bacteroides.s__Bacteroides_stercoris	0	0	0.797014	1.41756	0	7.28079
PWY-7199: pyrimidine deoxyribonucleosides salvage|g__Bacteroides.s__Bacteroides_thetaiotaomicron	5.02304	0	4.98647	0	0	2.07002
PWY-7199: pyrimidine deoxyribonucleosides salvage|g__Bacteroides.s__Bacteroides_uniformis	7.51441	4.19624	14.161	6.05346	17.4474	4.49554
PWY-7199: pyrimidine deoxyribonucleosides salvage|g__Bacteroides.s__Bacteroides_uniformis_CAG_3	2.6065	2.21555	4.84141	1.67995	8.45558	7.30091
PWY-7199: pyrimidine deoxyribonucleosides salvage|g__Bacteroides.s__Bacteroides_vulgatus	27.8547	6.06589	7.92797	1.8859	0	0
PWY-7199: pyrimidine deoxyribonucleosides salvage|g__Bacteroides.s__Bacteroides_vulgatus_CAG_6	18.2619	3.0856	5.42954	1.77738	0	0
PWY-7199: pyrimidine deoxyribonucleosides salvage|g__Bacteroides.s__Bacteroides_xylanisolvens	0	0	1.43941	0	2.08986	0
PWY-7199: pyrimidine deoxyribonucleosides salvage|g__Barnesiella.s__Barnesiella_intestinihominis	1.00073	1.06165	0.305311	1.50872	20.9835	4.57521
PWY-7199: pyrimidine deoxyribonucleosides salvage|g__Blautia.s__Ruminococcus_torques	0	3.84734	2.21927	8.36719	9.52512	6.15499
PWY-7199: pyrimidine deoxyribonucleosides salvage|g__Escherichia.s__Escherichia_coli	0	0	0	12.3447	0	0
PWY-7199: pyrimidine deoxyribonucleosides salvage|g__Firmicutes_unclassified.s__Firmicutes_bacterium_CAG_110	0	1.1373	14.3249	4.00163	0	4.77004
PWY-7199: pyrimidine deoxyribonucleosides salvage|g__Firmicutes_unclassified.s__Firmicutes_bacterium_CAG_170	0	0	0	1.21354	4.1449	0
PWY-7199: pyrimidine deoxyribonucleosides salvage|g__Firmicutes_unclassified.s__Firmicutes_bacterium_CAG_83	0	0.585388	0	1.8314	0	0
PWY-7199: pyrimidine deoxyribonucleosides salvage|g__Flavonifractor.s__Flavonifractor_plautii	0	0.649887	0	0	0	0
PWY-7199: pyrimidine deoxyribonucleosides salvage|g__Oscillibacter.s__Oscillibacter_sp_CAG_241	0	2.9928	1.80179	0	0	0
PWY-7199: pyrimidine deoxyribonucleosides salvage|g__Parabacteroides.s__Parabacteroides_distasonis	3.82204	1.77331	5.02358	0.482087	13.8986	3.5267
PWY-7199: pyrimidine deoxyribonucleosides salvage|g__Prevotella.s__Prevotella_sp_CAG_279	0	4.49532	0	0	0	72.3844
PWY-7199: pyrimidine deoxyribonucleosides salvage|g__Roseburia.s__Roseburia_hominis	0	4.90627	0	2.6434	1.79974	0.771624
PWY-7199: pyrimidine deoxyribonucleosides salvage|g__Roseburia.s__Roseburia_sp_CAG_471	6.47429	0	0	0	0.710916	1.44213
PWY-7199: pyrimidine deoxyribonucleosides salvage|g__Streptococcus.s__Streptococcus_thermophilus	0	0	0	0.264557	0	0
PWY-7199: pyrimidine deoxyribonucleosides salvage|g__Streptococcus.s__Streptococcus_thermophilus_CAG_236	0	0	0	0.138428	0	0
PWY-7199: pyrimidine deoxyribonucleosides salvage|unclassified	62.3343	126.37	156.077	139.139	201.26	125.651
PWY-7200: superpathway of pyrimidine deoxyribonucleoside salvage	0	4.16657	1.29125	5.13197	9.95081	4.80816
PWY-7200: superpathway of pyrimidine deoxyribonucleoside salvage|unclassified	0	4.03077	1.27129	4.96026	8.21036	4.41771
PWY-7204: pyridoxal 5'-phosphate salvage II (plants)	0	0	0	14.9982	0.317178	0
PWY-7204: pyridoxal 5'-phosphate salvage II (plants)|g__Escherichia.s__Escherichia_coli	0	0	0	11.6236	0	0
PWY-7208: superpathway of pyrimidine nucleobases salvage	173.291	231.615	140.797	132.034	217.872	233.135
PWY-7208: superpathway of pyrimidine nucleobases salvage|g__Anaerostipes.s__Anaerostipes_hadrus	0	0	0	0	0.563552	0
PWY-7208: superpathway of pyrimidine nucleobases salvage|g__Bacteroides.s__Bacteroides_cellulosilyticus	0	0	0	0	0	2.31725
PWY-7208: superpathway of pyrimidine nucleobases salvage|g__Bacteroides.s__Bacteroides_fragilis	0	0	0	0	0	0.271326
PWY-7208: superpathway of pyrimidine nucleobases salvage|g__Bacteroides.s__Bacteroides_fragilis_CAG_47	0	0	0	0	0	1.06466
PWY-7208: superpathway of pyrimidine nucleobases salvage|g__Bilophila.s__Bilophila_wadsworthia	0	0	0	0	2.30026	0
PWY-7208: superpathway of pyrimidine nucleobases salvage|g__Blautia.s__Blautia_obeum	13.3297	7.4356	7.25072	0	3.31914	3.53623
PWY-7208: superpathway of pyrimidine nucleobases salvage|g__Coprococcus.s__Coprococcus_catus	0.995276	3.24916	1.54595	2.18012	2.28644	3.19847
PWY-7208: superpathway of pyrimidine nucleobases salvage|g__Desulfovibrio.s__Desulfovibrio_piger	0	4.78108	0	2.65859	0	0
PWY-7208: superpathway of pyrimidine nucleobases salvage|g__Dialister.s__Dialister_invisus	0	0	0	0	8.20662	0
PWY-7208: superpathway of pyrimidine nucleobases salvage|g__Dialister.s__Dialister_invisus_CAG_218	0	0	0	0	15.1057	0
PWY-7208: superpathway of pyrimidine nucleobases salvage|g__Dialister.s__Dialister_sp_CAG_357	0	0	0	0	0	9.64861
PWY-7208: superpathway of pyrimidine nucleobases salvage|g__Dialister.s__Dialister_succinatiphilus	0	0	0	8.21694	0	0
PWY-7208: superpathway of pyrimidine nucleobases salvage|g__Eggerthella.s__Eggerthella_lenta	0.674121	0	0	0	0.908073	0
PWY-7208: superpathway of pyrimidine nucleobases salvage|g__Escherichia.s__Escherichia_coli	0	0	0	4.90431	0	0
PWY-7208: superpathway of pyrimidine nucleobases salvage|g__Flavonifractor.s__Flavonifractor_plautii	0	0.482245	0	0	0	0
PWY-7208: superpathway of pyrimidine nucleobases salvage|g__Megamonas.s__Megamonas_funiformis	0	21.4169	0	0	0	0
PWY-7208: superpathway of pyrimidine nucleobases salvage|g__Parabacteroides.s__Parabacteroides_goldsteinii	0	0	0.825409	0	0	0
PWY-7208: superpathway of pyrimidine nucleobases salvage|g__Parasutterella.s__Parasutterella_excrementihominis	0	0	0	0	2.79819	0.553769
PWY-7208: superpathway of pyrimidine nucleobases salvage|g__Phascolarctobacterium.s__Phascolarctobacterium_faecium	9.42588	0	0	0	0	0
PWY-7208: superpathway of pyrimidine nucleobases salvage|g__Phascolarctobacterium.s__Phascolarctobacterium_sp_CAG_266	0	21.1148	6.1484	0	0	0
PWY-7208: superpathway of pyrimidine nucleobases salvage|g__Roseburia.s__Roseburia_intestinalis	0	0.115935	0.491703	0.389239	0	1.33254
PWY-7208: superpathway of pyrimidine nucleobases salvage|g__Ruminococcaceae_unclassified.s__Eubacterium_siraeum	0	0	3.76663	2.68126	1.0445	19.7581
PWY-7208: superpathway of pyrimidine nucleobases salvage|g__Streptococcus.s__Streptococcus_thermophilus	0	0	0	0.355958	0	0
PWY-7208: superpathway of pyrimidine nucleobases salvage|g__Streptococcus.s__Streptococcus_thermophilus_CAG_236	0	0	0	0.114312	0	0
PWY-7208: superpathway of pyrimidine nucleobases salvage|unclassified	20.7657	69.3831	39.5631	63.2747	25.0896	31.0074
PWY-7209: superpathway of pyrimidine ribonucleosides degradation	0	2.91497	19.7381	4.81026	0	42.4502
PWY-7210: pyrimidine deoxyribonucleotides biosynthesis from CTP	0	1.02708	6.35728	11.0487	9.80949	7.36285
PWY-7210: pyrimidine deoxyribonucleotides biosynthesis from CTP|g__Escherichia.s__Escherichia_coli	0	0	0	3.13634	0	0
PWY-7210: pyrimidine deoxyribonucleotides biosynthesis from CTP|unclassified	0	1.01429	0	5.17321	0.54398	0
PWY-7211: superpathway of pyrimidine deoxyribonucleotides de novo biosynthesis	116.571	117.186	112.534	122.822	105.1	173.824
PWY-7211: superpathway of pyrimidine deoxyribonucleotides de novo biosynthesis|g__Escherichia.s__Escherichia_coli	0	0	0	5.03358	0	0
PWY-7211: superpathway of pyrimidine deoxyribonucleotides de novo biosynthesis|unclassified	17.6708	37.4172	23.4575	27.0215	11.4391	8.58157
PWY-7219: adenosine ribonucleotides de novo biosynthesis	600.131	856.658	625.815	556.057	674.406	597.625
PWY-7219: adenosine ribonucleotides de novo biosynthesis|g__Agathobaculum.s__Agathobaculum_butyriciproducens	5.14423	11.7837	4.10624	2.07449	2.30112	4.29939
PWY-7219: adenosine ribonucleotides de novo biosynthesis|g__Akkermansia.s__Akkermansia_muciniphila	0	1.74936	0.86533	11.3784	10.3676	13.7781
PWY-7219: adenosine ribonucleotides de novo biosynthesis|g__Alistipes.s__Alistipes_finegoldii	2.44289	0	2.09304	17.4706	28.6534	6.37761
PWY-7219: adenosine ribonucleotides de novo biosynthesis|g__Alistipes.s__Alistipes_indistinctus	0	0	0	1.90037	1.30008	0.851566
PWY-7219: adenosine ribonucleotides de novo biosynthesis|g__Alistipes.s__Alistipes_putredinis	0.877721	2.78406	8.05083	6.39663	37.3363	11.6302
PWY-7219: adenosine ribonucleotides de novo biosynthesis|g__Alistipes.s__Alistipes_putredinis_CAG_67	0.291463	5.45029	1.15377	2.66462	19.3902	11.0187
PWY-7219: adenosine ribonucleotides de novo biosynthesis|g__Alistipes.s__Alistipes_sp_An31A	0	1.3523	0	0	0	0
PWY-7219: adenosine ribonucleotides de novo biosynthesis|g__Anaerostipes.s__Anaerostipes_hadrus	18.5291	0	6.95216	13.9887	6.05142	11.3989
PWY-7219: adenosine ribonucleotides de novo biosynthesis|g__Bacteroides.s__Bacteroides_caccae	0.686543	0	0	0.767384	1.50904	0
PWY-7219: adenosine ribonucleotides de novo biosynthesis|g__Bacteroides.s__Bacteroides_cellulosilyticus	3.48392	0	0	4.82521	0	4.7936
PWY-7219: adenosine ribonucleotides de novo biosynthesis|g__Bacteroides.s__Bacteroides_clarus	0	0.671659	0	1.4424	2.10454	0
PWY-7219: adenosine ribonucleotides de novo biosynthesis|g__Bacteroides.s__Bacteroides_coprocola	30.8339	0	0	0	0	0
PWY-7219: adenosine ribonucleotides de novo biosynthesis|g__Bacteroides.s__Bacteroides_coprocola_CAG_162	41.1456	0	0	0	0	0
PWY-7219: adenosine ribonucleotides de novo biosynthesis|g__Bacteroides.s__Bacteroides_dorei	0	0.977824	3.87993	4.33565	29.4834	19.9955
PWY-7219: adenosine ribonucleotides de novo biosynthesis|g__Bacteroides.s__Bacteroides_eggerthii	0	0	8.98785	2.88215	33.3161	0
PWY-7219: adenosine ribonucleotides de novo biosynthesis|g__Bacteroides.s__Bacteroides_faecis	0	0	0	0	1.72404	0
PWY-7219: adenosine ribonucleotides de novo biosynthesis|g__Bacteroides.s__Bacteroides_finegoldii	0	0	0	0.722045	0	0
PWY-7219: adenosine ribonucleotides de novo biosynthesis|g__Bacteroides.s__Bacteroides_fragilis	0	0	0	0	0	0.446562
PWY-7219: adenosine ribonucleotides de novo biosynthesis|g__Bacteroides.s__Bacteroides_fragilis_CAG_47	0	0	0	0	0	0.800742
PWY-7219: adenosine ribonucleotides de novo biosynthesis|g__Bacteroides.s__Bacteroides_massiliensis	9.36256	1.02654	6.45399	0	7.3328	0
PWY-7219: adenosine ribonucleotides de novo biosynthesis|g__Bacteroides.s__Bacteroides_ovatus	10.1994	0	0	2.95812	2.23521	0.238502
PWY-7219: adenosine ribonucleotides de novo biosynthesis|g__Bacteroides.s__Bacteroides_plebeius	0	0.0960679	0	0.0419625	0	0
PWY-7219: adenosine ribonucleotides de novo biosynthesis|g__Bacteroides.s__Bacteroides_plebeius_CAG_211	0	0.415024	0	1.12551	0	0
PWY-7219: adenosine ribonucleotides de novo biosynthesis|g__Bacteroides.s__Bacteroides_salyersiae	2.28535	0	2.09473	0.41649	0	0
PWY-7219: adenosine ribonucleotides de novo biosynthesis|g__Bacteroides.s__Bacteroides_sp_CAG_144	0	0	3.09556	0	1.50213	0
PWY-7219: adenosine ribonucleotides de novo biosynthesis|g__Bacteroides.s__Bacteroides_sp_CAG_598	0	8.40336	0	0	0	0
PWY-7219: adenosine ribonucleotides de novo biosynthesis|g__Bacteroides.s__Bacteroides_sp_CAG_633	0	1.11254	0	0	0	0
PWY-7219: adenosine ribonucleotides de novo biosynthesis|g__Bacteroides.s__Bacteroides_stercoris	0	0	0.651668	1.0616	0	6.17167
PWY-7219: adenosine ribonucleotides de novo biosynthesis|g__Bacteroides.s__Bacteroides_thetaiotaomicron	4.45072	0	4.67132	0	0	1.84872
PWY-7219: adenosine ribonucleotides de novo biosynthesis|g__Bacteroides.s__Bacteroides_uniformis	4.72127	2.88149	9.91193	4.34578	14.7007	12.2586
PWY-7219: adenosine ribonucleotides de novo biosynthesis|g__Bacteroides.s__Bacteroides_uniformis_CAG_3	3.13701	2.12193	9.01709	3.589	8.74168	7.64212
PWY-7219: adenosine ribonucleotides de novo biosynthesis|g__Bacteroides.s__Bacteroides_vulgatus	41.7158	8.59631	12.2504	3.17927	0	0
PWY-7219: adenosine ribonucleotides de novo biosynthesis|g__Bacteroides.s__Bacteroides_vulgatus_CAG_6	13.3646	2.71439	4.85237	0.73555	0	0
PWY-7219: adenosine ribonucleotides de novo biosynthesis|g__Bacteroides.s__Bacteroides_xylanisolvens	0	0	1.79504	0	1.34815	3.42797
PWY-7219: adenosine ribonucleotides de novo biosynthesis|g__Barnesiella.s__Barnesiella_intestinihominis	0.577775	0.858624	0.569015	1.17326	20.0907	2.92635
PWY-7219: adenosine ribonucleotides de novo biosynthesis|g__Barnesiella.s__Barnesiella_viscericola	0	0	4.92322	0	0	0
PWY-7219: adenosine ribonucleotides de novo biosynthesis|g__Bifidobacterium.s__Bifidobacterium_adolescentis	0	1.96191	0	0	0	18.1248
PWY-7219: adenosine ribonucleotides de novo biosynthesis|g__Bifidobacterium.s__Bifidobacterium_pseudocatenulatum	0	0	9.88607	1.64763	0	10.7988
PWY-7219: adenosine ribonucleotides de novo biosynthesis|g__Bilophila.s__Bilophila_wadsworthia	0	0	0	0	2.23089	0
PWY-7219: adenosine ribonucleotides de novo biosynthesis|g__Blastocystis.s__Blastocystis_sp_subtype_1	0	0	0.279166	0	0	0
PWY-7219: adenosine ribonucleotides de novo biosynthesis|g__Blautia.s__Blautia_obeum	12.1178	22.6965	9.90772	0	9.2658	6.63014
PWY-7219: adenosine ribonucleotides de novo biosynthesis|g__Blautia.s__Blautia_wexlerae	6.44339	0	0	10.8623	0	3.5275
PWY-7219: adenosine ribonucleotides de novo biosynthesis|g__Blautia.s__Ruminococcus_torques	0	21.3921	36.6123	31.0593	11.7471	6.24737
PWY-7219: adenosine ribonucleotides de novo biosynthesis|g__Butyricimonas.s__Butyricimonas_virosa	0	0.733708	0	0.185455	0	0
PWY-7219: adenosine ribonucleotides de novo biosynthesis|g__Butyrivibrio.s__Butyrivibrio_crossotus	0	0	12.3896	0	0	0
PWY-7219: adenosine ribonucleotides de novo biosynthesis|g__Butyrivibrio.s__Butyrivibrio_crossotus_CAG_259	0	0	9.32071	0	0	0
PWY-7219: adenosine ribonucleotides de novo biosynthesis|g__Butyrivibrio.s__Butyrivibrio_sp_CAG_318	0	2.91279	0	0	0	0
PWY-7219: adenosine ribonucleotides de novo biosynthesis|g__Clostridium.s__Clostridium_sp_CAG_167	0	0	1.99324	0	0	0
PWY-7219: adenosine ribonucleotides de novo biosynthesis|g__Clostridium.s__Clostridium_sp_CAG_253	0	0	0	0.538519	0	0
PWY-7219: adenosine ribonucleotides de novo biosynthesis|g__Clostridium.s__Clostridium_sp_CAG_58	0	0.756569	0	0	0	0
PWY-7219: adenosine ribonucleotides de novo biosynthesis|g__Coprococcus.s__Coprococcus_catus	0.718962	3.03145	1.81275	2.04917	2.34113	3.14129
PWY-7219: adenosine ribonucleotides de novo biosynthesis|g__Coprococcus.s__Coprococcus_comes	1.11041	1.45082	1.58053	3.06664	0.635507	0.585534
PWY-7219: adenosine ribonucleotides de novo biosynthesis|g__Coprococcus.s__Coprococcus_comes_CAG_19	0.399322	0.830865	1.4037	2.22691	0.273429	0.64377
PWY-7219: adenosine ribonucleotides de novo biosynthesis|g__Coprococcus.s__Coprococcus_eutactus	0	0	0	7.9097	3.61704	4.12442
PWY-7219: adenosine ribonucleotides de novo biosynthesis|g__Coprococcus.s__Coprococcus_eutactus_CAG_665	0	0	0	0	0	0.10403
PWY-7219: adenosine ribonucleotides de novo biosynthesis|g__Desulfovibrio.s__Desulfovibrio_piger	0	6.12304	0	3.27067	0	0
PWY-7219: adenosine ribonucleotides de novo biosynthesis|g__Dialister.s__Dialister_invisus	0	0	0	0	13.8352	0
PWY-7219: adenosine ribonucleotides de novo biosynthesis|g__Dialister.s__Dialister_invisus_CAG_218	0	0	0	0	8.20144	0
PWY-7219: adenosine ribonucleotides de novo biosynthesis|g__Dialister.s__Dialister_sp_CAG_357	0	0	0	0	0	10.8925
PWY-7219: adenosine ribonucleotides de novo biosynthesis|g__Dialister.s__Dialister_succinatiphilus	0	0	0	9.33498	0	0
PWY-7219: adenosine ribonucleotides de novo biosynthesis|g__Dorea.s__Dorea_formicigenerans	0.102709	1.93986	0.235309	0	0	0.237443
PWY-7219: adenosine ribonucleotides de novo biosynthesis|g__Dorea.s__Dorea_formicigenerans_CAG_28	0.256621	1.61601	0.0716891	0	0	0.29462
PWY-7219: adenosine ribonucleotides de novo biosynthesis|g__Dorea.s__Dorea_longicatena	0	0.929654	0.105144	0.364399	0.92563	0.201972
PWY-7219: adenosine ribonucleotides de novo biosynthesis|g__Dorea.s__Dorea_longicatena_CAG_42	0	10.1734	0.597409	0.485463	0.651625	1.71478
PWY-7219: adenosine ribonucleotides de novo biosynthesis|g__Dorea.s__Dorea_sp_CAG_317	0	1.35012	0	0	0	0
PWY-7219: adenosine ribonucleotides de novo biosynthesis|g__Eggerthella.s__Eggerthella_lenta	0.311459	0	0	0	1.18668	0
PWY-7219: adenosine ribonucleotides de novo biosynthesis|g__Escherichia.s__Escherichia_coli	0	0	0	23.7853	0	0
PWY-7219: adenosine ribonucleotides de novo biosynthesis|g__Eubacterium.s__Eubacterium_hallii	1.3746	1.75426	0	0.523567	0.672924	0.206737
PWY-7219: adenosine ribonucleotides de novo biosynthesis|g__Eubacterium.s__Eubacterium_hallii_CAG_12	1.79453	1.15771	2.37671	0.366087	1.37866	2.14281
PWY-7219: adenosine ribonucleotides de novo biosynthesis|g__Eubacterium.s__Eubacterium_ramulus	1.18554	0	1.58053	3.87358	0.668031	1.44875
PWY-7219: adenosine ribonucleotides de novo biosynthesis|g__Eubacterium.s__Eubacterium_sp_CAG_180	0	0	0	21.8651	0	0
PWY-7219: adenosine ribonucleotides de novo biosynthesis|g__Eubacterium.s__Eubacterium_sp_CAG_274	0	0	3.05171	0	0	0
PWY-7219: adenosine ribonucleotides de novo biosynthesis|g__Eubacterium.s__Eubacterium_ventriosum	0	0	1.17795	0.531284	0	0
PWY-7219: adenosine ribonucleotides de novo biosynthesis|g__Faecalibacterium.s__Faecalibacterium_prausnitzii	99.1522	134.103	51.5838	9.00072	9.80057	14.124
PWY-7219: adenosine ribonucleotides de novo biosynthesis|g__Faecalitalea.s__Faecalitalea_cylindroides	0	1.96436	0	0	0	0
PWY-7219: adenosine ribonucleotides de novo biosynthesis|g__Firmicutes_unclassified.s__Firmicutes_bacterium_CAG_110	0	1.13703	8.60663	3.06809	0	3.49759
PWY-7219: adenosine ribonucleotides de novo biosynthesis|g__Firmicutes_unclassified.s__Firmicutes_bacterium_CAG_83	0	1.79671	0	2.47603	0	0
PWY-7219: adenosine ribonucleotides de novo biosynthesis|g__Firmicutes_unclassified.s__Firmicutes_bacterium_CAG_94	0	2.70977	0.433508	0	0	0
PWY-7219: adenosine ribonucleotides de novo biosynthesis|g__Firmicutes_unclassified.s__Firmicutes_bacterium_CAG_95	0	2.16683	0	4.10051	0	0
PWY-7219: adenosine ribonucleotides de novo biosynthesis|g__Flavonifractor.s__Flavonifractor_plautii	0	0.611787	0	0	0	0
PWY-7219: adenosine ribonucleotides de novo biosynthesis|g__Fusicatenibacter.s__Fusicatenibacter_saccharivorans	6.22676	11.0742	4.21167	26.6219	10.1367	1.46172
PWY-7219: adenosine ribonucleotides de novo biosynthesis|g__Gemmiger.s__Gemmiger_formicilis	12.5656	10.5838	5.67975	9.79536	2.84194	1.37092
PWY-7219: adenosine ribonucleotides de novo biosynthesis|g__Intestinibacter.s__Intestinibacter_bartlettii	0	0	0	0.636432	0	0
PWY-7219: adenosine ribonucleotides de novo biosynthesis|g__Lachnospiraceae_unclassified.s__Eubacterium_rectale	84.9747	0	0	5.1966	1.26555	0
PWY-7219: adenosine ribonucleotides de novo biosynthesis|g__Lawsonibacter.s__Lawsonibacter_asaccharolyticus	0	1.73684	0	0	0	0
PWY-7219: adenosine ribonucleotides de novo biosynthesis|g__Megamonas.s__Megamonas_funiformis	0	24.3487	0	0	0	0
PWY-7219: adenosine ribonucleotides de novo biosynthesis|g__Methanobrevibacter.s__Methanobrevibacter_smithii	0	0.599812	1.86279	0	5.91384	2.6897
PWY-7219: adenosine ribonucleotides de novo biosynthesis|g__Methanobrevibacter.s__Methanobrevibacter_smithii_CAG_186	0	0.775619	1.22209	0	2.15462	2.96446
PWY-7219: adenosine ribonucleotides de novo biosynthesis|g__Monoglobus.s__Monoglobus_pectinilyticus	0	0	0	0	0	2.05572
PWY-7219: adenosine ribonucleotides de novo biosynthesis|g__Odoribacter.s__Odoribacter_laneus	0	0	1.13747	0	0	0
PWY-7219: adenosine ribonucleotides de novo biosynthesis|g__Odoribacter.s__Odoribacter_laneus_CAG_561	0	0	0.701991	0	0	0
PWY-7219: adenosine ribonucleotides de novo biosynthesis|g__Oscillibacter.s__Oscillibacter_sp_CAG_241	0	4.05853	2.01207	0	0	0
PWY-7219: adenosine ribonucleotides de novo biosynthesis|g__Oxalobacter.s__Oxalobacter_formigenes	0	0	0	1.02784	0	0
PWY-7219: adenosine ribonucleotides de novo biosynthesis|g__Parabacteroides.s__Parabacteroides_distasonis	4.14895	1.1422	5.81075	0.454594	16.6406	3.91741
PWY-7219: adenosine ribonucleotides de novo biosynthesis|g__Parabacteroides.s__Parabacteroides_goldsteinii	0	0	0.926617	0	0	0
PWY-7219: adenosine ribonucleotides de novo biosynthesis|g__Parabacteroides.s__Parabacteroides_merdae	1.74423	0.690709	3.13633	0.77703	0	0
PWY-7219: adenosine ribonucleotides de novo biosynthesis|g__Parabacteroides.s__Parabacteroides_sp_CAG_409	0	2.84394	0	0	0	0
PWY-7219: adenosine ribonucleotides de novo biosynthesis|g__Paraprevotella.s__Paraprevotella_clara	0	2.12846	0	0	0	0
PWY-7219: adenosine ribonucleotides de novo biosynthesis|g__Paraprevotella.s__Paraprevotella_clara_CAG_116	0	0.672475	0	0	0	0
PWY-7219: adenosine ribonucleotides de novo biosynthesis|g__Paraprevotella.s__Paraprevotella_xylaniphila	2.23021	0	0	0	3.67345	0
PWY-7219: adenosine ribonucleotides de novo biosynthesis|g__Parasutterella.s__Parasutterella_excrementihominis	0	0	0	0	2.54721	1.00033
PWY-7219: adenosine ribonucleotides de novo biosynthesis|g__Phascolarctobacterium.s__Phascolarctobacterium_faecium	9.66311	0	0	0	0	0
PWY-7219: adenosine ribonucleotides de novo biosynthesis|g__Phascolarctobacterium.s__Phascolarctobacterium_sp_CAG_266	0	19.4109	5.97747	0	0	0
PWY-7219: adenosine ribonucleotides de novo biosynthesis|g__Prevotella.s__Prevotella_copri	0	6.48472	0	0	0	0
PWY-7219: adenosine ribonucleotides de novo biosynthesis|g__Prevotella.s__Prevotella_copri_CAG_164	0	5.49492	0	0	0	0
PWY-7219: adenosine ribonucleotides de novo biosynthesis|g__Prevotella.s__Prevotella_sp_CAG_279	0	3.75182	0	0	0	64.5485
PWY-7219: adenosine ribonucleotides de novo biosynthesis|g__Prevotella.s__Prevotella_sp_CAG_485	0	0	0	3.63748	0	0
PWY-7219: adenosine ribonucleotides de novo biosynthesis|g__Roseburia.s__Roseburia_faecis	0	0.916863	15.2852	0	0	16.5599
PWY-7219: adenosine ribonucleotides de novo biosynthesis|g__Roseburia.s__Roseburia_hominis	0	7.34253	0	4.26161	2.50461	1.32778
PWY-7219: adenosine ribonucleotides de novo biosynthesis|g__Roseburia.s__Roseburia_intestinalis	0	0.346715	0.605843	0.342935	0	1.01224
PWY-7219: adenosine ribonucleotides de novo biosynthesis|g__Roseburia.s__Roseburia_intestinalis_CAG_13	0	0.47408	0.511382	0.466652	0	1.68831
PWY-7219: adenosine ribonucleotides de novo biosynthesis|g__Roseburia.s__Roseburia_inulinivorans	0.467795	1.61982	0.165869	1.09826	0	2.03878
PWY-7219: adenosine ribonucleotides de novo biosynthesis|g__Roseburia.s__Roseburia_inulinivorans_CAG_15	0.42356	2.06151	0.157997	1.10188	0	2.08299
PWY-7219: adenosine ribonucleotides de novo biosynthesis|g__Roseburia.s__Roseburia_sp_CAG_182	0	0	0	7.97891	0.235149	0
PWY-7219: adenosine ribonucleotides de novo biosynthesis|g__Roseburia.s__Roseburia_sp_CAG_471	6.69334	0	0	0	0.554054	1.96254
PWY-7219: adenosine ribonucleotides de novo biosynthesis|g__Ruminococcaceae_unclassified.s__Eubacterium_siraeum	0	0	5.68846	3.05603	1.25432	25.3077
PWY-7219: adenosine ribonucleotides de novo biosynthesis|g__Ruminococcus.s__Ruminococcus_bicirculans	8.56301	3.01512	0	4.2604	0	1.71345
PWY-7219: adenosine ribonucleotides de novo biosynthesis|g__Ruminococcus.s__Ruminococcus_callidus	0	0	0	4.42102	0	0
PWY-7219: adenosine ribonucleotides de novo biosynthesis|g__Ruminococcus.s__Ruminococcus_lactaris	0	0	2.89765	9.9333	0.387406	0.437298
PWY-7219: adenosine ribonucleotides de novo biosynthesis|g__Ruthenibacterium.s__Ruthenibacterium_lactatiformans	0	0.340184	0	0.539966	0.719551	0
PWY-7219: adenosine ribonucleotides de novo biosynthesis|g__Streptococcus.s__Streptococcus_salivarius	0	0	0	1.02712	0	0
PWY-7219: adenosine ribonucleotides de novo biosynthesis|g__Streptococcus.s__Streptococcus_thermophilus	0	0	0	0.365363	0	0
PWY-7219: adenosine ribonucleotides de novo biosynthesis|g__Streptococcus.s__Streptococcus_thermophilus_CAG_236	0	0	0	0.322919	0	0
PWY-7219: adenosine ribonucleotides de novo biosynthesis|unclassified	98.2051	272.772	261.851	210.87	275.027	201
PWY-7220: adenosine deoxyribonucleotides de novo biosynthesis II	340.064	254.096	286.739	350.23	347.885	291.223
PWY-7220: adenosine deoxyribonucleotides de novo biosynthesis II|g__Akkermansia.s__Akkermansia_muciniphila	0	1.59696	1.06044	12.6331	10.4815	13.6192
PWY-7220: adenosine deoxyribonucleotides de novo biosynthesis II|g__Alistipes.s__Alistipes_putredinis	0.332365	4.71821	3.66121	2.29516	14.8826	4.89551
PWY-7220: adenosine deoxyribonucleotides de novo biosynthesis II|g__Alistipes.s__Alistipes_putredinis_CAG_67	0.733202	1.7461	4.91675	4.65374	30.9084	11.2194
PWY-7220: adenosine deoxyribonucleotides de novo biosynthesis II|g__Bacteroides.s__Bacteroides_caccae	0.798947	0	0	1.2924	1.42932	0
PWY-7220: adenosine deoxyribonucleotides de novo biosynthesis II|g__Bacteroides.s__Bacteroides_cellulosilyticus	3.19094	0	0	4.13307	0	4.68798
PWY-7220: adenosine deoxyribonucleotides de novo biosynthesis II|g__Bacteroides.s__Bacteroides_coprocola	39.6917	0	0	0	0	0
PWY-7220: adenosine deoxyribonucleotides de novo biosynthesis II|g__Bacteroides.s__Bacteroides_coprocola_CAG_162	31.8643	0	0	0	0	0
PWY-7220: adenosine deoxyribonucleotides de novo biosynthesis II|g__Bacteroides.s__Bacteroides_dorei	0	2.92993	10.8743	6.70508	48.4419	28.386
PWY-7220: adenosine deoxyribonucleotides de novo biosynthesis II|g__Bacteroides.s__Bacteroides_faecis	0	0	0	0	2.40071	0
PWY-7220: adenosine deoxyribonucleotides de novo biosynthesis II|g__Bacteroides.s__Bacteroides_finegoldii	0	0	0	0.678636	0	0
PWY-7220: adenosine deoxyribonucleotides de novo biosynthesis II|g__Bacteroides.s__Bacteroides_fragilis	0	0	0	0	0	3.78506
PWY-7220: adenosine deoxyribonucleotides de novo biosynthesis II|g__Bacteroides.s__Bacteroides_fragilis_CAG_47	0	0	0	0	0	1.74681
PWY-7220: adenosine deoxyribonucleotides de novo biosynthesis II|g__Bacteroides.s__Bacteroides_massiliensis	8.42455	1.1041	6.15964	0	7.45656	0
PWY-7220: adenosine deoxyribonucleotides de novo biosynthesis II|g__Bacteroides.s__Bacteroides_ovatus	11.0038	0	0	3.42646	8.39313	2.90014
PWY-7220: adenosine deoxyribonucleotides de novo biosynthesis II|g__Bacteroides.s__Bacteroides_plebeius	0	0.0340184	0	0	0	0
PWY-7220: adenosine deoxyribonucleotides de novo biosynthesis II|g__Bacteroides.s__Bacteroides_salyersiae	2.34443	0	1.86729	0.644149	0	0
PWY-7220: adenosine deoxyribonucleotides de novo biosynthesis II|g__Bacteroides.s__Bacteroides_thetaiotaomicron	4.57251	0	5.79782	0	0	2.41308
PWY-7220: adenosine deoxyribonucleotides de novo biosynthesis II|g__Bacteroides.s__Bacteroides_vulgatus	42.8017	9.55944	13.5352	3.65412	0	0
PWY-7220: adenosine deoxyribonucleotides de novo biosynthesis II|g__Bacteroides.s__Bacteroides_vulgatus_CAG_6	20.7002	4.58023	6.27294	1.52512	0	0
PWY-7220: adenosine deoxyribonucleotides de novo biosynthesis II|g__Bacteroides.s__Bacteroides_xylanisolvens	0	0	1.34129	0	7.64623	3.16935
PWY-7220: adenosine deoxyribonucleotides de novo biosynthesis II|g__Bifidobacterium.s__Bifidobacterium_longum	3.24366	0.236496	12.3488	2.78979	2.26083	12.414
PWY-7220: adenosine deoxyribonucleotides de novo biosynthesis II|g__Bifidobacterium.s__Bifidobacterium_longum_CAG_69	3.93626	0.237857	12.36	2.20086	2.88972	16.463
PWY-7220: adenosine deoxyribonucleotides de novo biosynthesis II|g__Bilophila.s__Bilophila_wadsworthia	0	0	0	0	2.15808	0
PWY-7220: adenosine deoxyribonucleotides de novo biosynthesis II|g__Blautia.s__Blautia_wexlerae	8.87083	0	0	4.16104	0	9.24043
PWY-7220: adenosine deoxyribonucleotides de novo biosynthesis II|g__Blautia.s__Ruminococcus_torques	0	0.222344	0	0	0	0
PWY-7220: adenosine deoxyribonucleotides de novo biosynthesis II|g__Desulfovibrio.s__Desulfovibrio_piger	0	4.17174	0	3.07508	0	0
PWY-7220: adenosine deoxyribonucleotides de novo biosynthesis II|g__Dialister.s__Dialister_invisus	0	0	0	0	7.74093	0
PWY-7220: adenosine deoxyribonucleotides de novo biosynthesis II|g__Dialister.s__Dialister_invisus_CAG_218	0	0	0	0	13.2308	0
PWY-7220: adenosine deoxyribonucleotides de novo biosynthesis II|g__Dialister.s__Dialister_sp_CAG_357	0	0	0	0	0	9.30793
PWY-7220: adenosine deoxyribonucleotides de novo biosynthesis II|g__Dialister.s__Dialister_succinatiphilus	0	0	0	7.5043	0	0
PWY-7220: adenosine deoxyribonucleotides de novo biosynthesis II|g__Eggerthella.s__Eggerthella_lenta	0.786828	0	0	0	1.37089	0
PWY-7220: adenosine deoxyribonucleotides de novo biosynthesis II|g__Escherichia.s__Escherichia_coli	0	0	0	55.6146	0	0
PWY-7220: adenosine deoxyribonucleotides de novo biosynthesis II|g__Faecalibacterium.s__Faecalibacterium_prausnitzii	35.3679	82.5022	32.661	7.88003	13.1911	15.2519
PWY-7220: adenosine deoxyribonucleotides de novo biosynthesis II|g__Flavonifractor.s__Flavonifractor_plautii	0	0.384816	0	0	0	0
PWY-7220: adenosine deoxyribonucleotides de novo biosynthesis II|g__Oxalobacter.s__Oxalobacter_formigenes	0	0	0	1.48871	0	0
PWY-7220: adenosine deoxyribonucleotides de novo biosynthesis II|g__Parabacteroides.s__Parabacteroides_distasonis	2.7689	1.15608	4.72333	0.528873	12.8115	3.15267
PWY-7220: adenosine deoxyribonucleotides de novo biosynthesis II|g__Parabacteroides.s__Parabacteroides_goldsteinii	0	0	0.764122	0	0	0
PWY-7220: adenosine deoxyribonucleotides de novo biosynthesis II|g__Parasutterella.s__Parasutterella_excrementihominis	0	0	0	0	1.13372	0.849713
PWY-7220: adenosine deoxyribonucleotides de novo biosynthesis II|g__Prevotella.s__Prevotella_sp_CAG_279	0	4.34129	0	0	0	64.0477
PWY-7220: adenosine deoxyribonucleotides de novo biosynthesis II|g__Prevotella.s__Prevotella_sp_CAG_485	0	0	0	3.41922	0	0
PWY-7220: adenosine deoxyribonucleotides de novo biosynthesis II|g__Streptococcus.s__Streptococcus_salivarius	0	0	0	0.471476	0	0
PWY-7220: adenosine deoxyribonucleotides de novo biosynthesis II|g__Streptococcus.s__Streptococcus_salivarius_CAG_79	0	0	0	0.162062	0	0
PWY-7220: adenosine deoxyribonucleotides de novo biosynthesis II|g__Streptococcus.s__Streptococcus_thermophilus	0	0	0	0.307002	0	0
PWY-7220: adenosine deoxyribonucleotides de novo biosynthesis II|g__Streptococcus.s__Streptococcus_thermophilus_CAG_236	0	0	0	0.237064	0	0
PWY-7220: adenosine deoxyribonucleotides de novo biosynthesis II|unclassified	16.0338	50.1853	61.6004	65.4102	82.1537	43.8282
PWY-7221: guanosine ribonucleotides de novo biosynthesis	581.553	703.952	580.791	563.383	604.41	588.476
PWY-7221: guanosine ribonucleotides de novo biosynthesis|g__Agathobaculum.s__Agathobaculum_butyriciproducens	3.28608	7.52677	2.32048	0.991184	2.01992	2.42499
PWY-7221: guanosine ribonucleotides de novo biosynthesis|g__Akkermansia.s__Akkermansia_muciniphila	0	1.75453	1.16418	13.5903	12.6039	14.7493
PWY-7221: guanosine ribonucleotides de novo biosynthesis|g__Alistipes.s__Alistipes_finegoldii	4.378	0	4.46412	21.9997	55.4799	8.39839
PWY-7221: guanosine ribonucleotides de novo biosynthesis|g__Alistipes.s__Alistipes_indistinctus	0	0	0	2.08727	1.96092	0.869301
PWY-7221: guanosine ribonucleotides de novo biosynthesis|g__Alistipes.s__Alistipes_putredinis	0.633825	4.98356	3.72193	5.16477	33.6637	10.9441
PWY-7221: guanosine ribonucleotides de novo biosynthesis|g__Alistipes.s__Alistipes_putredinis_CAG_67	0.410532	2.68609	2.22208	2.12803	12.8707	5.04136
PWY-7221: guanosine ribonucleotides de novo biosynthesis|g__Alistipes.s__Alistipes_sp_An31A	0	1.29596	0	0	0	0
PWY-7221: guanosine ribonucleotides de novo biosynthesis|g__Anaerostipes.s__Anaerostipes_hadrus	10.7884	0	3.33931	7.22069	3.43715	4.66177
PWY-7221: guanosine ribonucleotides de novo biosynthesis|g__Bacteroides.s__Bacteroides_caccae	1.17555	0	0	1.37777	1.95488	0
PWY-7221: guanosine ribonucleotides de novo biosynthesis|g__Bacteroides.s__Bacteroides_cellulosilyticus	3.6548	0	0	5.23953	0	6.72676
PWY-7221: guanosine ribonucleotides de novo biosynthesis|g__Bacteroides.s__Bacteroides_clarus	0	0.311336	0	1.84756	2.41625	0
PWY-7221: guanosine ribonucleotides de novo biosynthesis|g__Bacteroides.s__Bacteroides_coprocola	34.6789	0	0	0	0	0
PWY-7221: guanosine ribonucleotides de novo biosynthesis|g__Bacteroides.s__Bacteroides_coprocola_CAG_162	64.7323	0	0	0	0	0
PWY-7221: guanosine ribonucleotides de novo biosynthesis|g__Bacteroides.s__Bacteroides_dorei	0	1.59805	5.10145	6.08481	40.1929	26.5102
PWY-7221: guanosine ribonucleotides de novo biosynthesis|g__Bacteroides.s__Bacteroides_eggerthii	0	0	8.4894	3.19904	30.8811	0
PWY-7221: guanosine ribonucleotides de novo biosynthesis|g__Bacteroides.s__Bacteroides_faecis	0	0	0	0	1.7819	0
PWY-7221: guanosine ribonucleotides de novo biosynthesis|g__Bacteroides.s__Bacteroides_finegoldii	0	0	0	0.86385	0	0
PWY-7221: guanosine ribonucleotides de novo biosynthesis|g__Bacteroides.s__Bacteroides_fragilis	0	0	0	0	0	1.43631
PWY-7221: guanosine ribonucleotides de novo biosynthesis|g__Bacteroides.s__Bacteroides_fragilis_CAG_47	0	0	0	0	0	0.789624
PWY-7221: guanosine ribonucleotides de novo biosynthesis|g__Bacteroides.s__Bacteroides_massiliensis	9.4783	1.26521	6.48997	0	7.11808	0
PWY-7221: guanosine ribonucleotides de novo biosynthesis|g__Bacteroides.s__Bacteroides_ovatus	13.1767	0	0	3.80653	14.2917	3.57832
PWY-7221: guanosine ribonucleotides de novo biosynthesis|g__Bacteroides.s__Bacteroides_plebeius	0	2.13254	0	0.547683	0	0
PWY-7221: guanosine ribonucleotides de novo biosynthesis|g__Bacteroides.s__Bacteroides_plebeius_CAG_211	0	0	0	1.3375	0	0
PWY-7221: guanosine ribonucleotides de novo biosynthesis|g__Bacteroides.s__Bacteroides_salyersiae	2.9937	0	2.07055	0.659825	0	0
PWY-7221: guanosine ribonucleotides de novo biosynthesis|g__Bacteroides.s__Bacteroides_sp_CAG_598	0	8.31083	0	0	0	0
PWY-7221: guanosine ribonucleotides de novo biosynthesis|g__Bacteroides.s__Bacteroides_sp_CAG_633	0	1.26113	0	0	0	0
PWY-7221: guanosine ribonucleotides de novo biosynthesis|g__Bacteroides.s__Bacteroides_stercoris	0	0	0.806292	1.12238	0	6.4864
PWY-7221: guanosine ribonucleotides de novo biosynthesis|g__Bacteroides.s__Bacteroides_thetaiotaomicron	5.49023	0	5.37893	0	0	2.72146
PWY-7221: guanosine ribonucleotides de novo biosynthesis|g__Bacteroides.s__Bacteroides_uniformis	4.89973	3.07308	9.57879	4.0108	12.7602	10.9872
PWY-7221: guanosine ribonucleotides de novo biosynthesis|g__Bacteroides.s__Bacteroides_uniformis_CAG_3	3.35758	3.23039	7.44976	3.35532	10.6626	7.89227
PWY-7221: guanosine ribonucleotides de novo biosynthesis|g__Bacteroides.s__Bacteroides_vulgatus	37.1124	8.57018	10.9957	2.95305	0	0
PWY-7221: guanosine ribonucleotides de novo biosynthesis|g__Bacteroides.s__Bacteroides_vulgatus_CAG_6	22.299	5.81905	8.96339	2.29588	0	0
PWY-7221: guanosine ribonucleotides de novo biosynthesis|g__Bacteroides.s__Bacteroides_xylanisolvens	0	0	1.55102	0	1.85471	4.14003
PWY-7221: guanosine ribonucleotides de novo biosynthesis|g__Barnesiella.s__Barnesiella_intestinihominis	0.509908	0.919857	0.482144	1.50149	20.458	3.30038
PWY-7221: guanosine ribonucleotides de novo biosynthesis|g__Barnesiella.s__Barnesiella_viscericola	0	0	4.91028	0	0	0
PWY-7221: guanosine ribonucleotides de novo biosynthesis|g__Bifidobacterium.s__Bifidobacterium_adolescentis	0	2.1037	0	0	0	20.2618
PWY-7221: guanosine ribonucleotides de novo biosynthesis|g__Bifidobacterium.s__Bifidobacterium_longum	5.12605	0	12.8987	2.48688	3.04658	15.0783
PWY-7221: guanosine ribonucleotides de novo biosynthesis|g__Bifidobacterium.s__Bifidobacterium_longum_CAG_69	3.46029	0	9.07191	1.76942	1.80809	11.9259
PWY-7221: guanosine ribonucleotides de novo biosynthesis|g__Bifidobacterium.s__Bifidobacterium_pseudocatenulatum	0	0	10.8349	1.32134	0	11.096
PWY-7221: guanosine ribonucleotides de novo biosynthesis|g__Bilophila.s__Bilophila_wadsworthia	0	0	0	0	2.66838	0
PWY-7221: guanosine ribonucleotides de novo biosynthesis|g__Blautia.s__Blautia_obeum	5.84834	20.4524	8.76153	0	2.69342	2.4594
PWY-7221: guanosine ribonucleotides de novo biosynthesis|g__Blautia.s__Blautia_wexlerae	15.7263	0	0	15.3877	0	8.18318
PWY-7221: guanosine ribonucleotides de novo biosynthesis|g__Blautia.s__Ruminococcus_torques	0	28.527	31.9329	28.2203	11.5839	6.99464
PWY-7221: guanosine ribonucleotides de novo biosynthesis|g__Butyrivibrio.s__Butyrivibrio_crossotus	0	0	12.443	0	0	0
PWY-7221: guanosine ribonucleotides de novo biosynthesis|g__Butyrivibrio.s__Butyrivibrio_sp_CAG_318	0	3.41789	0	0	0	0
PWY-7221: guanosine ribonucleotides de novo biosynthesis|g__Clostridium.s__Clostridium_sp_CAG_411	0	0	0.417765	0	0	0
PWY-7221: guanosine ribonucleotides de novo biosynthesis|g__Clostridium.s__Clostridium_sp_CAG_58	0	1.03715	0	0	0	0
PWY-7221: guanosine ribonucleotides de novo biosynthesis|g__Clostridium.s__Clostridium_sp_CAG_632	0	0	6.73934	0	0	0
PWY-7221: guanosine ribonucleotides de novo biosynthesis|g__Coprobacter.s__Coprobacter_fastidiosus	0	0	0	0	0	0.288002
PWY-7221: guanosine ribonucleotides de novo biosynthesis|g__Coprococcus.s__Coprococcus_catus	0.56505	3.84979	1.79307	2.09017	2.47122	2.76249
PWY-7221: guanosine ribonucleotides de novo biosynthesis|g__Coprococcus.s__Coprococcus_comes	0.924682	1.71806	2.27156	3.1566	1.07501	0.682152
PWY-7221: guanosine ribonucleotides de novo biosynthesis|g__Coprococcus.s__Coprococcus_comes_CAG_19	1.12495	1.28535	2.84198	3.14695	1.20654	1.65548
PWY-7221: guanosine ribonucleotides de novo biosynthesis|g__Coprococcus.s__Coprococcus_eutactus	0	0	0	5.91841	2.68364	3.30011
PWY-7221: guanosine ribonucleotides de novo biosynthesis|g__Desulfovibrio.s__Desulfovibrio_piger	0	6.05173	0	3.32951	0	0
PWY-7221: guanosine ribonucleotides de novo biosynthesis|g__Dialister.s__Dialister_invisus	0	0	0	0	11.3499	0
PWY-7221: guanosine ribonucleotides de novo biosynthesis|g__Dialister.s__Dialister_invisus_CAG_218	0	0	0	0	15.6191	0
PWY-7221: guanosine ribonucleotides de novo biosynthesis|g__Dialister.s__Dialister_sp_CAG_357	0	0	0	0	0	8.08762
PWY-7221: guanosine ribonucleotides de novo biosynthesis|g__Dialister.s__Dialister_succinatiphilus	0	0	0	7.54602	0	0
PWY-7221: guanosine ribonucleotides de novo biosynthesis|g__Dorea.s__Dorea_formicigenerans	0.472036	1.81767	0.0910874	0	0	0.359209
PWY-7221: guanosine ribonucleotides de novo biosynthesis|g__Dorea.s__Dorea_formicigenerans_CAG_28	0.323578	1.90394	0.142254	0	0	0.260208
PWY-7221: guanosine ribonucleotides de novo biosynthesis|g__Dorea.s__Dorea_longicatena	0	0.811815	0.578011	0.692623	0.533331	0.459268
PWY-7221: guanosine ribonucleotides de novo biosynthesis|g__Dorea.s__Dorea_sp_CAG_317	0	1.2067	0	0	0	0
PWY-7221: guanosine ribonucleotides de novo biosynthesis|g__Eggerthella.s__Eggerthella_lenta	0.532329	0	0	0	1.69497	0
PWY-7221: guanosine ribonucleotides de novo biosynthesis|g__Escherichia.s__Escherichia_coli	0	0	0	26.3358	0	0
PWY-7221: guanosine ribonucleotides de novo biosynthesis|g__Eubacterium.s__Eubacterium_eligens	6.33371	0	0.454593	2.44806	0.374166	0.224472
PWY-7221: guanosine ribonucleotides de novo biosynthesis|g__Eubacterium.s__Eubacterium_eligens_CAG_72	4.27863	0	0.222096	1.86999	0.155423	0.203031
PWY-7221: guanosine ribonucleotides de novo biosynthesis|g__Eubacterium.s__Eubacterium_hallii	1.86785	1.00205	0.0430135	0	0.750923	0
PWY-7221: guanosine ribonucleotides de novo biosynthesis|g__Eubacterium.s__Eubacterium_hallii_CAG_12	1.66334	0	3.03428	0.333289	1.01169	2.92423
PWY-7221: guanosine ribonucleotides de novo biosynthesis|g__Eubacterium.s__Eubacterium_ramulus	1.30401	0	1.15883	3.76312	0.816834	1.68487
PWY-7221: guanosine ribonucleotides de novo biosynthesis|g__Eubacterium.s__Eubacterium_sp_CAG_180	0	0	0	21.8864	0	0
PWY-7221: guanosine ribonucleotides de novo biosynthesis|g__Eubacterium.s__Eubacterium_sp_CAG_38	1.04436	0	1.95135	0	0	0
PWY-7221: guanosine ribonucleotides de novo biosynthesis|g__Eubacterium.s__Eubacterium_ventriosum	0	0	1.05481	0.461829	0	0
PWY-7221: guanosine ribonucleotides de novo biosynthesis|g__Faecalibacterium.s__Faecalibacterium_prausnitzii	63.2302	95.2202	32.8196	4.50181	6.81817	8.94078
PWY-7221: guanosine ribonucleotides de novo biosynthesis|g__Faecalitalea.s__Faecalitalea_cylindroides	0	1.19255	0	0	0	0
PWY-7221: guanosine ribonucleotides de novo biosynthesis|g__Firmicutes_unclassified.s__Firmicutes_bacterium_CAG_94	0	2.96205	0.563111	0	0	0
PWY-7221: guanosine ribonucleotides de novo biosynthesis|g__Firmicutes_unclassified.s__Firmicutes_bacterium_CAG_95	0	2.41204	0	4.58212	0	0
PWY-7221: guanosine ribonucleotides de novo biosynthesis|g__Flavonifractor.s__Flavonifractor_plautii	0	0.517624	0	0	0	0
PWY-7221: guanosine ribonucleotides de novo biosynthesis|g__Fusicatenibacter.s__Fusicatenibacter_saccharivorans	7.45866	15.3654	1.40932	30.194	0	1.29522
PWY-7221: guanosine ribonucleotides de novo biosynthesis|g__Intestinibacter.s__Intestinibacter_bartlettii	0	0	0	0.604839	0	0
PWY-7221: guanosine ribonucleotides de novo biosynthesis|g__Lachnospira.s__Lachnospira_pectinoschiza	0	0	4.53581	0	0	0.985773
PWY-7221: guanosine ribonucleotides de novo biosynthesis|g__Lachnospiraceae_unclassified.s__Eubacterium_rectale	70.1432	0	0	10.9394	0.886486	0
PWY-7221: guanosine ribonucleotides de novo biosynthesis|g__Lawsonibacter.s__Lawsonibacter_asaccharolyticus	0	1.10764	0	0	0	0
PWY-7221: guanosine ribonucleotides de novo biosynthesis|g__Megamonas.s__Megamonas_funiformis	0	23.8594	0	0	0	0
PWY-7221: guanosine ribonucleotides de novo biosynthesis|g__Methanobrevibacter.s__Methanobrevibacter_smithii	0	0.729626	1.25245	0	2.82783	1.38733
PWY-7221: guanosine ribonucleotides de novo biosynthesis|g__Methanobrevibacter.s__Methanobrevibacter_smithii_CAG_186	0	0.919857	3.09163	0	4.40164	3.31097
PWY-7221: guanosine ribonucleotides de novo biosynthesis|g__Odoribacter.s__Odoribacter_laneus	0	0	1.36069	0	0	0
PWY-7221: guanosine ribonucleotides de novo biosynthesis|g__Odoribacter.s__Odoribacter_laneus_CAG_561	0	0	0.450095	0	0	0
PWY-7221: guanosine ribonucleotides de novo biosynthesis|g__Parabacteroides.s__Parabacteroides_distasonis	5.59293	1.70146	7.27209	0.726386	21.2443	4.63636
PWY-7221: guanosine ribonucleotides de novo biosynthesis|g__Parabacteroides.s__Parabacteroides_goldsteinii	0	0	0.841433	0	0	0
PWY-7221: guanosine ribonucleotides de novo biosynthesis|g__Paraprevotella.s__Paraprevotella_clara	0	0.600356	0	0	0	0
PWY-7221: guanosine ribonucleotides de novo biosynthesis|g__Paraprevotella.s__Paraprevotella_clara_CAG_116	0	1.82148	0	0	0	0
PWY-7221: guanosine ribonucleotides de novo biosynthesis|g__Paraprevotella.s__Paraprevotella_xylaniphila	1.98298	0	0	0	3.04485	0
PWY-7221: guanosine ribonucleotides de novo biosynthesis|g__Parasutterella.s__Parasutterella_excrementihominis	0	0	0	0	3.00772	0.833036
PWY-7221: guanosine ribonucleotides de novo biosynthesis|g__Phascolarctobacterium.s__Phascolarctobacterium_faecium	9.18805	0	0	0	0	0
PWY-7221: guanosine ribonucleotides de novo biosynthesis|g__Phascolarctobacterium.s__Phascolarctobacterium_sp_CAG_266	0	18.3718	6.29374	0	0	0
PWY-7221: guanosine ribonucleotides de novo biosynthesis|g__Prevotella.s__Prevotella_copri	0	3.87973	0	0	0	0
PWY-7221: guanosine ribonucleotides de novo biosynthesis|g__Prevotella.s__Prevotella_copri_CAG_164	0	6.58623	0	0	0	0
PWY-7221: guanosine ribonucleotides de novo biosynthesis|g__Prevotella.s__Prevotella_sp_CAG_279	0	4.38837	0	0	0	68.1464
PWY-7221: guanosine ribonucleotides de novo biosynthesis|g__Prevotella.s__Prevotella_sp_CAG_485	0	0	0	4.18588	0	0
PWY-7221: guanosine ribonucleotides de novo biosynthesis|g__Roseburia.s__Roseburia_faecis	0	1.50416	15.3103	0	0	18.5155
PWY-7221: guanosine ribonucleotides de novo biosynthesis|g__Roseburia.s__Roseburia_hominis	0	6.60936	0	3.06327	2.06597	0.715241
PWY-7221: guanosine ribonucleotides de novo biosynthesis|g__Roseburia.s__Roseburia_intestinalis	0	0.24085	0.257519	0.320266	0	0.798624
PWY-7221: guanosine ribonucleotides de novo biosynthesis|g__Roseburia.s__Roseburia_intestinalis_CAG_13	0	0.548921	0.396399	0.40395	0	1.1483
PWY-7221: guanosine ribonucleotides de novo biosynthesis|g__Roseburia.s__Roseburia_inulinivorans	0.302976	1.86121	0.231654	0.250328	0	1.64172
PWY-7221: guanosine ribonucleotides de novo biosynthesis|g__Roseburia.s__Roseburia_inulinivorans_CAG_15	0.431741	1.70364	0.240369	1.09754	0	2.14096
PWY-7221: guanosine ribonucleotides de novo biosynthesis|g__Ruminococcaceae_unclassified.s__Eubacterium_siraeum	0	0	4.28335	2.29974	0.971106	19.0619
PWY-7221: guanosine ribonucleotides de novo biosynthesis|g__Ruminococcus.s__Ruminococcus_bicirculans	7.18325	2.78951	0	3.44696	0	1.34789
PWY-7221: guanosine ribonucleotides de novo biosynthesis|g__Ruminococcus.s__Ruminococcus_callidus	0	0	0	4.85511	0	0
PWY-7221: guanosine ribonucleotides de novo biosynthesis|g__Ruminococcus.s__Ruminococcus_lactaris	0	0	2.14055	9.27686	0.716672	0.264179
PWY-7221: guanosine ribonucleotides de novo biosynthesis|g__Ruthenibacterium.s__Ruthenibacterium_lactatiformans	0	0.531503	0	0.394062	0.628312	0
PWY-7221: guanosine ribonucleotides de novo biosynthesis|g__Streptococcus.s__Streptococcus_salivarius	0	0	0	0.329189	0	0
PWY-7221: guanosine ribonucleotides de novo biosynthesis|g__Streptococcus.s__Streptococcus_salivarius_CAG_79	0	0	0	0.43096	0	0
PWY-7221: guanosine ribonucleotides de novo biosynthesis|g__Streptococcus.s__Streptococcus_thermophilus	0	0	0	0.25901	0	0
PWY-7221: guanosine ribonucleotides de novo biosynthesis|g__Streptococcus.s__Streptococcus_thermophilus_CAG_236	0	0	0	0.13457	0	0
PWY-7221: guanosine ribonucleotides de novo biosynthesis|unclassified	101.128	259.216	221.805	205.592	175.704	174.214
PWY-7222: guanosine deoxyribonucleotides de novo biosynthesis II	340.064	254.096	286.739	350.23	347.885	291.223
PWY-7222: guanosine deoxyribonucleotides de novo biosynthesis II|g__Akkermansia.s__Akkermansia_muciniphila	0	1.59696	1.06044	12.6331	10.4815	13.6192
PWY-7222: guanosine deoxyribonucleotides de novo biosynthesis II|g__Alistipes.s__Alistipes_putredinis	0.332365	4.71821	3.66121	2.29516	14.8826	4.89551
PWY-7222: guanosine deoxyribonucleotides de novo biosynthesis II|g__Alistipes.s__Alistipes_putredinis_CAG_67	0.733202	1.7461	4.91675	4.65374	30.9084	11.2194
PWY-7222: guanosine deoxyribonucleotides de novo biosynthesis II|g__Bacteroides.s__Bacteroides_caccae	0.798947	0	0	1.2924	1.42932	0
PWY-7222: guanosine deoxyribonucleotides de novo biosynthesis II|g__Bacteroides.s__Bacteroides_cellulosilyticus	3.19094	0	0	4.13307	0	4.68798
PWY-7222: guanosine deoxyribonucleotides de novo biosynthesis II|g__Bacteroides.s__Bacteroides_coprocola	39.6917	0	0	0	0	0
PWY-7222: guanosine deoxyribonucleotides de novo biosynthesis II|g__Bacteroides.s__Bacteroides_coprocola_CAG_162	31.8643	0	0	0	0	0
PWY-7222: guanosine deoxyribonucleotides de novo biosynthesis II|g__Bacteroides.s__Bacteroides_dorei	0	2.92993	10.8743	6.70508	48.4419	28.386
PWY-7222: guanosine deoxyribonucleotides de novo biosynthesis II|g__Bacteroides.s__Bacteroides_faecis	0	0	0	0	2.40071	0
PWY-7222: guanosine deoxyribonucleotides de novo biosynthesis II|g__Bacteroides.s__Bacteroides_finegoldii	0	0	0	0.678636	0	0
PWY-7222: guanosine deoxyribonucleotides de novo biosynthesis II|g__Bacteroides.s__Bacteroides_fragilis	0	0	0	0	0	3.78506
PWY-7222: guanosine deoxyribonucleotides de novo biosynthesis II|g__Bacteroides.s__Bacteroides_fragilis_CAG_47	0	0	0	0	0	1.74681
PWY-7222: guanosine deoxyribonucleotides de novo biosynthesis II|g__Bacteroides.s__Bacteroides_massiliensis	8.42455	1.1041	6.15964	0	7.45656	0
PWY-7222: guanosine deoxyribonucleotides de novo biosynthesis II|g__Bacteroides.s__Bacteroides_ovatus	11.0038	0	0	3.42646	8.39313	2.90014
PWY-7222: guanosine deoxyribonucleotides de novo biosynthesis II|g__Bacteroides.s__Bacteroides_plebeius	0	0.0340184	0	0	0	0
PWY-7222: guanosine deoxyribonucleotides de novo biosynthesis II|g__Bacteroides.s__Bacteroides_salyersiae	2.34443	0	1.86729	0.644149	0	0
PWY-7222: guanosine deoxyribonucleotides de novo biosynthesis II|g__Bacteroides.s__Bacteroides_thetaiotaomicron	4.57251	0	5.79782	0	0	2.41308
PWY-7222: guanosine deoxyribonucleotides de novo biosynthesis II|g__Bacteroides.s__Bacteroides_vulgatus	42.8017	9.55944	13.5352	3.65412	0	0
PWY-7222: guanosine deoxyribonucleotides de novo biosynthesis II|g__Bacteroides.s__Bacteroides_vulgatus_CAG_6	20.7002	4.58023	6.27294	1.52512	0	0
PWY-7222: guanosine deoxyribonucleotides de novo biosynthesis II|g__Bacteroides.s__Bacteroides_xylanisolvens	0	0	1.34129	0	7.64623	3.16935
PWY-7222: guanosine deoxyribonucleotides de novo biosynthesis II|g__Bifidobacterium.s__Bifidobacterium_longum	3.24366	0.236496	12.3488	2.78979	2.26083	12.414
PWY-7222: guanosine deoxyribonucleotides de novo biosynthesis II|g__Bifidobacterium.s__Bifidobacterium_longum_CAG_69	3.93626	0.237857	12.36	2.20086	2.88972	16.463
PWY-7222: guanosine deoxyribonucleotides de novo biosynthesis II|g__Bilophila.s__Bilophila_wadsworthia	0	0	0	0	2.15808	0
PWY-7222: guanosine deoxyribonucleotides de novo biosynthesis II|g__Blautia.s__Blautia_wexlerae	8.87083	0	0	4.16104	0	9.24043
PWY-7222: guanosine deoxyribonucleotides de novo biosynthesis II|g__Blautia.s__Ruminococcus_torques	0	0.222344	0	0	0	0
PWY-7222: guanosine deoxyribonucleotides de novo biosynthesis II|g__Desulfovibrio.s__Desulfovibrio_piger	0	4.17174	0	3.07508	0	0
PWY-7222: guanosine deoxyribonucleotides de novo biosynthesis II|g__Dialister.s__Dialister_invisus	0	0	0	0	7.74093	0
PWY-7222: guanosine deoxyribonucleotides de novo biosynthesis II|g__Dialister.s__Dialister_invisus_CAG_218	0	0	0	0	13.2308	0
PWY-7222: guanosine deoxyribonucleotides de novo biosynthesis II|g__Dialister.s__Dialister_sp_CAG_357	0	0	0	0	0	9.30793
PWY-7222: guanosine deoxyribonucleotides de novo biosynthesis II|g__Dialister.s__Dialister_succinatiphilus	0	0	0	7.5043	0	0
PWY-7222: guanosine deoxyribonucleotides de novo biosynthesis II|g__Eggerthella.s__Eggerthella_lenta	0.786828	0	0	0	1.37089	0
PWY-7222: guanosine deoxyribonucleotides de novo biosynthesis II|g__Escherichia.s__Escherichia_coli	0	0	0	55.6146	0	0
PWY-7222: guanosine deoxyribonucleotides de novo biosynthesis II|g__Faecalibacterium.s__Faecalibacterium_prausnitzii	35.3679	82.5022	32.661	7.88003	13.1911	15.2519
PWY-7222: guanosine deoxyribonucleotides de novo biosynthesis II|g__Flavonifractor.s__Flavonifractor_plautii	0	0.384816	0	0	0	0
PWY-7222: guanosine deoxyribonucleotides de novo biosynthesis II|g__Oxalobacter.s__Oxalobacter_formigenes	0	0	0	1.48871	0	0
PWY-7222: guanosine deoxyribonucleotides de novo biosynthesis II|g__Parabacteroides.s__Parabacteroides_distasonis	2.7689	1.15608	4.72333	0.528873	12.8115	3.15267
PWY-7222: guanosine deoxyribonucleotides de novo biosynthesis II|g__Parabacteroides.s__Parabacteroides_goldsteinii	0	0	0.764122	0	0	0
PWY-7222: guanosine deoxyribonucleotides de novo biosynthesis II|g__Parasutterella.s__Parasutterella_excrementihominis	0	0	0	0	1.13372	0.849713
PWY-7222: guanosine deoxyribonucleotides de novo biosynthesis II|g__Prevotella.s__Prevotella_sp_CAG_279	0	4.34129	0	0	0	64.0477
PWY-7222: guanosine deoxyribonucleotides de novo biosynthesis II|g__Prevotella.s__Prevotella_sp_CAG_485	0	0	0	3.41922	0	0
PWY-7222: guanosine deoxyribonucleotides de novo biosynthesis II|g__Streptococcus.s__Streptococcus_salivarius	0	0	0	0.471476	0	0
PWY-7222: guanosine deoxyribonucleotides de novo biosynthesis II|g__Streptococcus.s__Streptococcus_salivarius_CAG_79	0	0	0	0.162062	0	0
PWY-7222: guanosine deoxyribonucleotides de novo biosynthesis II|g__Streptococcus.s__Streptococcus_thermophilus	0	0	0	0.307002	0	0
PWY-7222: guanosine deoxyribonucleotides de novo biosynthesis II|g__Streptococcus.s__Streptococcus_thermophilus_CAG_236	0	0	0	0.237064	0	0
PWY-7222: guanosine deoxyribonucleotides de novo biosynthesis II|unclassified	16.0338	50.1853	61.6004	65.4102	82.1537	43.8282
PWY-7228: superpathway of guanosine nucleotides de novo biosynthesis I	230.155	258.639	182.526	173.294	280.271	286.414
PWY-7228: superpathway of guanosine nucleotides de novo biosynthesis I|g__Bacteroides.s__Bacteroides_caccae	1.01588	0	0	1.39296	1.76146	0
PWY-7228: superpathway of guanosine nucleotides de novo biosynthesis I|g__Bacteroides.s__Bacteroides_cellulosilyticus	3.4918	0	0	4.75624	0	5.71557
PWY-7228: superpathway of guanosine nucleotides de novo biosynthesis I|g__Bacteroides.s__Bacteroides_dorei	0	1.90557	6.23049	6.50926	43.8589	28.1001
PWY-7228: superpathway of guanosine nucleotides de novo biosynthesis I|g__Bacteroides.s__Bacteroides_faecis	0	0	0	0	1.76664	0
PWY-7228: superpathway of guanosine nucleotides de novo biosynthesis I|g__Bacteroides.s__Bacteroides_finegoldii	0	0	0	0.837804	0	0
PWY-7228: superpathway of guanosine nucleotides de novo biosynthesis I|g__Bacteroides.s__Bacteroides_fragilis	0	0	0	0	0	1.58057
PWY-7228: superpathway of guanosine nucleotides de novo biosynthesis I|g__Bacteroides.s__Bacteroides_fragilis_CAG_47	0	0	0	0	0	0.980214
PWY-7228: superpathway of guanosine nucleotides de novo biosynthesis I|g__Bacteroides.s__Bacteroides_massiliensis	9.10261	1.18765	6.38118	0	7.23436	0
PWY-7228: superpathway of guanosine nucleotides de novo biosynthesis I|g__Bacteroides.s__Bacteroides_ovatus	12.548	0	0	3.48868	5.7541	3.12064
PWY-7228: superpathway of guanosine nucleotides de novo biosynthesis I|g__Bacteroides.s__Bacteroides_salyersiae	2.71588	0	2.01489	0.651625	0	0
PWY-7228: superpathway of guanosine nucleotides de novo biosynthesis I|g__Bacteroides.s__Bacteroides_thetaiotaomicron	5.26027	0	5.09696	0	0	2.34849
PWY-7228: superpathway of guanosine nucleotides de novo biosynthesis I|g__Bacteroides.s__Bacteroides_vulgatus	39.9289	9.11393	12.0795	3.24534	0	0
PWY-7228: superpathway of guanosine nucleotides de novo biosynthesis I|g__Bacteroides.s__Bacteroides_vulgatus_CAG_6	22.6256	5.2557	7.53495	1.8613	0	0
PWY-7228: superpathway of guanosine nucleotides de novo biosynthesis I|g__Bacteroides.s__Bacteroides_xylanisolvens	0	0	1.38262	0	2.51008	3.6985
PWY-7228: superpathway of guanosine nucleotides de novo biosynthesis I|g__Bilophila.s__Bilophila_wadsworthia	0	0	0	0	2.41049	0
PWY-7228: superpathway of guanosine nucleotides de novo biosynthesis I|g__Clostridium.s__Clostridium_sp_CAG_411	0	0	0.35451	0	0	0
PWY-7228: superpathway of guanosine nucleotides de novo biosynthesis I|g__Desulfovibrio.s__Desulfovibrio_piger	0	5.12072	0	3.2439	0	0
PWY-7228: superpathway of guanosine nucleotides de novo biosynthesis I|g__Dialister.s__Dialister_invisus	0	0	0	0	9.29775	0
PWY-7228: superpathway of guanosine nucleotides de novo biosynthesis I|g__Dialister.s__Dialister_invisus_CAG_218	0	0	0	0	14.6155	0
PWY-7228: superpathway of guanosine nucleotides de novo biosynthesis I|g__Dialister.s__Dialister_sp_CAG_357	0	0	0	0	0	8.53498
PWY-7228: superpathway of guanosine nucleotides de novo biosynthesis I|g__Dialister.s__Dialister_succinatiphilus	0	0	0	7.60173	0	0
PWY-7228: superpathway of guanosine nucleotides de novo biosynthesis I|g__Eggerthella.s__Eggerthella_lenta	0.59868	0	0	0	1.35592	0
PWY-7228: superpathway of guanosine nucleotides de novo biosynthesis I|g__Escherichia.s__Escherichia_coli	0	0	0	7.41049	0	0
PWY-7228: superpathway of guanosine nucleotides de novo biosynthesis I|g__Parabacteroides.s__Parabacteroides_distasonis	3.84416	1.43666	5.99911	0.627991	18.8001	3.92959
PWY-7228: superpathway of guanosine nucleotides de novo biosynthesis I|g__Parabacteroides.s__Parabacteroides_goldsteinii	0	0	0.822879	0	0	0
PWY-7228: superpathway of guanosine nucleotides de novo biosynthesis I|g__Parasutterella.s__Parasutterella_excrementihominis	0	0	0	0	2.72163	0.879095
PWY-7228: superpathway of guanosine nucleotides de novo biosynthesis I|g__Phascolarctobacterium.s__Phascolarctobacterium_faecium	7.61742	0	0	0	0	0
PWY-7228: superpathway of guanosine nucleotides de novo biosynthesis I|g__Prevotella.s__Prevotella_sp_CAG_279	0	4.41014	0	0	0	68.5459
PWY-7228: superpathway of guanosine nucleotides de novo biosynthesis I|g__Prevotella.s__Prevotella_sp_CAG_485	0	0	0	3.92446	0	0
PWY-7228: superpathway of guanosine nucleotides de novo biosynthesis I|g__Streptococcus.s__Streptococcus_thermophilus	0	0	0	0.279268	0	0
PWY-7228: superpathway of guanosine nucleotides de novo biosynthesis I|g__Streptococcus.s__Streptococcus_thermophilus_CAG_236	0	0	0	0.130229	0	0
PWY-7228: superpathway of guanosine nucleotides de novo biosynthesis I|unclassified	21.0908	69.7712	48.0598	68.7713	33.3506	36.6107
PWY-7229: superpathway of adenosine nucleotides de novo biosynthesis I	430.14	428.704	409.742	427.475	436.915	399.545
PWY-7229: superpathway of adenosine nucleotides de novo biosynthesis I|g__Alistipes.s__Alistipes_putredinis	0.453858	3.04914	5.35532	3.9165	24.4791	8.34121
PWY-7229: superpathway of adenosine nucleotides de novo biosynthesis I|g__Alistipes.s__Alistipes_putredinis_CAG_67	0.232382	2.64908	1.47258	1.88156	14.6941	10.6023
PWY-7229: superpathway of adenosine nucleotides de novo biosynthesis I|g__Bacteroides.s__Bacteroides_caccae	0.736534	0	0	0.900989	1.49523	0
PWY-7229: superpathway of adenosine nucleotides de novo biosynthesis I|g__Bacteroides.s__Bacteroides_cellulosilyticus	0	0	0	0	0	1.86778
PWY-7229: superpathway of adenosine nucleotides de novo biosynthesis I|g__Bacteroides.s__Bacteroides_dorei	0	1.27174	4.48549	3.55428	30.6085	21.1991
PWY-7229: superpathway of adenosine nucleotides de novo biosynthesis I|g__Bacteroides.s__Bacteroides_faecis	0	0	0	0	2.03345	0
PWY-7229: superpathway of adenosine nucleotides de novo biosynthesis I|g__Bacteroides.s__Bacteroides_finegoldii	0	0	0	0.723492	0	0
PWY-7229: superpathway of adenosine nucleotides de novo biosynthesis I|g__Bacteroides.s__Bacteroides_fragilis	0	0	0	0	0	0.63424
PWY-7229: superpathway of adenosine nucleotides de novo biosynthesis I|g__Bacteroides.s__Bacteroides_fragilis_CAG_47	0	0	0	0	0	0.82933
PWY-7229: superpathway of adenosine nucleotides de novo biosynthesis I|g__Bacteroides.s__Bacteroides_ovatus	10.5499	0	0	3.16914	3.01693	0.345179
PWY-7229: superpathway of adenosine nucleotides de novo biosynthesis I|g__Bacteroides.s__Bacteroides_salyersiae	2.33079	0	1.96541	0.473164	0	0
PWY-7229: superpathway of adenosine nucleotides de novo biosynthesis I|g__Bacteroides.s__Bacteroides_thetaiotaomicron	4.56251	0	5.18636	0	0	2.06896
PWY-7229: superpathway of adenosine nucleotides de novo biosynthesis I|g__Bacteroides.s__Bacteroides_vulgatus	40.6854	8.9003	12.9285	3.0828	0	0
PWY-7229: superpathway of adenosine nucleotides de novo biosynthesis I|g__Bacteroides.s__Bacteroides_xylanisolvens	0	0	1.54061	0	1.42039	1.88896
PWY-7229: superpathway of adenosine nucleotides de novo biosynthesis I|g__Blautia.s__Ruminococcus_torques	0	0.836036	0	0	0	0
PWY-7229: superpathway of adenosine nucleotides de novo biosynthesis I|g__Desulfovibrio.s__Desulfovibrio_piger	0	5.06874	0	3.05482	0	0
PWY-7229: superpathway of adenosine nucleotides de novo biosynthesis I|g__Eggerthella.s__Eggerthella_lenta	0.368116	0	0	0	1.33865	0
PWY-7229: superpathway of adenosine nucleotides de novo biosynthesis I|g__Escherichia.s__Escherichia_coli	0	0	0	24.6477	0	0
PWY-7229: superpathway of adenosine nucleotides de novo biosynthesis I|g__Faecalibacterium.s__Faecalibacterium_prausnitzii	64.1106	95.1864	28.622	5.77708	6.62073	10.2439
PWY-7229: superpathway of adenosine nucleotides de novo biosynthesis I|g__Flavonifractor.s__Flavonifractor_plautii	0	0.51082	0	0	0	0
PWY-7229: superpathway of adenosine nucleotides de novo biosynthesis I|g__Parabacteroides.s__Parabacteroides_distasonis	3.56421	1.06573	5.18832	0	15.3259	3.54338
PWY-7229: superpathway of adenosine nucleotides de novo biosynthesis I|g__Parabacteroides.s__Parabacteroides_goldsteinii	0	0	0.70424	0	0	0
PWY-7229: superpathway of adenosine nucleotides de novo biosynthesis I|g__Streptococcus.s__Streptococcus_salivarius	0	0	0	0.606528	0	0
PWY-7229: superpathway of adenosine nucleotides de novo biosynthesis I|g__Streptococcus.s__Streptococcus_thermophilus	0	0	0	0.342694	0	0
PWY-7229: superpathway of adenosine nucleotides de novo biosynthesis I|g__Streptococcus.s__Streptococcus_thermophilus_CAG_236	0	0	0	0.272033	0	0
PWY-7229: superpathway of adenosine nucleotides de novo biosynthesis I|unclassified	42.0703	112.396	122.412	115.8	135.714	85.4295
PWY-7234: inosine-5'-phosphate biosynthesis III	41.4925	67.2734	145.35	153.894	259.338	164.087
PWY-7234: inosine-5'-phosphate biosynthesis III|g__Alistipes.s__Alistipes_finegoldii	4.27832	0	1.81247	20.1184	52.5669	4.71736
PWY-7234: inosine-5'-phosphate biosynthesis III|g__Alistipes.s__Alistipes_putredinis	0.67503	6.70108	5.04776	6.27509	38.2755	13.013
PWY-7234: inosine-5'-phosphate biosynthesis III|g__Alistipes.s__Alistipes_putredinis_CAG_67	0.389627	3.41218	2.03934	2.01324	11.4144	3.77368
PWY-7234: inosine-5'-phosphate biosynthesis III|g__Alistipes.s__Alistipes_sp_An31A	0	1.35257	0	0	0	0
PWY-7234: inosine-5'-phosphate biosynthesis III|g__Bifidobacterium.s__Bifidobacterium_adolescentis	0	1.00313	0	0	0	16.1559
PWY-7234: inosine-5'-phosphate biosynthesis III|g__Bifidobacterium.s__Bifidobacterium_pseudocatenulatum	0	0	9.55293	1.17977	0	9.39872
PWY-7234: inosine-5'-phosphate biosynthesis III|g__Coprococcus.s__Coprococcus_catus	0.419622	3.18222	1.55439	2.18061	1.95804	2.60314
PWY-7234: inosine-5'-phosphate biosynthesis III|g__Escherichia.s__Escherichia_coli	0	0	0	8.86808	0	0
PWY-7234: inosine-5'-phosphate biosynthesis III|g__Eubacterium.s__Eubacterium_sp_CAG_274	0	0	2.38458	0	0	0
PWY-7234: inosine-5'-phosphate biosynthesis III|g__Methanobrevibacter.s__Methanobrevibacter_smithii	0	0.447682	0.703116	0	3.8188	2.08352
PWY-7234: inosine-5'-phosphate biosynthesis III|g__Methanobrevibacter.s__Methanobrevibacter_smithii_CAG_186	0	0.288204	1.41495	0	2.04525	2.84402
PWY-7234: inosine-5'-phosphate biosynthesis III|g__Parasutterella.s__Parasutterella_excrementihominis	0	0	0	0	3.17638	0.653564
PWY-7234: inosine-5'-phosphate biosynthesis III|g__Streptococcus.s__Streptococcus_salivarius	0	0	0	0.376216	0	0
PWY-7234: inosine-5'-phosphate biosynthesis III|g__Streptococcus.s__Streptococcus_salivarius_CAG_79	0	0	0	0.328224	0	0
PWY-7234: inosine-5'-phosphate biosynthesis III|g__Streptococcus.s__Streptococcus_thermophilus	0	0	0	0.232964	0	0
PWY-7234: inosine-5'-phosphate biosynthesis III|g__Streptococcus.s__Streptococcus_thermophilus_CAG_236	0	0	0	0.233447	0	0
PWY-7234: inosine-5'-phosphate biosynthesis III|unclassified	22.1854	21.1012	79.1971	31.7128	39.1922	19.2051
PWY-7237: myo-, chiro- and scillo-inositol degradation	337.044	371.546	222.7	212.026	161.311	151.173
PWY-7237: myo-, chiro- and scillo-inositol degradation|g__Agathobaculum.s__Agathobaculum_butyriciproducens	18.2404	48.8202	12.5029	9.05547	13.9518	18.4229
PWY-7237: myo-, chiro- and scillo-inositol degradation|g__Anaerostipes.s__Anaerostipes_hadrus	13.5297	0	10.2541	22.8862	6.81645	9.85084
PWY-7237: myo-, chiro- and scillo-inositol degradation|g__Blautia.s__Blautia_obeum	23.6221	66.3514	12.7404	0	10.544	10.096
PWY-7237: myo-, chiro- and scillo-inositol degradation|unclassified	57.2215	45.4069	62.9445	37.5516	26.4058	26.3398
PWY-7242: D-fructuronate degradation	116.173	138.771	86.824	51.8828	42.4023	57.7797
PWY-7242: D-fructuronate degradation|g__Bacteroides.s__Bacteroides_fragilis	0	0	0	0	0	1.20839
PWY-7242: D-fructuronate degradation|g__Clostridium.s__Clostridium_sp_CAG_58	0	0.985172	0	0	0	0
PWY-7242: D-fructuronate degradation|g__Dorea.s__Dorea_longicatena	0	0.258268	0	0	0	0
PWY-7242: D-fructuronate degradation|g__Escherichia.s__Escherichia_coli	0	0	0	19.1127	0	0
PWY-7242: D-fructuronate degradation|g__Faecalibacterium.s__Faecalibacterium_prausnitzii	36.0656	30.7004	33.3447	4.16321	6.66764	7.2342
PWY-7242: D-fructuronate degradation|unclassified	13.9457	6.93893	31.0344	18.9909	21.4705	10.0703
PWY-724: superpathway of L-lysine, L-threonine and L-methionine biosynthesis II	416.236	491.977	418.746	387.983	442.554	395.289
PWY-724: superpathway of L-lysine, L-threonine and L-methionine biosynthesis II|g__Agathobaculum.s__Agathobaculum_butyriciproducens	3.96505	8.98439	2.36377	1.63943	2.24644	2.54755
PWY-724: superpathway of L-lysine, L-threonine and L-methionine biosynthesis II|g__Anaerostipes.s__Anaerostipes_hadrus	11.1119	0	5.16443	10.3076	3.91436	7.86183
PWY-724: superpathway of L-lysine, L-threonine and L-methionine biosynthesis II|g__Bacteroides.s__Bacteroides_cellulosilyticus	0	0	0	0	0	1.48078
PWY-724: superpathway of L-lysine, L-threonine and L-methionine biosynthesis II|g__Bacteroides.s__Bacteroides_eggerthii	0	0	8.4565	3.05917	31.0132	0
PWY-724: superpathway of L-lysine, L-threonine and L-methionine biosynthesis II|g__Bacteroides.s__Bacteroides_fragilis	0	0	0	0	0	1.30951
PWY-724: superpathway of L-lysine, L-threonine and L-methionine biosynthesis II|g__Bacteroides.s__Bacteroides_fragilis_CAG_47	0	0	0	0	0	0.646946
PWY-724: superpathway of L-lysine, L-threonine and L-methionine biosynthesis II|g__Bifidobacterium.s__Bifidobacterium_adolescentis	0	1.69575	0	0	0	21.3741
PWY-724: superpathway of L-lysine, L-threonine and L-methionine biosynthesis II|g__Bifidobacterium.s__Bifidobacterium_longum	1.4155	0	3.14589	0.993596	1.6472	6.08987
PWY-724: superpathway of L-lysine, L-threonine and L-methionine biosynthesis II|g__Bifidobacterium.s__Bifidobacterium_pseudocatenulatum	0	0	10.8591	1.56105	0	12.2369
PWY-724: superpathway of L-lysine, L-threonine and L-methionine biosynthesis II|g__Blautia.s__Blautia_obeum	12.6141	51.5795	10.9201	0	13.0927	7.58918
PWY-724: superpathway of L-lysine, L-threonine and L-methionine biosynthesis II|g__Blautia.s__Ruminococcus_torques	0	15.1561	6.09329	13.6791	3.92875	4.4058
PWY-724: superpathway of L-lysine, L-threonine and L-methionine biosynthesis II|g__Coprococcus.s__Coprococcus_comes	0.928318	1.19119	1.56114	2.58986	0.84907	0.865066
PWY-724: superpathway of L-lysine, L-threonine and L-methionine biosynthesis II|g__Coprococcus.s__Coprococcus_comes_CAG_19	0.893173	1.02082	1.96906	2.87974	0.749196	1.26292
PWY-724: superpathway of L-lysine, L-threonine and L-methionine biosynthesis II|g__Desulfovibrio.s__Desulfovibrio_piger	0	4.27625	0	2.53777	0	0
PWY-724: superpathway of L-lysine, L-threonine and L-methionine biosynthesis II|g__Dialister.s__Dialister_invisus	0	0	0	0	6.44458	0
PWY-724: superpathway of L-lysine, L-threonine and L-methionine biosynthesis II|g__Dialister.s__Dialister_invisus_CAG_218	0	0	0	0	9.79942	0
PWY-724: superpathway of L-lysine, L-threonine and L-methionine biosynthesis II|g__Dorea.s__Dorea_longicatena	0	0.912509	0.532749	0.491975	0.83842	0.868772
PWY-724: superpathway of L-lysine, L-threonine and L-methionine biosynthesis II|g__Dorea.s__Dorea_longicatena_CAG_42	0	13.8882	1.00056	0.446153	0.811653	2.33896
PWY-724: superpathway of L-lysine, L-threonine and L-methionine biosynthesis II|g__Escherichia.s__Escherichia_coli	0	0	0	22.1615	0	0
PWY-724: superpathway of L-lysine, L-threonine and L-methionine biosynthesis II|g__Eubacterium.s__Eubacterium_hallii	1.98177	1.32971	0	0	0.498217	0.364768
PWY-724: superpathway of L-lysine, L-threonine and L-methionine biosynthesis II|g__Eubacterium.s__Eubacterium_hallii_CAG_12	2.07448	0	3.43855	0.657895	1.70591	3.19714
PWY-724: superpathway of L-lysine, L-threonine and L-methionine biosynthesis II|g__Faecalibacterium.s__Faecalibacterium_prausnitzii	27.2951	61.6876	21.3161	2.41381	2.91245	4.03203
PWY-724: superpathway of L-lysine, L-threonine and L-methionine biosynthesis II|g__Fusicatenibacter.s__Fusicatenibacter_saccharivorans	5.47265	11.0372	3.85434	19.3235	9.6296	1.13533
PWY-724: superpathway of L-lysine, L-threonine and L-methionine biosynthesis II|g__Lachnospira.s__Lachnospira_pectinoschiza	0	0	3.09416	0	0	0.820595
PWY-724: superpathway of L-lysine, L-threonine and L-methionine biosynthesis II|g__Oxalobacter.s__Oxalobacter_formigenes	0	0	0	1.06667	0	0
PWY-724: superpathway of L-lysine, L-threonine and L-methionine biosynthesis II|g__Roseburia.s__Roseburia_intestinalis	0	0.200572	0.212818	0	0	0.67077
PWY-724: superpathway of L-lysine, L-threonine and L-methionine biosynthesis II|g__Roseburia.s__Roseburia_inulinivorans	0.343878	1.82447	0.140286	0.703475	0	1.63325
PWY-724: superpathway of L-lysine, L-threonine and L-methionine biosynthesis II|g__Ruthenibacterium.s__Ruthenibacterium_lactatiformans	0	0.360051	0	0.610386	0.350853	0
PWY-724: superpathway of L-lysine, L-threonine and L-methionine biosynthesis II|unclassified	81.8844	148.309	129.319	117.633	96.4857	101.973
PWY-7254: TCA cycle VII (acetate-producers)	0.939225	0.424005	1.79954	55.3278	1.08307	1.12263
PWY-7254: TCA cycle VII (acetate-producers)|g__Escherichia.s__Escherichia_coli	0	0	0	29.4821	0	0
PWY-7254: TCA cycle VII (acetate-producers)|unclassified	0.903474	0.418834	1.75399	5.22482	1.04133	1.07471
PWY-7282: 4-amino-2-methyl-5-phosphomethylpyrimidine biosynthesis (yeast)	133.205	53.6513	158.544	135.024	222.896	186.615
PWY-7282: 4-amino-2-methyl-5-phosphomethylpyrimidine biosynthesis (yeast)|g__Bacteroides.s__Bacteroides_fragilis	0	0	0	0	0	1.79551
PWY-7282: 4-amino-2-methyl-5-phosphomethylpyrimidine biosynthesis (yeast)|g__Bacteroides.s__Bacteroides_ovatus	9.22561	0	0	2.9041	2.56361	1.0276
PWY-7282: 4-amino-2-methyl-5-phosphomethylpyrimidine biosynthesis (yeast)|g__Bacteroides.s__Bacteroides_uniformis	5.68383	2.99525	11.5366	4.71548	11.7097	11.1537
PWY-7282: 4-amino-2-methyl-5-phosphomethylpyrimidine biosynthesis (yeast)|g__Bacteroides.s__Bacteroides_uniformis_CAG_3	2.73708	1.15962	6.0888	2.22329	11.4754	0
PWY-7282: 4-amino-2-methyl-5-phosphomethylpyrimidine biosynthesis (yeast)|g__Bacteroides.s__Bacteroides_xylanisolvens	0	0	1.55748	0	0	0
PWY-7282: 4-amino-2-methyl-5-phosphomethylpyrimidine biosynthesis (yeast)|g__Escherichia.s__Escherichia_coli	0	0	0	20.5723	0	0
PWY-7282: 4-amino-2-methyl-5-phosphomethylpyrimidine biosynthesis (yeast)|unclassified	0	13.4536	1.87966	11.6653	0	0
PWY-7286: 7-(3-amino-3-carboxypropyl)-wyosine biosynthesis	0	2.10016	5.05985	0	10.4214	7.244
PWY-7288: fatty acid &beta;-oxidation (peroxisome, yeast)	0	1.81277	0	0	0.314588	0
PWY-7288: fatty acid &beta;-oxidation (peroxisome, yeast)|unclassified	0	0.425366	0	0	0.309119	0
PWY-7294: xylose degradation IV	0	0	0	8.54709	0	0
PWY-7312: dTDP-D-&beta;-fucofuranose biosynthesis	0	2.02069	1.69158	5.91985	4.93641	13.9213
PWY-7312: dTDP-D-&beta;-fucofuranose biosynthesis|g__Bacteroides.s__Bacteroides_clarus	0	0.649615	0	1.56202	2.48331	0
PWY-7312: dTDP-D-&beta;-fucofuranose biosynthesis|g__Bacteroides.s__Bacteroides_stercoris	0	0	0.821754	1.05871	0	7.2702
PWY-7315: dTDP-N-acetylthomosamine biosynthesis	25.2155	13.1039	41.8726	21.1503	3.39167	5.41937
PWY-7315: dTDP-N-acetylthomosamine biosynthesis|g__Bacteroides.s__Bacteroides_uniformis	0	0	9.09384	0	0	0
PWY-7315: dTDP-N-acetylthomosamine biosynthesis|g__Escherichia.s__Escherichia_coli	0	0	0	7.18283	0	0
PWY-7315: dTDP-N-acetylthomosamine biosynthesis|g__Lachnospiraceae_unclassified.s__Eubacterium_rectale	5.08999	0	0	1.71612	1.65525	0
PWY-7315: dTDP-N-acetylthomosamine biosynthesis|unclassified	19.4368	12.7969	27.8505	13.0537	0.870081	5.34498
PWY-7316: dTDP-N-acetylviosamine biosynthesis	8.48242	0	0	5.60899	0	12.0913
PWY-7316: dTDP-N-acetylviosamine biosynthesis|g__Bacteroides.s__Bacteroides_cellulosilyticus	3.84264	0	0	3.88419	0	4.51777
PWY-7316: dTDP-N-acetylviosamine biosynthesis|g__Bacteroides.s__Bacteroides_fragilis	0	0	0	0	0	3.61988
PWY-7323: superpathway of GDP-mannose-derived O-antigen building blocks biosynthesis	191.58	66.1592	99.0142	86.3789	121.091	91.0754
PWY-7323: superpathway of GDP-mannose-derived O-antigen building blocks biosynthesis|g__Escherichia.s__Escherichia_coli	0	0	0	13.4562	0	0
PWY-7323: superpathway of GDP-mannose-derived O-antigen building blocks biosynthesis|g__Faecalibacterium.s__Faecalibacterium_prausnitzii	0	1.8506	0	0.338835	0.378484	0
PWY-7323: superpathway of GDP-mannose-derived O-antigen building blocks biosynthesis|unclassified	27.502	22.2442	24.6782	16.2629	23.1445	10.1621
PWY-7328: superpathway of UDP-glucose-derived O-antigen building blocks biosynthesis	22.1	3.49736	53.6575	36.9401	28.9737	64.9307
PWY-7328: superpathway of UDP-glucose-derived O-antigen building blocks biosynthesis|g__Escherichia.s__Escherichia_coli	0	0	0	9.91883	0	0
PWY-7328: superpathway of UDP-glucose-derived O-antigen building blocks biosynthesis|unclassified	4.81732	3.41735	1.85098	8.95201	12.2663	5.08795
PWY-7332: superpathway of UDP-N-acetylglucosamine-derived O-antigen building blocks biosynthesis	2.20445	9.95704	50.2282	35.617	0	51.0288
PWY-7332: superpathway of UDP-N-acetylglucosamine-derived O-antigen building blocks biosynthesis|unclassified	0	2.34046	0	0	0	0
PWY-7357: thiamin formation from pyrithiamine and oxythiamine (yeast)	356.666	495.582	319.453	293.329	267.713	312.471
PWY-7357: thiamin formation from pyrithiamine and oxythiamine (yeast)|g__Agathobaculum.s__Agathobaculum_butyriciproducens	1.71515	9.11067	2.34944	0.535625	2.25478	2.25293
PWY-7357: thiamin formation from pyrithiamine and oxythiamine (yeast)|g__Anaerostipes.s__Anaerostipes_hadrus	8.31032	0	5.90437	12.6949	3.48896	10.3694
PWY-7357: thiamin formation from pyrithiamine and oxythiamine (yeast)|g__Bacteroides.s__Bacteroides_fragilis	0	0	0	0	0	1.99537
PWY-7357: thiamin formation from pyrithiamine and oxythiamine (yeast)|g__Bacteroides.s__Bacteroides_ovatus	9.41255	0	0	2.39741	2.28098	1.08398
PWY-7357: thiamin formation from pyrithiamine and oxythiamine (yeast)|g__Bacteroides.s__Bacteroides_uniformis	5.41872	2.38265	10.4781	5.25183	11.2126	9.09643
PWY-7357: thiamin formation from pyrithiamine and oxythiamine (yeast)|g__Bacteroides.s__Bacteroides_uniformis_CAG_3	2.13356	1.80978	6.18269	2.01058	5.95097	4.76633
PWY-7357: thiamin formation from pyrithiamine and oxythiamine (yeast)|g__Bacteroides.s__Bacteroides_xylanisolvens	0	0	1.02839	0	3.81736	0.581828
PWY-7357: thiamin formation from pyrithiamine and oxythiamine (yeast)|g__Bifidobacterium.s__Bifidobacterium_adolescentis	0	0.735613	0	0	0	12.6978
PWY-7357: thiamin formation from pyrithiamine and oxythiamine (yeast)|g__Blautia.s__Blautia_obeum	13.986	47.1092	9.91868	0	14.9911	8.04395
PWY-7357: thiamin formation from pyrithiamine and oxythiamine (yeast)|g__Blautia.s__Blautia_wexlerae	5.42024	0	0	7.78598	0	1.23513
PWY-7357: thiamin formation from pyrithiamine and oxythiamine (yeast)|g__Blautia.s__Ruminococcus_torques	0	22.7395	31.5567	13.4637	2.1811	2.14387
PWY-7357: thiamin formation from pyrithiamine and oxythiamine (yeast)|g__Butyrivibrio.s__Butyrivibrio_crossotus	0	0	9.55911	0	0	0
PWY-7357: thiamin formation from pyrithiamine and oxythiamine (yeast)|g__Butyrivibrio.s__Butyrivibrio_crossotus_CAG_259	0	0	3.19115	0	0	0
PWY-7357: thiamin formation from pyrithiamine and oxythiamine (yeast)|g__Coprococcus.s__Coprococcus_catus	0.404473	4.31135	2.01123	2.44974	2.76797	3.78718
PWY-7357: thiamin formation from pyrithiamine and oxythiamine (yeast)|g__Coprococcus.s__Coprococcus_comes	0.333273	0.190231	2.33538	3.8333	1.02003	1.24307
PWY-7357: thiamin formation from pyrithiamine and oxythiamine (yeast)|g__Coprococcus.s__Coprococcus_comes_CAG_19	0.709569	0.715747	0	0.305072	0.0892243	0.908742
PWY-7357: thiamin formation from pyrithiamine and oxythiamine (yeast)|g__Coprococcus.s__Coprococcus_eutactus	0	0	0	7.35743	3.47629	4.85263
PWY-7357: thiamin formation from pyrithiamine and oxythiamine (yeast)|g__Dialister.s__Dialister_invisus	0	0	0	0	7.4439	0
PWY-7357: thiamin formation from pyrithiamine and oxythiamine (yeast)|g__Dialister.s__Dialister_invisus_CAG_218	0	0	0	0	12.7689	0
PWY-7357: thiamin formation from pyrithiamine and oxythiamine (yeast)|g__Dorea.s__Dorea_formicigenerans	0.356906	3.31774	0.454312	0	0	0.723976
PWY-7357: thiamin formation from pyrithiamine and oxythiamine (yeast)|g__Dorea.s__Dorea_formicigenerans_CAG_28	0.152094	0.653969	0	0	0	0.247502
PWY-7357: thiamin formation from pyrithiamine and oxythiamine (yeast)|g__Dorea.s__Dorea_longicatena	0	0.550826	0.559737	0.135775	0.496202	0.765535
PWY-7357: thiamin formation from pyrithiamine and oxythiamine (yeast)|g__Dorea.s__Dorea_longicatena_CAG_42	0	17.016	0.591506	0.324607	1.60143	2.39111
PWY-7357: thiamin formation from pyrithiamine and oxythiamine (yeast)|g__Eggerthella.s__Eggerthella_lenta	0.413562	0	0	0	0.544556	0
PWY-7357: thiamin formation from pyrithiamine and oxythiamine (yeast)|g__Escherichia.s__Escherichia_coli	0	0	0	14.3693	0	0
PWY-7357: thiamin formation from pyrithiamine and oxythiamine (yeast)|g__Eubacterium.s__Eubacterium_hallii	3.67086	8.01201	5.08768	0.268416	1.37319	3.298
PWY-7357: thiamin formation from pyrithiamine and oxythiamine (yeast)|g__Eubacterium.s__Eubacterium_hallii_CAG_12	0.572018	0	3.41549	0.426137	2.02251	2.50043
PWY-7357: thiamin formation from pyrithiamine and oxythiamine (yeast)|g__Eubacterium.s__Eubacterium_ramulus	0	0	1.76243	4.44296	0.891667	1.16736
PWY-7357: thiamin formation from pyrithiamine and oxythiamine (yeast)|g__Faecalibacterium.s__Faecalibacterium_prausnitzii	91.0491	134.766	38.3944	3.93917	7.73431	9.74258
PWY-7357: thiamin formation from pyrithiamine and oxythiamine (yeast)|g__Fusicatenibacter.s__Fusicatenibacter_saccharivorans	6.53034	14.5076	5.05675	29.4346	10.0406	1.08027
PWY-7357: thiamin formation from pyrithiamine and oxythiamine (yeast)|g__Lachnospira.s__Lachnospira_pectinoschiza	0	0	3.59261	0	0	0.83886
PWY-7357: thiamin formation from pyrithiamine and oxythiamine (yeast)|g__Lachnospiraceae_unclassified.s__Eubacterium_rectale	70.9648	0	0	16.402	1.44284	0
PWY-7357: thiamin formation from pyrithiamine and oxythiamine (yeast)|g__Oxalobacter.s__Oxalobacter_formigenes	0	0	0	1.41636	0	0
PWY-7357: thiamin formation from pyrithiamine and oxythiamine (yeast)|g__Parasutterella.s__Parasutterella_excrementihominis	0	0	0	0	2.76912	0.726888
PWY-7357: thiamin formation from pyrithiamine and oxythiamine (yeast)|g__Prevotella.s__Prevotella_copri	0	1.30086	0	0	0	0
PWY-7357: thiamin formation from pyrithiamine and oxythiamine (yeast)|g__Prevotella.s__Prevotella_copri_CAG_164	0	7.21707	0	0	0	0
PWY-7357: thiamin formation from pyrithiamine and oxythiamine (yeast)|g__Roseburia.s__Roseburia_faecis	0	1.32454	22.2574	0	0	27.963
PWY-7357: thiamin formation from pyrithiamine and oxythiamine (yeast)|g__Roseburia.s__Roseburia_hominis	0	7.67074	0	3.82968	1.98999	1.00721
PWY-7357: thiamin formation from pyrithiamine and oxythiamine (yeast)|g__Roseburia.s__Roseburia_intestinalis	0	0.305077	0.084059	0.129264	0	1.84819
PWY-7357: thiamin formation from pyrithiamine and oxythiamine (yeast)|g__Roseburia.s__Roseburia_intestinalis_CAG_13	0	0.189686	0.142254	0.320989	0	1.19939
PWY-7357: thiamin formation from pyrithiamine and oxythiamine (yeast)|g__Roseburia.s__Roseburia_inulinivorans	0.755016	4.12412	0.325834	1.80174	0	1.89452
PWY-7357: thiamin formation from pyrithiamine and oxythiamine (yeast)|g__Ruminococcaceae_unclassified.s__Eubacterium_siraeum	0	0	3.93306	2.37571	1.19186	20.1951
PWY-7357: thiamin formation from pyrithiamine and oxythiamine (yeast)|unclassified	57.4597	94.0576	78.4493	53.1193	22.8529	59.6842
PWY-7371: 1,4-dihydroxy-6-naphthoate biosynthesis II	1.18161	47.1772	5.04579	26.1856	17.7795	12.6626
PWY-7371: 1,4-dihydroxy-6-naphthoate biosynthesis II|g__Alistipes.s__Alistipes_finegoldii	0.668668	0	0	17.1188	10.9803	9.31851
PWY-7371: 1,4-dihydroxy-6-naphthoate biosynthesis II|g__Desulfovibrio.s__Desulfovibrio_piger	0	5.36157	0	3.0365	0	0
PWY-7371: 1,4-dihydroxy-6-naphthoate biosynthesis II|g__Megamonas.s__Megamonas_funiformis	0	2.24521	0	0	0	0
PWY-7371: 1,4-dihydroxy-6-naphthoate biosynthesis II|g__Megamonas.s__Megamonas_funiformis_CAG_377	0	14.0776	0	0	0	0
PWY-7371: 1,4-dihydroxy-6-naphthoate biosynthesis II|g__Megamonas.s__Megamonas_hypermegale	0	14.9637	0	0	0	0
PWY-7371: 1,4-dihydroxy-6-naphthoate biosynthesis II|unclassified	0	0	3.07813	0	0	0
PWY-7374: 1,4-dihydroxy-6-naphthoate biosynthesis I	0	0	3.36348	0	0	0
PWY-7374: 1,4-dihydroxy-6-naphthoate biosynthesis I|unclassified	0	0	2.67864	0	0	0
PWY-7383: anaerobic energy metabolism (invertebrates, cytosol)	19.0269	101.763	124.548	124.628	185.627	143.037
PWY-7383: anaerobic energy metabolism (invertebrates, cytosol)|unclassified	7.94433	40.9802	54.1885	46.7279	48.4001	37.912
PWY-7385: 1,3-propanediol biosynthesis (engineered)	0	0	2.42703	27.4493	0.319768	0
PWY-7385: 1,3-propanediol biosynthesis (engineered)|unclassified	0	0	0	8.67539	0.316602	0
PWY-7388: octanoyl-[acyl-carrier protein] biosynthesis (mitochondria, yeast)	60.7624	14.6461	45.9876	156.656	91.7467	58.276
PWY-7388: octanoyl-[acyl-carrier protein] biosynthesis (mitochondria, yeast)|g__Bacteroides.s__Bacteroides_cellulosilyticus	3.97928	0	0	5.2376	0	5.00007
PWY-7388: octanoyl-[acyl-carrier protein] biosynthesis (mitochondria, yeast)|g__Bacteroides.s__Bacteroides_vulgatus	17.4996	4.12139	8.21473	1.90182	0	0
PWY-7388: octanoyl-[acyl-carrier protein] biosynthesis (mitochondria, yeast)|g__Escherichia.s__Escherichia_coli	0	0	0	31.6103	0	0
PWY-7388: octanoyl-[acyl-carrier protein] biosynthesis (mitochondria, yeast)|g__Streptococcus.s__Streptococcus_salivarius	0	0	0	0.296873	0	0
PWY-7388: octanoyl-[acyl-carrier protein] biosynthesis (mitochondria, yeast)|unclassified	0	4.22209	0	6.49527	2.07864	0.401562
PWY-7391: isoprene biosynthesis II (engineered)	0	0	0	0.464723	0	0
PWY-7392: taxadiene biosynthesis (engineered)	31.6255	7.13134	61.435	16.7397	19.4578	61.7503
PWY-7392: taxadiene biosynthesis (engineered)|unclassified	0	0	0	1.05437	0	0
PWY-7399: methylphosphonate degradation II	0	0	0	0	0.370712	0
PWY-7400: L-arginine biosynthesis IV (archaebacteria)	507.672	806.679	533.408	484.923	407.817	472.854
PWY-7400: L-arginine biosynthesis IV (archaebacteria)|g__Agathobaculum.s__Agathobaculum_butyriciproducens	5.48477	8.44445	2.90271	1.63606	2.011	3.00285
PWY-7400: L-arginine biosynthesis IV (archaebacteria)|g__Alistipes.s__Alistipes_finegoldii	4.95729	0	2.72222	17.0551	54.8919	0
PWY-7400: L-arginine biosynthesis IV (archaebacteria)|g__Anaerostipes.s__Anaerostipes_hadrus	13.8245	0	4.84	10.016	4.21081	7.91292
PWY-7400: L-arginine biosynthesis IV (archaebacteria)|g__Bifidobacterium.s__Bifidobacterium_adolescentis	0	1.20316	0	0	0	15.5106
PWY-7400: L-arginine biosynthesis IV (archaebacteria)|g__Bifidobacterium.s__Bifidobacterium_longum	1.79695	0	3.60189	0.858062	0.414173	4.40289
PWY-7400: L-arginine biosynthesis IV (archaebacteria)|g__Bifidobacterium.s__Bifidobacterium_longum_CAG_69	3.63632	0.24466	12.908	2.57539	3.1879	15.0743
PWY-7400: L-arginine biosynthesis IV (archaebacteria)|g__Bifidobacterium.s__Bifidobacterium_pseudocatenulatum	0	0	0	0	0	8.50851
PWY-7400: L-arginine biosynthesis IV (archaebacteria)|g__Blautia.s__Blautia_obeum	5.03485	19.3736	7.05449	0	1.9117	2.91788
PWY-7400: L-arginine biosynthesis IV (archaebacteria)|g__Blautia.s__Blautia_wexlerae	8.74934	0	0	13.9224	0	3.44438
PWY-7400: L-arginine biosynthesis IV (archaebacteria)|g__Blautia.s__Ruminococcus_torques	0	17.3867	30.4485	23.8371	10.0441	6.44432
PWY-7400: L-arginine biosynthesis IV (archaebacteria)|g__Butyrivibrio.s__Butyrivibrio_crossotus	0	0	11.8787	0	0	0
PWY-7400: L-arginine biosynthesis IV (archaebacteria)|g__Butyrivibrio.s__Butyrivibrio_crossotus_CAG_259	0	0	4.42983	0	0	0
PWY-7400: L-arginine biosynthesis IV (archaebacteria)|g__Butyrivibrio.s__Butyrivibrio_sp_CAG_318	0	3.10465	0	0	0	0
PWY-7400: L-arginine biosynthesis IV (archaebacteria)|g__Clostridium.s__Clostridium_sp_CAG_167	0	0	1.88303	0	0	0
PWY-7400: L-arginine biosynthesis IV (archaebacteria)|g__Clostridium.s__Clostridium_sp_CAG_632	0	0	7.28558	0	0	0
PWY-7400: L-arginine biosynthesis IV (archaebacteria)|g__Coprococcus.s__Coprococcus_catus	0.391142	3.453	2.1622	2.0294	2.21075	2.37125
PWY-7400: L-arginine biosynthesis IV (archaebacteria)|g__Coprococcus.s__Coprococcus_comes	0.805007	1.09893	1.76411	2.23294	0.710053	0.802595
PWY-7400: L-arginine biosynthesis IV (archaebacteria)|g__Coprococcus.s__Coprococcus_comes_CAG_19	0.897414	1.12451	1.8389	1.93848	0.709765	1.00113
PWY-7400: L-arginine biosynthesis IV (archaebacteria)|g__Desulfovibrio.s__Desulfovibrio_piger	0	5.08316	0	2.94558	0	0
PWY-7400: L-arginine biosynthesis IV (archaebacteria)|g__Dorea.s__Dorea_formicigenerans	0.168758	2.0841	0.190609	0	0	0.630799
PWY-7400: L-arginine biosynthesis IV (archaebacteria)|g__Dorea.s__Dorea_formicigenerans_CAG_28	0.262377	1.77249	0.132133	0	0	0.257031
PWY-7400: L-arginine biosynthesis IV (archaebacteria)|g__Dorea.s__Dorea_longicatena	0	1.26004	0.377844	0.30869	1.00104	0.961155
PWY-7400: L-arginine biosynthesis IV (archaebacteria)|g__Dorea.s__Dorea_longicatena_CAG_42	0	11.978	0.941236	0.28795	1.18697	1.94587
PWY-7400: L-arginine biosynthesis IV (archaebacteria)|g__Dorea.s__Dorea_sp_CAG_317	0	1.18085	0	0	0	0
PWY-7400: L-arginine biosynthesis IV (archaebacteria)|g__Escherichia.s__Escherichia_coli	0	0	0	23.8248	0	0
PWY-7400: L-arginine biosynthesis IV (archaebacteria)|g__Eubacterium.s__Eubacterium_eligens	3.50452	0	0.275511	1.90544	0.346536	0.348885
PWY-7400: L-arginine biosynthesis IV (archaebacteria)|g__Eubacterium.s__Eubacterium_eligens_CAG_72	4.84186	0	0.466963	1.93052	0.230544	0.257826
PWY-7400: L-arginine biosynthesis IV (archaebacteria)|g__Eubacterium.s__Eubacterium_hallii	2.18961	2.66459	2.08236	0.478469	0.997585	2.27305
PWY-7400: L-arginine biosynthesis IV (archaebacteria)|g__Eubacterium.s__Eubacterium_hallii_CAG_12	1.79513	0.513814	4.19395	0.683459	1.13315	2.66852
PWY-7400: L-arginine biosynthesis IV (archaebacteria)|g__Eubacterium.s__Eubacterium_ramulus	0.769256	0	1.22574	2.53391	0.4939	1.11124
PWY-7400: L-arginine biosynthesis IV (archaebacteria)|g__Eubacterium.s__Eubacterium_sp_CAG_274	0	0	3.4169	0	0	0
PWY-7400: L-arginine biosynthesis IV (archaebacteria)|g__Eubacterium.s__Eubacterium_sp_CAG_38	1.01588	0.330659	1.91255	0	0	0.39415
PWY-7400: L-arginine biosynthesis IV (archaebacteria)|g__Eubacterium.s__Eubacterium_ventriosum	0	0	0.850149	0.49921	0	0
PWY-7400: L-arginine biosynthesis IV (archaebacteria)|g__Faecalibacterium.s__Faecalibacterium_prausnitzii	119.273	130.308	59.895	12.6515	12.9703	19.2398
PWY-7400: L-arginine biosynthesis IV (archaebacteria)|g__Firmicutes_unclassified.s__Firmicutes_bacterium_CAG_94	0	3.07445	0.57773	0	0	0
PWY-7400: L-arginine biosynthesis IV (archaebacteria)|g__Flavonifractor.s__Flavonifractor_plautii	0	1.23827	0	0	0	0
PWY-7400: L-arginine biosynthesis IV (archaebacteria)|g__Fusicatenibacter.s__Fusicatenibacter_saccharivorans	6.81908	13.4558	4.96454	27.103	10.5832	1.41963
PWY-7400: L-arginine biosynthesis IV (archaebacteria)|g__Gemmiger.s__Gemmiger_formicilis	22.7247	18.4268	9.60719	15.1391	5.60242	3.12858
PWY-7400: L-arginine biosynthesis IV (archaebacteria)|g__Intestinibacter.s__Intestinibacter_bartlettii	0	0	0	0.464723	0	0
PWY-7400: L-arginine biosynthesis IV (archaebacteria)|g__Lachnospira.s__Lachnospira_pectinoschiza	0	0	2.78069	0	0	0.658858
PWY-7400: L-arginine biosynthesis IV (archaebacteria)|g__Lachnospiraceae_unclassified.s__Eubacterium_rectale	71.8777	0	0	6.99134	0.91239	0
PWY-7400: L-arginine biosynthesis IV (archaebacteria)|g__Megamonas.s__Megamonas_funiformis	0	23.1396	0	0	0	0
PWY-7400: L-arginine biosynthesis IV (archaebacteria)|g__Methanobrevibacter.s__Methanobrevibacter_smithii	0	0.789226	2.11638	0	4.44711	2.90808
PWY-7400: L-arginine biosynthesis IV (archaebacteria)|g__Methanobrevibacter.s__Methanobrevibacter_smithii_CAG_186	0	0.49694	1.70986	0	3.4973	1.88446
PWY-7400: L-arginine biosynthesis IV (archaebacteria)|g__Oxalobacter.s__Oxalobacter_formigenes	0	0	0	1.3375	0	0
PWY-7400: L-arginine biosynthesis IV (archaebacteria)|g__Parasutterella.s__Parasutterella_excrementihominis	0	0	0	0	3.66712	1.36828
PWY-7400: L-arginine biosynthesis IV (archaebacteria)|g__Phascolarctobacterium.s__Phascolarctobacterium_faecium	7.42291	0	0	0	0	0
PWY-7400: L-arginine biosynthesis IV (archaebacteria)|g__Phascolarctobacterium.s__Phascolarctobacterium_sp_CAG_266	0	19.2626	5.3556	0	0	0
PWY-7400: L-arginine biosynthesis IV (archaebacteria)|g__Roseburia.s__Roseburia_faecis	0	0.993337	14.868	0	0	16.2748
PWY-7400: L-arginine biosynthesis IV (archaebacteria)|g__Roseburia.s__Roseburia_hominis	0	6.36606	0	3.40234	1.80953	0.851301
PWY-7400: L-arginine biosynthesis IV (archaebacteria)|g__Roseburia.s__Roseburia_intestinalis	0	0.372025	0.297158	0.18015	0	0.736682
PWY-7400: L-arginine biosynthesis IV (archaebacteria)|g__Roseburia.s__Roseburia_intestinalis_CAG_13	0	0.452036	0.244868	0.086819	0	0.995302
PWY-7400: L-arginine biosynthesis IV (archaebacteria)|g__Roseburia.s__Roseburia_sp_CAG_182	0	0	0	9.53225	0	0
PWY-7400: L-arginine biosynthesis IV (archaebacteria)|g__Roseburia.s__Roseburia_sp_CAG_471	6.61699	0	0	0	0.659684	1.97975
PWY-7400: L-arginine biosynthesis IV (archaebacteria)|g__Ruminococcaceae_unclassified.s__Eubacterium_siraeum	0	0	3.9325	2.19797	0.737971	19.2257
PWY-7400: L-arginine biosynthesis IV (archaebacteria)|g__Ruminococcus.s__Ruminococcus_bicirculans	6.26948	2.97865	0	3.18481	0	1.38257
PWY-7400: L-arginine biosynthesis IV (archaebacteria)|g__Ruminococcus.s__Ruminococcus_bromii	0	112.754	43.5864	23.6416	25.173	46.6903
PWY-7400: L-arginine biosynthesis IV (archaebacteria)|g__Ruminococcus.s__Ruminococcus_callidus	0	0	0	5.09869	0	0
PWY-7400: L-arginine biosynthesis IV (archaebacteria)|g__Ruminococcus.s__Ruminococcus_lactaris	0	0	1.97496	10.1079	0.680119	0.465621
PWY-7400: L-arginine biosynthesis IV (archaebacteria)|g__Streptococcus.s__Streptococcus_salivarius	0	0	0	0.321713	0	0
PWY-7400: L-arginine biosynthesis IV (archaebacteria)|g__Streptococcus.s__Streptococcus_salivarius_CAG_79	0	0	0	0.295667	0	0
PWY-7400: L-arginine biosynthesis IV (archaebacteria)|unclassified	103.326	244.553	192.685	162.282	158.411	154.358
PWY-7446: sulfoglycolysis	0	0	0	9.29904	0	0
PWY-7446: sulfoglycolysis|g__Escherichia.s__Escherichia_coli	0	0	0	9.29904	0	0
PWY-7456: mannan degradation	95.0832	55.8508	120.813	87.6134	97.8632	103.702
PWY-7456: mannan degradation|g__Coprococcus.s__Coprococcus_eutactus	0	0	0	1.77593	0.657094	0.989743
PWY-7456: mannan degradation|g__Coprococcus.s__Coprococcus_eutactus_CAG_665	0	0	0	2.06822	1.54962	1.2751
PWY-7456: mannan degradation|g__Roseburia.s__Roseburia_faecis	0	0.739968	0	0	0	0
PWY-7456: mannan degradation|g__Ruminococcaceae_unclassified.s__Eubacterium_siraeum	0	0	4.50433	2.45698	0.902892	18.9144
PWY-7456: mannan degradation|unclassified	0	18.7888	33.2376	9.29543	12.7994	0
PWY-7539: 6-hydroxymethyl-dihydropterin diphosphate biosynthesis III (Chlamydia)	251.47	93.4079	109.33	98.516	259.815	145.501
PWY-7539: 6-hydroxymethyl-dihydropterin diphosphate biosynthesis III (Chlamydia)|g__Alistipes.s__Alistipes_putredinis	0.113919	5.32701	1.28366	1.06426	12.4761	0.890478
PWY-7539: 6-hydroxymethyl-dihydropterin diphosphate biosynthesis III (Chlamydia)|g__Alistipes.s__Alistipes_putredinis_CAG_67	0.443254	0.0498029	1.69608	0.0875425	0.211548	15.2721
PWY-7539: 6-hydroxymethyl-dihydropterin diphosphate biosynthesis III (Chlamydia)|g__Bacteroides.s__Bacteroides_cellulosilyticus	2.73436	0	0	4.64578	0	5.38681
PWY-7539: 6-hydroxymethyl-dihydropterin diphosphate biosynthesis III (Chlamydia)|g__Bacteroides.s__Bacteroides_coprocola	20.0482	0	0	0	0	0
PWY-7539: 6-hydroxymethyl-dihydropterin diphosphate biosynthesis III (Chlamydia)|g__Bacteroides.s__Bacteroides_coprocola_CAG_162	57.8714	0	0	0	0	0
PWY-7539: 6-hydroxymethyl-dihydropterin diphosphate biosynthesis III (Chlamydia)|g__Bacteroides.s__Bacteroides_dorei	0	0.643628	4.59316	1.59699	29.8533	20.4789
PWY-7539: 6-hydroxymethyl-dihydropterin diphosphate biosynthesis III (Chlamydia)|g__Bacteroides.s__Bacteroides_faecis	0	0	0	0	1.62244	0
PWY-7539: 6-hydroxymethyl-dihydropterin diphosphate biosynthesis III (Chlamydia)|g__Bacteroides.s__Bacteroides_fragilis	0	0	0	0	0	1.79657
PWY-7539: 6-hydroxymethyl-dihydropterin diphosphate biosynthesis III (Chlamydia)|g__Bacteroides.s__Bacteroides_ovatus	0	0	0	3.38329	2.32875	0.246708
PWY-7539: 6-hydroxymethyl-dihydropterin diphosphate biosynthesis III (Chlamydia)|g__Bacteroides.s__Bacteroides_stercoris	0	0	0	0	0	4.19562
PWY-7539: 6-hydroxymethyl-dihydropterin diphosphate biosynthesis III (Chlamydia)|g__Bacteroides.s__Bacteroides_thetaiotaomicron	4.72976	0	3.47538	0	0	2.16372
PWY-7539: 6-hydroxymethyl-dihydropterin diphosphate biosynthesis III (Chlamydia)|g__Bacteroides.s__Bacteroides_uniformis	2.85646	2.61343	8.60663	4.61467	12.5081	10.6264
PWY-7539: 6-hydroxymethyl-dihydropterin diphosphate biosynthesis III (Chlamydia)|g__Bacteroides.s__Bacteroides_uniformis_CAG_3	4.2656	2.39381	8.67551	3.57598	12.0666	6.99147
PWY-7539: 6-hydroxymethyl-dihydropterin diphosphate biosynthesis III (Chlamydia)|g__Bacteroides.s__Bacteroides_vulgatus	25.9205	5.33	7.79134	2.04555	0	0
PWY-7539: 6-hydroxymethyl-dihydropterin diphosphate biosynthesis III (Chlamydia)|g__Bacteroides.s__Bacteroides_vulgatus_CAG_6	16.8239	4.42048	7.34912	1.58397	0	0
PWY-7539: 6-hydroxymethyl-dihydropterin diphosphate biosynthesis III (Chlamydia)|g__Bacteroides.s__Bacteroides_xylanisolvens	0	0	1.56873	0	7.7628	0.221031
PWY-7539: 6-hydroxymethyl-dihydropterin diphosphate biosynthesis III (Chlamydia)|g__Dialister.s__Dialister_invisus_CAG_218	0	0	0	0	14.878	0
PWY-7539: 6-hydroxymethyl-dihydropterin diphosphate biosynthesis III (Chlamydia)|g__Escherichia.s__Escherichia_coli	0	0	0	5.19781	0	0
PWY-7539: 6-hydroxymethyl-dihydropterin diphosphate biosynthesis III (Chlamydia)|g__Parabacteroides.s__Parabacteroides_distasonis	3.86688	0.359778	3.6449	0	13.9262	3.24982
PWY-7539: 6-hydroxymethyl-dihydropterin diphosphate biosynthesis III (Chlamydia)|g__Prevotella.s__Prevotella_copri_CAG_164	0	10.439	0	0	0	0
PWY-7539: 6-hydroxymethyl-dihydropterin diphosphate biosynthesis III (Chlamydia)|unclassified	0	1.89605	5.86192	2.86889	0	1.6494
PWY-7560: methylerythritol phosphate pathway II	28.0989	5.98832	91.3033	31.6195	17.0361	140.499
PWY-7560: methylerythritol phosphate pathway II|unclassified	0	0	0	0.928723	0	0
PWY-7616: methanol oxidation to carbon dioxide	0	1.88407	2.71125	1.6129	0.575928	1.64198
PWY-7663: gondoate biosynthesis (anaerobic)	347.697	155.874	251.414	219.317	334.522	268.315
PWY-7663: gondoate biosynthesis (anaerobic)|g__Alistipes.s__Alistipes_finegoldii	4.51283	0	1.90356	15.3467	49.6352	0
PWY-7663: gondoate biosynthesis (anaerobic)|g__Alistipes.s__Alistipes_sp_An31A	0	1.82012	0	0	0	0
PWY-7663: gondoate biosynthesis (anaerobic)|g__Bacteroides.s__Bacteroides_caccae	0.481732	0	0	1.55744	1.44428	0
PWY-7663: gondoate biosynthesis (anaerobic)|g__Bacteroides.s__Bacteroides_cellulosilyticus	4.8767	0	0	6.81095	0	5.26637
PWY-7663: gondoate biosynthesis (anaerobic)|g__Bacteroides.s__Bacteroides_clarus	0	0.842567	0	1.4535	2.25737	0
PWY-7663: gondoate biosynthesis (anaerobic)|g__Bacteroides.s__Bacteroides_dorei	0	1.42823	2.96259	0	22.4578	0
PWY-7663: gondoate biosynthesis (anaerobic)|g__Bacteroides.s__Bacteroides_eggerthii	0	0	8.96648	3.84247	28.2412	0
PWY-7663: gondoate biosynthesis (anaerobic)|g__Bacteroides.s__Bacteroides_faecis	0	0	0	0	1.8314	0
PWY-7663: gondoate biosynthesis (anaerobic)|g__Bacteroides.s__Bacteroides_finegoldii	0	0	0	0.465929	0	0
PWY-7663: gondoate biosynthesis (anaerobic)|g__Bacteroides.s__Bacteroides_fragilis_CAG_47	0	0	0	0	0	0.605122
PWY-7663: gondoate biosynthesis (anaerobic)|g__Bacteroides.s__Bacteroides_ovatus	10.2157	0	0	2.81752	6.14957	2.32731
PWY-7663: gondoate biosynthesis (anaerobic)|g__Bacteroides.s__Bacteroides_salyersiae	2.39533	0	1.56423	0.744956	0	0
PWY-7663: gondoate biosynthesis (anaerobic)|g__Bacteroides.s__Bacteroides_sp_CAG_598	0	8.63876	0	0	0	0
PWY-7663: gondoate biosynthesis (anaerobic)|g__Bacteroides.s__Bacteroides_sp_CAG_633	0	1.11989	0	0	0	0
PWY-7663: gondoate biosynthesis (anaerobic)|g__Bacteroides.s__Bacteroides_stercoris	0	0	0.906938	0.97575	0	6.4962
PWY-7663: gondoate biosynthesis (anaerobic)|g__Bacteroides.s__Bacteroides_thetaiotaomicron	4.91397	0	4.26143	0	0	2.10337
PWY-7663: gondoate biosynthesis (anaerobic)|g__Bacteroides.s__Bacteroides_uniformis	0.729263	2.29474	3.75792	1.733	12.2537	13.0234
PWY-7663: gondoate biosynthesis (anaerobic)|g__Bacteroides.s__Bacteroides_uniformis_CAG_3	2.81192	1.36645	7.64037	0.886037	1.30066	1.51995
PWY-7663: gondoate biosynthesis (anaerobic)|g__Bacteroides.s__Bacteroides_vulgatus	16.8945	6.27054	8.54731	1.66765	0	0
PWY-7663: gondoate biosynthesis (anaerobic)|g__Bacteroides.s__Bacteroides_xylanisolvens	0	0	1.64744	0	8.40521	3.43564
PWY-7663: gondoate biosynthesis (anaerobic)|g__Bifidobacterium.s__Bifidobacterium_longum	4.83731	0	11.0685	2.27779	3.13321	14.6312
PWY-7663: gondoate biosynthesis (anaerobic)|g__Desulfovibrio.s__Desulfovibrio_piger	0	4.5405	0	3.20411	0	0
PWY-7663: gondoate biosynthesis (anaerobic)|g__Escherichia.s__Escherichia_coli	0	0	0	42.2621	0	0
PWY-7663: gondoate biosynthesis (anaerobic)|g__Parabacteroides.s__Parabacteroides_distasonis	5.22603	1.46823	5.91843	0.413114	17.195	4.29965
PWY-7663: gondoate biosynthesis (anaerobic)|g__Parabacteroides.s__Parabacteroides_goldsteinii	0	0	0.530218	0	0	0
PWY-7663: gondoate biosynthesis (anaerobic)|g__Parabacteroides.s__Parabacteroides_merdae	0.662002	0.503744	1.73178	0.767866	0	0
PWY-7663: gondoate biosynthesis (anaerobic)|g__Streptococcus.s__Streptococcus_salivarius	0	0	0	0.246228	0	0
PWY-7663: gondoate biosynthesis (anaerobic)|unclassified	41.8888	32.2334	69.2188	59.2173	36.9236	27.01
PWY-7664: oleate biosynthesis IV (anaerobic)	70.3822	16.4717	58.8725	167.935	120.766	78.3255
PWY-7664: oleate biosynthesis IV (anaerobic)|g__Alistipes.s__Alistipes_finegoldii	4.22076	0	1.59628	15.285	47.8651	0
PWY-7664: oleate biosynthesis IV (anaerobic)|g__Bacteroides.s__Bacteroides_cellulosilyticus	4.46465	0	0	6.32887	0	4.94236
PWY-7664: oleate biosynthesis IV (anaerobic)|g__Bacteroides.s__Bacteroides_vulgatus	0	4.33285	7.14445	0	0	0
PWY-7664: oleate biosynthesis IV (anaerobic)|g__Bifidobacterium.s__Bifidobacterium_longum	4.83731	0	11.0685	2.27779	3.13321	14.6312
PWY-7664: oleate biosynthesis IV (anaerobic)|g__Escherichia.s__Escherichia_coli	0	0	0	24.8233	0	0
PWY-7664: oleate biosynthesis IV (anaerobic)|unclassified	0	5.84626	0	9.15193	3.02182	0.596916
PWY-821: superpathway of sulfur amino acid biosynthesis (Saccharomyces cerevisiae)	0	1.23609	1.52909	55.8779	1.69267	5.31825
PWY-821: superpathway of sulfur amino acid biosynthesis (Saccharomyces cerevisiae)|unclassified	0	1.14955	0.809665	15.7302	1.54646	0
PWY-841: superpathway of purine nucleotides de novo biosynthesis I	297.372	331.988	248.832	232.029	339.616	329.048
PWY-841: superpathway of purine nucleotides de novo biosynthesis I|g__Escherichia.s__Escherichia_coli	0	0	0	10.3392	0	0
PWY-841: superpathway of purine nucleotides de novo biosynthesis I|unclassified	31.2108	92.5142	68.7766	83.4893	46.9017	49.7667
PWY-922: mevalonate pathway I	0	0.802834	0	0.837321	0	0
PWY-922: mevalonate pathway I|unclassified	0	0	0	0.400573	0	0
PWY0-1061: superpathway of L-alanine biosynthesis	159.829	21.4427	82.1212	102.539	14.2793	61.0252
PWY0-1061: superpathway of L-alanine biosynthesis|g__Bifidobacterium.s__Bifidobacterium_adolescentis	0	1.69901	0	0	0	17.4376
PWY0-1061: superpathway of L-alanine biosynthesis|g__Bifidobacterium.s__Bifidobacterium_longum	2.08054	0	6.21362	1.47351	2.01561	9.95778
PWY0-1061: superpathway of L-alanine biosynthesis|g__Blautia.s__Ruminococcus_torques	0	0	30.2806	19.4405	1.44025	2.85726
PWY0-1061: superpathway of L-alanine biosynthesis|g__Escherichia.s__Escherichia_coli	0	0	0	23.3273	0	0
PWY0-1061: superpathway of L-alanine biosynthesis|g__Lachnospiraceae_unclassified.s__Eubacterium_rectale	84.9181	0	0	3.43201	0.533331	0
PWY0-1061: superpathway of L-alanine biosynthesis|unclassified	0.920441	17.0418	1.23108	3.41874	2.96138	5.0051
PWY0-1241: ADP-L-glycero-&beta;-D-manno-heptose biosynthesis	16.93	30.699	20.5225	38.5648	29.8832	33.1507
PWY0-1241: ADP-L-glycero-&beta;-D-manno-heptose biosynthesis|g__Akkermansia.s__Akkermansia_muciniphila	0	2.03321	0.817256	12.6141	11.9123	13.8498
PWY0-1241: ADP-L-glycero-&beta;-D-manno-heptose biosynthesis|g__Butyrivibrio.s__Butyrivibrio_sp_CAG_318	0	2.61397	0	0	0	0
PWY0-1241: ADP-L-glycero-&beta;-D-manno-heptose biosynthesis|g__Escherichia.s__Escherichia_coli	0	0	0	10.3102	0	0
PWY0-1241: ADP-L-glycero-&beta;-D-manno-heptose biosynthesis|g__Phascolarctobacterium.s__Phascolarctobacterium_faecium	8.71268	0	0	0	0	0
PWY0-1241: ADP-L-glycero-&beta;-D-manno-heptose biosynthesis|unclassified	2.00055	0	3.77394	4.00043	0	0
PWY0-1261: anhydromuropeptides recycling	105.992	156.148	176.605	163.611	168.961	269.914
PWY0-1261: anhydromuropeptides recycling|g__Escherichia.s__Escherichia_coli	0	0	0	26.2852	0	0
PWY0-1261: anhydromuropeptides recycling|g__Oxalobacter.s__Oxalobacter_formigenes	0	0	0	1.54683	0	0
PWY0-1261: anhydromuropeptides recycling|unclassified	40.5545	29.584	51.5121	36.9239	33.4577	23.2975
PWY0-1277: 3-phenylpropanoate and 3-(3-hydroxyphenyl)propanoate degradation	0	0	0	29.1941	0.884759	0
PWY0-1277: 3-phenylpropanoate and 3-(3-hydroxyphenyl)propanoate degradation|g__Escherichia.s__Escherichia_coli	0	0	0	20.3347	0	0
PWY0-1277: 3-phenylpropanoate and 3-(3-hydroxyphenyl)propanoate degradation|unclassified	0	0	0	0.788124	0.680695	0
PWY0-1296: purine ribonucleosides degradation	441.485	603.026	421.862	395.862	252.265	280.615
PWY0-1296: purine ribonucleosides degradation|g__Anaerostipes.s__Anaerostipes_hadrus	9.1323	0	5.39243	16.4459	3.29151	9.92523
PWY0-1296: purine ribonucleosides degradation|g__Blautia.s__Blautia_obeum	8.87871	52.0547	11.9628	0	15.2602	8.80207
PWY0-1296: purine ribonucleosides degradation|g__Blautia.s__Blautia_wexlerae	6.02922	0	0	9.7493	0	4.16571
PWY0-1296: purine ribonucleosides degradation|g__Blautia.s__Ruminococcus_torques	0	21.6009	29.6647	27.574	8.08458	6.26299
PWY0-1296: purine ribonucleosides degradation|g__Butyrivibrio.s__Butyrivibrio_crossotus	0	0	11.3795	0	0	0
PWY0-1296: purine ribonucleosides degradation|g__Butyrivibrio.s__Butyrivibrio_crossotus_CAG_259	0	0	4.82454	0	0	0
PWY0-1296: purine ribonucleosides degradation|g__Butyrivibrio.s__Butyrivibrio_sp_CAG_318	0	3.57166	0	0	0	0
PWY0-1296: purine ribonucleosides degradation|g__Clostridium.s__Clostridium_sp_CAG_253	0	0	0	0.554677	0	0
PWY0-1296: purine ribonucleosides degradation|g__Clostridium.s__Clostridium_sp_CAG_411	0	0	0.295753	0	0	0
PWY0-1296: purine ribonucleosides degradation|g__Clostridium.s__Clostridium_sp_CAG_58	0	1.00803	0	0	0	0
PWY0-1296: purine ribonucleosides degradation|g__Clostridium.s__Clostridium_sp_CAG_632	0	0	7.70138	0	0	0
PWY0-1296: purine ribonucleosides degradation|g__Coprococcus.s__Coprococcus_catus	0.548992	2.89619	1.57294	1.68646	1.72922	2.41731
PWY0-1296: purine ribonucleosides degradation|g__Coprococcus.s__Coprococcus_comes	0.686543	0	2.01742	1.76243	0.698252	0.858448
PWY0-1296: purine ribonucleosides degradation|g__Coprococcus.s__Coprococcus_comes_CAG_19	0.855604	0	1.94095	3.53016	0.636083	1.50486
PWY0-1296: purine ribonucleosides degradation|g__Dorea.s__Dorea_formicigenerans	0.352058	1.86421	0	0	0.209533	0
PWY0-1296: purine ribonucleosides degradation|g__Dorea.s__Dorea_formicigenerans_CAG_28	0.24329	1.00722	0	0	0.183629	0
PWY0-1296: purine ribonucleosides degradation|g__Dorea.s__Dorea_longicatena	0	0.683633	0.56536	0.867467	0	0.0555887
PWY0-1296: purine ribonucleosides degradation|g__Dorea.s__Dorea_longicatena_CAG_42	0	25.5775	0.774242	0.458694	2.25766	4.11541
PWY0-1296: purine ribonucleosides degradation|g__Dorea.s__Dorea_sp_CAG_317	0	0.671931	0	0	0	0
PWY0-1296: purine ribonucleosides degradation|g__Escherichia.s__Escherichia_coli	0	0	0	19.3942	0	0
PWY0-1296: purine ribonucleosides degradation|g__Eubacterium.s__Eubacterium_eligens	2.48107	0	0.243743	1.08596	0.199747	0.272385
PWY0-1296: purine ribonucleosides degradation|g__Eubacterium.s__Eubacterium_eligens_CAG_72	5.01061	0	0.18105	1.85359	0.403524	0.187943
PWY0-1296: purine ribonucleosides degradation|g__Eubacterium.s__Eubacterium_ramulus	0.877115	0	1.67218	5.10882	0.618238	1.45325
PWY0-1296: purine ribonucleosides degradation|g__Eubacterium.s__Eubacterium_sp_CAG_274	0	0	3.59458	0	0	0
PWY0-1296: purine ribonucleosides degradation|g__Eubacterium.s__Eubacterium_sp_CAG_38	0.441739	0.416113	1.58082	0	0	0.304944
PWY0-1296: purine ribonucleosides degradation|g__Eubacterium.s__Eubacterium_ventriosum	0	0	0.68428	0.619309	0	0
PWY0-1296: purine ribonucleosides degradation|g__Faecalibacterium.s__Faecalibacterium_prausnitzii	79.6505	128.041	51.0702	6.61947	8.95265	12.5771
PWY0-1296: purine ribonucleosides degradation|g__Faecalitalea.s__Faecalitalea_cylindroides	0	1.90149	0	0	0	0
PWY0-1296: purine ribonucleosides degradation|g__Firmicutes_unclassified.s__Firmicutes_bacterium_CAG_110	0	0.874136	12.2473	3.9452	0	4.16015
PWY0-1296: purine ribonucleosides degradation|g__Firmicutes_unclassified.s__Firmicutes_bacterium_CAG_170	0	0	0	0.601222	3.6936	0
PWY0-1296: purine ribonucleosides degradation|g__Firmicutes_unclassified.s__Firmicutes_bacterium_CAG_95	0	1.89278	0	4.49506	0	0
PWY0-1296: purine ribonucleosides degradation|g__Fusicatenibacter.s__Fusicatenibacter_saccharivorans	9.3568	18.9374	6.61339	40.3593	14.9583	1.74548
PWY0-1296: purine ribonucleosides degradation|g__Gemmiger.s__Gemmiger_formicilis	14.7364	10.1402	4.41324	8.26951	2.79589	1.03077
PWY0-1296: purine ribonucleosides degradation|g__Intestinibacter.s__Intestinibacter_bartlettii	0	0	0	0.428307	0	0
PWY0-1296: purine ribonucleosides degradation|g__Lachnospiraceae_unclassified.s__Eubacterium_rectale	80.1983	0	0	12.3912	1.4581	0
PWY0-1296: purine ribonucleosides degradation|g__Megamonas.s__Megamonas_funiformis	0	7.28483	0	0	0	0
PWY0-1296: purine ribonucleosides degradation|g__Megamonas.s__Megamonas_hypermegale	0	16.0436	0	0	0	0
PWY0-1296: purine ribonucleosides degradation|g__Phascolarctobacterium.s__Phascolarctobacterium_faecium	6.18889	0	0	0	0	0
PWY0-1296: purine ribonucleosides degradation|g__Phascolarctobacterium.s__Phascolarctobacterium_sp_CAG_266	0	20.558	6.11944	0	0	0
PWY0-1296: purine ribonucleosides degradation|g__Roseburia.s__Roseburia_faecis	0	0.973742	12.662	0	0	15.3427
PWY0-1296: purine ribonucleosides degradation|g__Roseburia.s__Roseburia_hominis	0	4.92477	0	3.18795	1.98135	0.740124
PWY0-1296: purine ribonucleosides degradation|g__Roseburia.s__Roseburia_intestinalis	0	0.465099	0.480177	0.0530561	0	0.963537
PWY0-1296: purine ribonucleosides degradation|g__Roseburia.s__Roseburia_intestinalis_CAG_13	0	0.328209	0.282821	0.403709	0	0.853948
PWY0-1296: purine ribonucleosides degradation|g__Roseburia.s__Roseburia_inulinivorans	0.880751	2.69045	0.247679	1.01699	0	3.83456
PWY0-1296: purine ribonucleosides degradation|g__Roseburia.s__Roseburia_sp_CAG_182	0	0	0	7.64996	0.296455	0
PWY0-1296: purine ribonucleosides degradation|g__Roseburia.s__Roseburia_sp_CAG_471	5.26118	0	0	0	0.268248	1.72563
PWY0-1296: purine ribonucleosides degradation|g__Ruthenibacterium.s__Ruthenibacterium_lactatiformans	0	0.95061	0	0.841662	0.824029	0.264708
PWY0-1296: purine ribonucleosides degradation|g__Streptococcus.s__Streptococcus_salivarius	0	0	0	0.40202	0	0
PWY0-1296: purine ribonucleosides degradation|g__Streptococcus.s__Streptococcus_thermophilus	0	0	0	0.354752	0	0
PWY0-1296: purine ribonucleosides degradation|g__Streptococcus.s__Streptococcus_thermophilus_CAG_236	0	0	0	0.357646	0	0
PWY0-1296: purine ribonucleosides degradation|unclassified	104.673	174.711	187.12	160.756	136.535	133.737
PWY0-1297: superpathway of purine deoxyribonucleosides degradation	33.4834	61.905	82.9958	118.393	11.9725	14.6058
PWY0-1297: superpathway of purine deoxyribonucleosides degradation|g__Blautia.s__Ruminococcus_torques	0	18.5123	4.77112	14.6891	2.2899	2.12561
PWY0-1297: superpathway of purine deoxyribonucleosides degradation|g__Butyrivibrio.s__Butyrivibrio_crossotus	0	0	11.4323	0	0	0
PWY0-1297: superpathway of purine deoxyribonucleosides degradation|g__Butyrivibrio.s__Butyrivibrio_crossotus_CAG_259	0	0	2.41691	0	0	0
PWY0-1297: superpathway of purine deoxyribonucleosides degradation|g__Coprococcus.s__Coprococcus_catus	0.409017	3.14765	1.40623	1.91122	1.87774	2.55311
PWY0-1297: superpathway of purine deoxyribonucleosides degradation|g__Dorea.s__Dorea_longicatena	0	0.427815	0	0	0	0
PWY0-1297: superpathway of purine deoxyribonucleosides degradation|g__Escherichia.s__Escherichia_coli	0	0	0	21.7894	0	0
PWY0-1297: superpathway of purine deoxyribonucleosides degradation|g__Streptococcus.s__Streptococcus_thermophilus	0	0	0	0.278303	0	0
PWY0-1297: superpathway of purine deoxyribonucleosides degradation|g__Streptococcus.s__Streptococcus_thermophilus_CAG_236	0	0	0	0.172915	0	0
PWY0-1297: superpathway of purine deoxyribonucleosides degradation|unclassified	27.8183	4.64854	33.076	15.5143	5.63322	3.65932
PWY0-1298: superpathway of pyrimidine deoxyribonucleosides degradation	10.4266	16.5158	23.9863	77.7657	17.9692	16.5255
PWY0-1298: superpathway of pyrimidine deoxyribonucleosides degradation|g__Dorea.s__Dorea_longicatena	0	0.189142	0	0	0	0
PWY0-1298: superpathway of pyrimidine deoxyribonucleosides degradation|g__Escherichia.s__Escherichia_coli	0	0	0	20.7821	0	0
PWY0-1298: superpathway of pyrimidine deoxyribonucleosides degradation|unclassified	4.09169	4.12929	6.66287	7.19272	7.05793	2.90014
PWY0-1319: CDP-diacylglycerol biosynthesis II	513.489	598.276	447.36	508.134	495.796	462.277
PWY0-1319: CDP-diacylglycerol biosynthesis II|g__Alistipes.s__Alistipes_finegoldii	3.3594	0	1.80207	24.4931	47.322	10.0602
PWY0-1319: CDP-diacylglycerol biosynthesis II|g__Alistipes.s__Alistipes_indistinctus	0	0	0	2.08655	1.6446	0.799153
PWY0-1319: CDP-diacylglycerol biosynthesis II|g__Anaerostipes.s__Anaerostipes_hadrus	10.6584	0	5.56645	10.9076	4.05078	8.10642
PWY0-1319: CDP-diacylglycerol biosynthesis II|g__Bacteroides.s__Bacteroides_caccae	0.737443	0	0	1.07704	0.852524	0
PWY0-1319: CDP-diacylglycerol biosynthesis II|g__Bacteroides.s__Bacteroides_cellulosilyticus	3.27244	0	0	4.53292	0	3.97035
PWY0-1319: CDP-diacylglycerol biosynthesis II|g__Bacteroides.s__Bacteroides_clarus	0	0.599812	0	1.08041	2.38661	0
PWY0-1319: CDP-diacylglycerol biosynthesis II|g__Bacteroides.s__Bacteroides_coprocola	36.7598	0	0	0	0	0
PWY0-1319: CDP-diacylglycerol biosynthesis II|g__Bacteroides.s__Bacteroides_coprocola_CAG_162	37.3227	0	0	0	0	0
PWY0-1319: CDP-diacylglycerol biosynthesis II|g__Bacteroides.s__Bacteroides_dorei	0	0.515446	3.34634	3.41585	30.4848	20.7388
PWY0-1319: CDP-diacylglycerol biosynthesis II|g__Bacteroides.s__Bacteroides_eggerthii	0	0	7.17875	3.22195	28.2559	0
PWY0-1319: CDP-diacylglycerol biosynthesis II|g__Bacteroides.s__Bacteroides_faecis	0	0	0	0	1.38355	0
PWY0-1319: CDP-diacylglycerol biosynthesis II|g__Bacteroides.s__Bacteroides_finegoldii	0	0	0	0.558295	0	0
PWY0-1319: CDP-diacylglycerol biosynthesis II|g__Bacteroides.s__Bacteroides_fragilis	0	0	0	0	0	1.66925
PWY0-1319: CDP-diacylglycerol biosynthesis II|g__Bacteroides.s__Bacteroides_fragilis_CAG_47	0	0	0	0	0	1.49798
PWY0-1319: CDP-diacylglycerol biosynthesis II|g__Bacteroides.s__Bacteroides_massiliensis	7.85738	0.814808	6.1051	0	7.22544	0
PWY0-1319: CDP-diacylglycerol biosynthesis II|g__Bacteroides.s__Bacteroides_ovatus	10.4848	0	0	3.6095	8.9279	1.8151
PWY0-1319: CDP-diacylglycerol biosynthesis II|g__Bacteroides.s__Bacteroides_plebeius	0	0.0745683	0	0.887242	0	0
PWY0-1319: CDP-diacylglycerol biosynthesis II|g__Bacteroides.s__Bacteroides_plebeius_CAG_211	0	0.689893	0	0.767625	0	0
PWY0-1319: CDP-diacylglycerol biosynthesis II|g__Bacteroides.s__Bacteroides_salyersiae	2.36473	0	1.30334	0.394786	0	0
PWY0-1319: CDP-diacylglycerol biosynthesis II|g__Bacteroides.s__Bacteroides_sp_CAG_144	0	0	3.07532	0	1.76664	0
PWY0-1319: CDP-diacylglycerol biosynthesis II|g__Bacteroides.s__Bacteroides_sp_CAG_598	0	7.66094	0	0	0	0
PWY0-1319: CDP-diacylglycerol biosynthesis II|g__Bacteroides.s__Bacteroides_sp_CAG_633	0	1.40074	0	0	0	0
PWY0-1319: CDP-diacylglycerol biosynthesis II|g__Bacteroides.s__Bacteroides_stercoris	0	0	0.727574	1.10863	0	6.70902
PWY0-1319: CDP-diacylglycerol biosynthesis II|g__Bacteroides.s__Bacteroides_thetaiotaomicron	2.9122	0	3.84957	0	0	1.93952
PWY0-1319: CDP-diacylglycerol biosynthesis II|g__Bacteroides.s__Bacteroides_uniformis	6.04861	3.08588	11.0005	2.61398	8.14186	6.78632
PWY0-1319: CDP-diacylglycerol biosynthesis II|g__Bacteroides.s__Bacteroides_uniformis_CAG_3	3.79932	2.31543	5.88779	4.74225	10.9228	8.63583
PWY0-1319: CDP-diacylglycerol biosynthesis II|g__Bacteroides.s__Bacteroides_vulgatus	14.0126	6.89457	9.24368	1.96935	0	0
PWY0-1319: CDP-diacylglycerol biosynthesis II|g__Bacteroides.s__Bacteroides_vulgatus_CAG_6	22.0594	2.68228	4.54565	1.18291	0	0
PWY0-1319: CDP-diacylglycerol biosynthesis II|g__Bacteroides.s__Bacteroides_xylanisolvens	0	0	1.71295	0	2.77689	3.40256
PWY0-1319: CDP-diacylglycerol biosynthesis II|g__Barnesiella.s__Barnesiella_intestinihominis	0.638673	0.785416	0.278885	0.951633	19.5951	3.86235
PWY0-1319: CDP-diacylglycerol biosynthesis II|g__Barnesiella.s__Barnesiella_viscericola	0	0	4.81161	0	0	0
PWY0-1319: CDP-diacylglycerol biosynthesis II|g__Blautia.s__Blautia_obeum	9.47708	41.525	11.0671	0	11.3418	5.89849
PWY0-1319: CDP-diacylglycerol biosynthesis II|g__Blautia.s__Blautia_wexlerae	5.45902	0	0	8.72001	0	3.40123
PWY0-1319: CDP-diacylglycerol biosynthesis II|g__Blautia.s__Ruminococcus_torques	0	15.9059	26.5413	18.9991	4.90474	2.78473
PWY0-1319: CDP-diacylglycerol biosynthesis II|g__Butyrivibrio.s__Butyrivibrio_crossotus	0	0	7.72612	0	0	0
PWY0-1319: CDP-diacylglycerol biosynthesis II|g__Butyrivibrio.s__Butyrivibrio_crossotus_CAG_259	0	0	7.44695	0	0	0
PWY0-1319: CDP-diacylglycerol biosynthesis II|g__Butyrivibrio.s__Butyrivibrio_sp_CAG_318	0	3.14602	0	0	0	0
PWY0-1319: CDP-diacylglycerol biosynthesis II|g__Clostridium.s__Clostridium_sp_CAG_167	0	0	1.62411	0	0	0
PWY0-1319: CDP-diacylglycerol biosynthesis II|g__Clostridium.s__Clostridium_sp_CAG_253	0	0	0	0.813687	0	0
PWY0-1319: CDP-diacylglycerol biosynthesis II|g__Coprococcus.s__Coprococcus_comes	0.476581	1.1324	1.29799	1.88421	0.394889	0.0759712
PWY0-1319: CDP-diacylglycerol biosynthesis II|g__Coprococcus.s__Coprococcus_comes_CAG_19	0.769559	1.12832	3.18778	3.96184	0.735956	1.02257
PWY0-1319: CDP-diacylglycerol biosynthesis II|g__Dialister.s__Dialister_invisus	0	0	0	0	7.38892	0
PWY0-1319: CDP-diacylglycerol biosynthesis II|g__Dialister.s__Dialister_sp_CAG_357	0	0	0	0	0	9.49137
PWY0-1319: CDP-diacylglycerol biosynthesis II|g__Dialister.s__Dialister_succinatiphilus	0	0	0	5.98376	0	0
PWY0-1319: CDP-diacylglycerol biosynthesis II|g__Dorea.s__Dorea_formicigenerans	0.537782	1.99076	0.251896	0	0.199172	0.402886
PWY0-1319: CDP-diacylglycerol biosynthesis II|g__Dorea.s__Dorea_formicigenerans_CAG_28	0.255106	1.321	0.0964289	0	0.0742576	0.309973
PWY0-1319: CDP-diacylglycerol biosynthesis II|g__Dorea.s__Dorea_longicatena	0	0	0	0.139634	0.236588	0.396003
PWY0-1319: CDP-diacylglycerol biosynthesis II|g__Dorea.s__Dorea_longicatena_CAG_42	0	21.169	1.19116	0.404191	1.2028	3.44491
PWY0-1319: CDP-diacylglycerol biosynthesis II|g__Dorea.s__Dorea_sp_CAG_317	0	1.06273	0	0	0	0
PWY0-1319: CDP-diacylglycerol biosynthesis II|g__Escherichia.s__Escherichia_coli	0	0	0	39.3855	0	0
PWY0-1319: CDP-diacylglycerol biosynthesis II|g__Eubacterium.s__Eubacterium_eligens	5.13605	0	0.586445	1.53356	0.272278	0
PWY0-1319: CDP-diacylglycerol biosynthesis II|g__Eubacterium.s__Eubacterium_eligens_CAG_72	2.6877	0	0.247679	1.16434	0.344521	0
PWY0-1319: CDP-diacylglycerol biosynthesis II|g__Eubacterium.s__Eubacterium_hallii	1.04618	0	0.350855	0.211501	0.557508	0.735359
PWY0-1319: CDP-diacylglycerol biosynthesis II|g__Eubacterium.s__Eubacterium_hallii_CAG_12	1.23038	0	3.6553	0.685388	1.54243	3.4195
PWY0-1319: CDP-diacylglycerol biosynthesis II|g__Eubacterium.s__Eubacterium_ramulus	0.464159	0	0.601907	0.94681	0.189386	0.883595
PWY0-1319: CDP-diacylglycerol biosynthesis II|g__Eubacterium.s__Eubacterium_sp_CAG_38	0.808037	0	1.5468	0	0	0.224472
PWY0-1319: CDP-diacylglycerol biosynthesis II|g__Eubacterium.s__Eubacterium_ventriosum	0	0	0.385997	0.277097	0	0
PWY0-1319: CDP-diacylglycerol biosynthesis II|g__Faecalibacterium.s__Faecalibacterium_prausnitzii	81.8474	119.669	37.9843	4.59417	6.10553	10.7495
PWY0-1319: CDP-diacylglycerol biosynthesis II|g__Firmicutes_unclassified.s__Firmicutes_bacterium_CAG_94	0	2.51518	0.405395	0	0	0
PWY0-1319: CDP-diacylglycerol biosynthesis II|g__Firmicutes_unclassified.s__Firmicutes_bacterium_CAG_95	0	2.07349	0	5.12281	0	0
PWY0-1319: CDP-diacylglycerol biosynthesis II|g__Flavonifractor.s__Flavonifractor_plautii	0	0.448498	0	0	0	0
PWY0-1319: CDP-diacylglycerol biosynthesis II|g__Fusicatenibacter.s__Fusicatenibacter_saccharivorans	6.78636	15.2084	5.77083	32.4718	12.359	1.49957
PWY0-1319: CDP-diacylglycerol biosynthesis II|g__Intestinibacter.s__Intestinibacter_bartlettii	0	0	0	0.275892	0	0
PWY0-1319: CDP-diacylglycerol biosynthesis II|g__Lachnospira.s__Lachnospira_pectinoschiza	0	0	3.09388	0	0	0.576534
PWY0-1319: CDP-diacylglycerol biosynthesis II|g__Lachnospiraceae_unclassified.s__Eubacterium_rectale	68.0341	0	0	8.89509	0.751499	0
PWY0-1319: CDP-diacylglycerol biosynthesis II|g__Megamonas.s__Megamonas_funiformis	0	0.197579	0	0	0	0
PWY0-1319: CDP-diacylglycerol biosynthesis II|g__Megamonas.s__Megamonas_funiformis_CAG_377	0	16.0891	0	0	0	0
PWY0-1319: CDP-diacylglycerol biosynthesis II|g__Megamonas.s__Megamonas_hypermegale	0	5.07908	0	0	0	0
PWY0-1319: CDP-diacylglycerol biosynthesis II|g__Oxalobacter.s__Oxalobacter_formigenes	0	0	0	1.48822	0	0
PWY0-1319: CDP-diacylglycerol biosynthesis II|g__Parabacteroides.s__Parabacteroides_distasonis	4.31892	1.59179	4.36798	0.408532	13.1917	3.14182
PWY0-1319: CDP-diacylglycerol biosynthesis II|g__Parabacteroides.s__Parabacteroides_goldsteinii	0	0	0.488611	0	0	0
PWY0-1319: CDP-diacylglycerol biosynthesis II|g__Parabacteroides.s__Parabacteroides_merdae	0.967099	0.523611	2.15039	0.995766	0	0
PWY0-1319: CDP-diacylglycerol biosynthesis II|g__Paraprevotella.s__Paraprevotella_clara	0	0.0623217	0	0	0	0
PWY0-1319: CDP-diacylglycerol biosynthesis II|g__Paraprevotella.s__Paraprevotella_clara_CAG_116	0	1.29732	0	0	0	0
PWY0-1319: CDP-diacylglycerol biosynthesis II|g__Paraprevotella.s__Paraprevotella_xylaniphila	2.10114	0	0	0	2.89461	0
PWY0-1319: CDP-diacylglycerol biosynthesis II|g__Prevotella.s__Prevotella_sp_CAG_279	0	3.96464	0	0	0	62.6508
PWY0-1319: CDP-diacylglycerol biosynthesis II|g__Prevotella.s__Prevotella_sp_CAG_485	0	0	0	3.28007	0	0
PWY0-1319: CDP-diacylglycerol biosynthesis II|g__Roseburia.s__Roseburia_faecis	0	0.924211	12.5594	0	0	14.6542
PWY0-1319: CDP-diacylglycerol biosynthesis II|g__Roseburia.s__Roseburia_hominis	0	6.54269	0	2.49508	2.03316	0.823507
PWY0-1319: CDP-diacylglycerol biosynthesis II|g__Roseburia.s__Roseburia_intestinalis	0	0	0.252739	0.214877	0	0.84336
PWY0-1319: CDP-diacylglycerol biosynthesis II|g__Roseburia.s__Roseburia_intestinalis_CAG_13	0	0.172541	0.218441	0.199684	0	0
PWY0-1319: CDP-diacylglycerol biosynthesis II|g__Roseburia.s__Roseburia_inulinivorans	0.174514	1.7842	0.19595	0.797771	0	0.807624
PWY0-1319: CDP-diacylglycerol biosynthesis II|g__Roseburia.s__Roseburia_inulinivorans_CAG_15	0.637158	1.7744	0.18358	0.866985	0	2.2344
PWY0-1319: CDP-diacylglycerol biosynthesis II|g__Roseburia.s__Roseburia_sp_CAG_182	0	0	0	8.2864	0	0
PWY0-1319: CDP-diacylglycerol biosynthesis II|g__Roseburia.s__Roseburia_sp_CAG_471	5.70261	0	0	0	0	1.56998
PWY0-1319: CDP-diacylglycerol biosynthesis II|g__Ruminococcaceae_unclassified.s__Eubacterium_siraeum	0	0	4.23191	2.65956	1.32196	18.9089
PWY0-1319: CDP-diacylglycerol biosynthesis II|g__Ruminococcus.s__Ruminococcus_lactaris	0	0	1.95922	10.1467	0.578519	0.38965
PWY0-1319: CDP-diacylglycerol biosynthesis II|g__Ruthenibacterium.s__Ruthenibacterium_lactatiformans	0	0	0	0.259492	0.439214	0.227914
PWY0-1319: CDP-diacylglycerol biosynthesis II|g__Streptococcus.s__Streptococcus_salivarius	0	0	0	0.304831	0	0
PWY0-1319: CDP-diacylglycerol biosynthesis II|g__Streptococcus.s__Streptococcus_thermophilus	0	0	0	0.0692141	0	0
PWY0-1319: CDP-diacylglycerol biosynthesis II|g__Streptococcus.s__Streptococcus_thermophilus_CAG_236	0	0	0	0.107559	0	0
PWY0-1319: CDP-diacylglycerol biosynthesis II|unclassified	87.7948	158.252	158.293	135.569	105.342	119.975
PWY0-1415: superpathway of heme biosynthesis from uroporphyrinogen-III	0	0.430809	0	25.5173	0.246662	1.1536
PWY0-1415: superpathway of heme biosynthesis from uroporphyrinogen-III|g__Escherichia.s__Escherichia_coli	0	0	0	20.5175	0	0
PWY0-1415: superpathway of heme biosynthesis from uroporphyrinogen-III|unclassified	0	0.360323	0	0.492457	0.239179	0.790683
PWY0-1479: tRNA processing	40.653	60.7092	39.2884	112.847	35.1005	57.6841
PWY0-1479: tRNA processing|g__Escherichia.s__Escherichia_coli	0	0	0	17.9402	0	0
PWY0-1479: tRNA processing|g__Oxalobacter.s__Oxalobacter_formigenes	0	0	0	1.38356	0	0
PWY0-1479: tRNA processing|g__Parasutterella.s__Parasutterella_excrementihominis	0	0	0	0	2.37394	0.740918
PWY0-1479: tRNA processing|unclassified	9.11442	29.9511	17.6757	29.7042	8.98201	10.6918
PWY0-1533: methylphosphonate degradation I	0	0	0	5.56148	0	0
PWY0-1586: peptidoglycan maturation (meso-diaminopimelate containing)	417.379	278.723	296.044	361.617	361.788	353.172
PWY0-1586: peptidoglycan maturation (meso-diaminopimelate containing)|g__Agathobaculum.s__Agathobaculum_butyriciproducens	1.64304	7.25952	1.77761	0.358129	2.00294	1.87863
PWY0-1586: peptidoglycan maturation (meso-diaminopimelate containing)|g__Anaerostipes.s__Anaerostipes_hadrus	9.83338	0	6.99095	17.1689	5.27172	13.4728
PWY0-1586: peptidoglycan maturation (meso-diaminopimelate containing)|g__Bacteroides.s__Bacteroides_clarus	0	1.19636	0	1.9978	2.91936	0
PWY0-1586: peptidoglycan maturation (meso-diaminopimelate containing)|g__Bacteroides.s__Bacteroides_dorei	0	1.1041	3.61651	4.49723	27.7085	18.2749
PWY0-1586: peptidoglycan maturation (meso-diaminopimelate containing)|g__Bacteroides.s__Bacteroides_faecis	0	0	0	0	2.0346	0
PWY0-1586: peptidoglycan maturation (meso-diaminopimelate containing)|g__Bacteroides.s__Bacteroides_fragilis	0	0	0	0	0	2.14625
PWY0-1586: peptidoglycan maturation (meso-diaminopimelate containing)|g__Bacteroides.s__Bacteroides_ovatus	15.0685	0	0	4.16321	12.1552	2.05281
PWY0-1586: peptidoglycan maturation (meso-diaminopimelate containing)|g__Bacteroides.s__Bacteroides_stercoris	0	0	0.702272	1.13492	0	6.24049
PWY0-1586: peptidoglycan maturation (meso-diaminopimelate containing)|g__Bacteroides.s__Bacteroides_thetaiotaomicron	7.1263	0	5.89594	0	0	2.36914
PWY0-1586: peptidoglycan maturation (meso-diaminopimelate containing)|g__Bacteroides.s__Bacteroides_uniformis	6.6585	2.48334	8.07669	5.41968	8.95265	5.17769
PWY0-1586: peptidoglycan maturation (meso-diaminopimelate containing)|g__Bacteroides.s__Bacteroides_uniformis_CAG_3	2.86282	4.03023	13.3193	3.54776	17.5144	13.8598
PWY0-1586: peptidoglycan maturation (meso-diaminopimelate containing)|g__Bacteroides.s__Bacteroides_vulgatus	4.34922	5.33463	6.31202	0.242611	0	0
PWY0-1586: peptidoglycan maturation (meso-diaminopimelate containing)|g__Bacteroides.s__Bacteroides_vulgatus_CAG_6	28.6464	2.50021	6.68255	2.7688	0	0
PWY0-1586: peptidoglycan maturation (meso-diaminopimelate containing)|g__Bacteroides.s__Bacteroides_xylanisolvens	0	0	1.95051	0	9.13973	3.68474
PWY0-1586: peptidoglycan maturation (meso-diaminopimelate containing)|g__Bifidobacterium.s__Bifidobacterium_pseudocatenulatum	0	0	17.7246	2.60626	0	16.2864
PWY0-1586: peptidoglycan maturation (meso-diaminopimelate containing)|g__Blautia.s__Ruminococcus_torques	0	9.18551	1.95585	6.71473	14.5859	5.80108
PWY0-1586: peptidoglycan maturation (meso-diaminopimelate containing)|g__Dorea.s__Dorea_longicatena	0	0.329026	0	0	0	0
PWY0-1586: peptidoglycan maturation (meso-diaminopimelate containing)|g__Eggerthella.s__Eggerthella_lenta	0.822579	0	0	0	0.60874	0
PWY0-1586: peptidoglycan maturation (meso-diaminopimelate containing)|g__Escherichia.s__Escherichia_coli	0	0	0	80.0337	0	0
PWY0-1586: peptidoglycan maturation (meso-diaminopimelate containing)|g__Eubacterium.s__Eubacterium_hallii	0.515059	0	1.6109	0.931858	1.77499	1.48236
PWY0-1586: peptidoglycan maturation (meso-diaminopimelate containing)|g__Eubacterium.s__Eubacterium_hallii_CAG_12	2.21081	0	5.90325	0.890378	1.1343	7.07485
PWY0-1586: peptidoglycan maturation (meso-diaminopimelate containing)|g__Eubacterium.s__Eubacterium_ramulus	0.739564	0	1.26032	5.22844	0.943763	0.93389
PWY0-1586: peptidoglycan maturation (meso-diaminopimelate containing)|g__Faecalibacterium.s__Faecalibacterium_prausnitzii	0	0	4.74919	1.617	4.22491	3.43962
PWY0-1586: peptidoglycan maturation (meso-diaminopimelate containing)|g__Flavonifractor.s__Flavonifractor_plautii	0	1.53436	0	0	0	0
PWY0-1586: peptidoglycan maturation (meso-diaminopimelate containing)|g__Lachnospira.s__Lachnospira_pectinoschiza	0	0	4.54987	0	0	0.993714
PWY0-1586: peptidoglycan maturation (meso-diaminopimelate containing)|g__Lachnospiraceae_unclassified.s__Eubacterium_rectale	82.1922	0	0	2.1999	4.53979	0
PWY0-1586: peptidoglycan maturation (meso-diaminopimelate containing)|g__Oxalobacter.s__Oxalobacter_formigenes	0	0	0	4.34698	0	0
PWY0-1586: peptidoglycan maturation (meso-diaminopimelate containing)|g__Parasutterella.s__Parasutterella_excrementihominis	0	0	0	0	8.13783	2.03957
PWY0-1586: peptidoglycan maturation (meso-diaminopimelate containing)|g__Prevotella.s__Prevotella_copri	0	3.23664	0	0	0	0
PWY0-1586: peptidoglycan maturation (meso-diaminopimelate containing)|g__Prevotella.s__Prevotella_copri_CAG_164	0	7.54609	0	0	0	0
PWY0-1586: peptidoglycan maturation (meso-diaminopimelate containing)|g__Roseburia.s__Roseburia_hominis	0	6.79388	0	3.33699	1.46846	1.01145
PWY0-1586: peptidoglycan maturation (meso-diaminopimelate containing)|g__Ruminococcus.s__Ruminococcus_bicirculans	9.34771	3.68514	0	4.50808	0	1.93687
PWY0-1586: peptidoglycan maturation (meso-diaminopimelate containing)|g__Streptococcus.s__Streptococcus_salivarius	0	0	0	1.15686	0	0
PWY0-1586: peptidoglycan maturation (meso-diaminopimelate containing)|g__Streptococcus.s__Streptococcus_thermophilus	0	0	0	0.431442	0	0
PWY0-1586: peptidoglycan maturation (meso-diaminopimelate containing)|unclassified	60.2901	46.2057	58.1567	64.1817	52.3197	34.4946
PWY0-162: superpathway of pyrimidine ribonucleotides de novo biosynthesis	233.453	111.754	197.644	182.395	305.077	263.1
PWY0-162: superpathway of pyrimidine ribonucleotides de novo biosynthesis|g__Bacteroides.s__Bacteroides_cellulosilyticus	0	0	0	0	0	1.35319
PWY0-162: superpathway of pyrimidine ribonucleotides de novo biosynthesis|g__Bacteroides.s__Bacteroides_faecis	0	0	0	0	1.02349	0
PWY0-162: superpathway of pyrimidine ribonucleotides de novo biosynthesis|g__Bacteroides.s__Bacteroides_fragilis	0	0	0	0	0	0.556151
PWY0-162: superpathway of pyrimidine ribonucleotides de novo biosynthesis|g__Bacteroides.s__Bacteroides_fragilis_CAG_47	0	0	0	0	0	1.37066
PWY0-162: superpathway of pyrimidine ribonucleotides de novo biosynthesis|g__Bacteroides.s__Bacteroides_ovatus	0	0	0	0	2.00237	0
PWY0-162: superpathway of pyrimidine ribonucleotides de novo biosynthesis|g__Bacteroides.s__Bacteroides_thetaiotaomicron	3.899	0	4.08712	0	0	1.9951
PWY0-162: superpathway of pyrimidine ribonucleotides de novo biosynthesis|g__Escherichia.s__Escherichia_coli	0	0	0	8.0708	0	0
PWY0-162: superpathway of pyrimidine ribonucleotides de novo biosynthesis|unclassified	23.0156	51.3008	62.8632	37.0881	40.0335	22.5351
PWY0-166: superpathway of pyrimidine deoxyribonucleotides de novo biosynthesis (E. coli)	190.996	270.292	210.972	197.624	311.732	296.701
PWY0-166: superpathway of pyrimidine deoxyribonucleotides de novo biosynthesis (E. coli)|g__Dialister.s__Dialister_invisus	0	0	0	0	9.59852	0
PWY0-166: superpathway of pyrimidine deoxyribonucleotides de novo biosynthesis (E. coli)|g__Dialister.s__Dialister_invisus_CAG_218	0	0	0	0	14.3375	0
PWY0-166: superpathway of pyrimidine deoxyribonucleotides de novo biosynthesis (E. coli)|g__Dialister.s__Dialister_sp_CAG_357	0	0	0	0	0	10.1936
PWY0-166: superpathway of pyrimidine deoxyribonucleotides de novo biosynthesis (E. coli)|g__Dialister.s__Dialister_succinatiphilus	0	0	0	7.38444	0	0
PWY0-166: superpathway of pyrimidine deoxyribonucleotides de novo biosynthesis (E. coli)|g__Escherichia.s__Escherichia_coli	0	0	0	9.58796	0	0
PWY0-166: superpathway of pyrimidine deoxyribonucleotides de novo biosynthesis (E. coli)|g__Oxalobacter.s__Oxalobacter_formigenes	0	0	0	1.1014	0	0
PWY0-166: superpathway of pyrimidine deoxyribonucleotides de novo biosynthesis (E. coli)|g__Parasutterella.s__Parasutterella_excrementihominis	0	0	0	0	2.28587	0.585269
PWY0-166: superpathway of pyrimidine deoxyribonucleotides de novo biosynthesis (E. coli)|g__Streptococcus.s__Streptococcus_thermophilus	0	0	0	0.269863	0	0
PWY0-166: superpathway of pyrimidine deoxyribonucleotides de novo biosynthesis (E. coli)|g__Streptococcus.s__Streptococcus_thermophilus_CAG_236	0	0	0	0.109971	0	0
PWY0-166: superpathway of pyrimidine deoxyribonucleotides de novo biosynthesis (E. coli)|unclassified	26.6743	80.2276	62.0625	75.5586	48.9024	48.1954
PWY0-41: allantoin degradation IV (anaerobic)	0	0	0	4.00959	0.164633	0
PWY0-41: allantoin degradation IV (anaerobic)|g__Escherichia.s__Escherichia_coli	0	0	0	3.91023	0	0
PWY0-41: allantoin degradation IV (anaerobic)|unclassified	0	0	0	0.117929	0.164345	0
PWY0-42: 2-methylcitrate cycle I	0	0	0	12.6023	0	0
PWY0-42: 2-methylcitrate cycle I|g__Escherichia.s__Escherichia_coli	0	0	0	11.1398	0	0
PWY0-42: 2-methylcitrate cycle I|unclassified	0	0	0	0.197996	0	0
PWY0-781: aspartate superpathway	50.8218	26.4859	114.619	119.15	46.6404	156.908
PWY0-781: aspartate superpathway|g__Escherichia.s__Escherichia_coli	0	0	0	22.4012	0	0
PWY0-781: aspartate superpathway|unclassified	10.5342	12.19	12.4821	17.6149	11.1196	7.74774
PWY0-845: superpathway of pyridoxal 5'-phosphate biosynthesis and salvage	75.4319	23.3263	97.8717	103.15	206.625	131.66
PWY0-845: superpathway of pyridoxal 5'-phosphate biosynthesis and salvage|g__Bacteroides.s__Bacteroides_caccae	0.772891	0	0	1.08041	1.8219	0
PWY0-845: superpathway of pyridoxal 5'-phosphate biosynthesis and salvage|g__Bacteroides.s__Bacteroides_cellulosilyticus	0	0	0	0	0	1.58428
PWY0-845: superpathway of pyridoxal 5'-phosphate biosynthesis and salvage|g__Bacteroides.s__Bacteroides_dorei	0	1.0181	3.86137	5.06734	32.9937	22.9849
PWY0-845: superpathway of pyridoxal 5'-phosphate biosynthesis and salvage|g__Bacteroides.s__Bacteroides_faecis	0	0	0	0	1.53437	0
PWY0-845: superpathway of pyridoxal 5'-phosphate biosynthesis and salvage|g__Bacteroides.s__Bacteroides_finegoldii	0	0	0	0.218495	0	0
PWY0-845: superpathway of pyridoxal 5'-phosphate biosynthesis and salvage|g__Bacteroides.s__Bacteroides_fragilis	0	0	0	0	0	1.72616
PWY0-845: superpathway of pyridoxal 5'-phosphate biosynthesis and salvage|g__Bacteroides.s__Bacteroides_fragilis_CAG_47	0	0	0	0	0	0.402621
PWY0-845: superpathway of pyridoxal 5'-phosphate biosynthesis and salvage|g__Bacteroides.s__Bacteroides_ovatus	10.2379	0	0	3.17709	2.72998	1.21183
PWY0-845: superpathway of pyridoxal 5'-phosphate biosynthesis and salvage|g__Bacteroides.s__Bacteroides_salyersiae	2.60408	0	1.90328	0.512956	0	0
PWY0-845: superpathway of pyridoxal 5'-phosphate biosynthesis and salvage|g__Bacteroides.s__Bacteroides_thetaiotaomicron	4.57524	0	4.4034	0	0	1.57104
PWY0-845: superpathway of pyridoxal 5'-phosphate biosynthesis and salvage|g__Bacteroides.s__Bacteroides_uniformis	4.83277	2.76964	10.8582	3.62349	11.9017	12.5885
PWY0-845: superpathway of pyridoxal 5'-phosphate biosynthesis and salvage|g__Bacteroides.s__Bacteroides_uniformis_CAG_3	2.10689	1.0015	5.09949	2.11428	9.34783	0
PWY0-845: superpathway of pyridoxal 5'-phosphate biosynthesis and salvage|g__Bacteroides.s__Bacteroides_xylanisolvens	0	0	1.45037	0	7.39007	1.09907
PWY0-845: superpathway of pyridoxal 5'-phosphate biosynthesis and salvage|g__Escherichia.s__Escherichia_coli	0	0	0	22.1188	0	0
PWY0-845: superpathway of pyridoxal 5'-phosphate biosynthesis and salvage|g__Parabacteroides.s__Parabacteroides_distasonis	3.07884	0.988982	4.27351	0	12.6972	2.96394
PWY0-845: superpathway of pyridoxal 5'-phosphate biosynthesis and salvage|unclassified	0	3.70664	0.777335	6.92502	0	0
PWY0-862: (5Z)-dodec-5-enoate biosynthesis	62.0701	14.3304	52.163	160.506	108.846	69.9041
PWY0-862: (5Z)-dodec-5-enoate biosynthesis|g__Alistipes.s__Alistipes_finegoldii	4.14138	0	1.55523	15.2054	47.1579	0
PWY0-862: (5Z)-dodec-5-enoate biosynthesis|g__Bacteroides.s__Bacteroides_cellulosilyticus	4.2559	0	0	6.00667	0	4.7478
PWY0-862: (5Z)-dodec-5-enoate biosynthesis|g__Bacteroides.s__Bacteroides_vulgatus	0	3.96246	6.89228	0	0	0
PWY0-862: (5Z)-dodec-5-enoate biosynthesis|g__Bifidobacterium.s__Bifidobacterium_longum	4.83731	0	11.0685	2.27779	3.13321	14.6312
PWY0-862: (5Z)-dodec-5-enoate biosynthesis|g__Escherichia.s__Escherichia_coli	0	0	0	22.2804	0	0
PWY0-862: (5Z)-dodec-5-enoate biosynthesis|unclassified	0	5.13378	0	8.01075	2.61715	0.513269
PWY0-881: superpathway of fatty acid biosynthesis I (E. coli)	0	0	0	20.0354	1.24655	0
PWY0-881: superpathway of fatty acid biosynthesis I (E. coli)|unclassified	0	0	0	1.21595	0	0
PWY1G-0: mycothiol biosynthesis	0.258135	0.288204	0	0	0	0
PWY1G-0: mycothiol biosynthesis|unclassified	0	0.280584	0	0	0	0
PWY3O-1109: superpathway of 4-hydroxybenzoate biosynthesis (yeast)	0	0	0	1.03918	0	0
PWY3O-355: stearate biosynthesis III (fungi)	0	0	0	12.0992	0	0
PWY3O-355: stearate biosynthesis III (fungi)|unclassified	0	0	0	0.268416	0	0
PWY490-3: nitrate reduction VI (assimilatory)	1.99237	0.301267	1.6421	0.777513	1.73843	0
PWY490-3: nitrate reduction VI (assimilatory)|unclassified	1.97934	0.301267	1.63564	0.775342	1.72289	0
PWY4FS-7: phosphatidylglycerol biosynthesis I (plastidic)	80.9861	77.1608	109.377	209.379	106.982	88.0289
PWY4FS-7: phosphatidylglycerol biosynthesis I (plastidic)|g__Escherichia.s__Escherichia_coli	0	0	0	34.3495	0	0
PWY4FS-7: phosphatidylglycerol biosynthesis I (plastidic)|g__Fusicatenibacter.s__Fusicatenibacter_saccharivorans	5.16453	13.1749	4.32018	25.1225	10.7069	1.26266
PWY4FS-7: phosphatidylglycerol biosynthesis I (plastidic)|g__Oxalobacter.s__Oxalobacter_formigenes	0	0	0	1.16772	0	0
PWY4FS-7: phosphatidylglycerol biosynthesis I (plastidic)|g__Roseburia.s__Roseburia_intestinalis	0	0	0.254988	0.267692	0	0.961684
PWY4FS-7: phosphatidylglycerol biosynthesis I (plastidic)|g__Roseburia.s__Roseburia_intestinalis_CAG_13	0	0.195674	0	0.162303	0	0
PWY4FS-7: phosphatidylglycerol biosynthesis I (plastidic)|g__Streptococcus.s__Streptococcus_salivarius	0	0	0	0.35837	0	0
PWY4FS-7: phosphatidylglycerol biosynthesis I (plastidic)|unclassified	18.8124	6.43628	39.7113	14.0922	11.7013	7.78162
PWY4FS-8: phosphatidylglycerol biosynthesis II (non-plastidic)	80.9861	77.1608	109.377	209.379	106.982	88.0289
PWY4FS-8: phosphatidylglycerol biosynthesis II (non-plastidic)|g__Escherichia.s__Escherichia_coli	0	0	0	34.3495	0	0
PWY4FS-8: phosphatidylglycerol biosynthesis II (non-plastidic)|g__Fusicatenibacter.s__Fusicatenibacter_saccharivorans	5.16453	13.1749	4.32018	25.1225	10.7069	1.26266
PWY4FS-8: phosphatidylglycerol biosynthesis II (non-plastidic)|g__Oxalobacter.s__Oxalobacter_formigenes	0	0	0	1.16772	0	0
PWY4FS-8: phosphatidylglycerol biosynthesis II (non-plastidic)|g__Roseburia.s__Roseburia_intestinalis	0	0	0.254988	0.267692	0	0.961684
PWY4FS-8: phosphatidylglycerol biosynthesis II (non-plastidic)|g__Roseburia.s__Roseburia_intestinalis_CAG_13	0	0.195674	0	0.162303	0	0
PWY4FS-8: phosphatidylglycerol biosynthesis II (non-plastidic)|g__Streptococcus.s__Streptococcus_salivarius	0	0	0	0.35837	0	0
PWY4FS-8: phosphatidylglycerol biosynthesis II (non-plastidic)|unclassified	18.8124	6.43628	39.7113	14.0922	11.7013	7.78162
PWY4LZ-257: superpathway of fermentation (Chlamydomonas reinhardtii)	6.76212	17.0568	20.9425	91.9312	9.68544	12.094
PWY4LZ-257: superpathway of fermentation (Chlamydomonas reinhardtii)|g__Escherichia.s__Escherichia_coli	0	0	0	25.4737	0	0
PWY4LZ-257: superpathway of fermentation (Chlamydomonas reinhardtii)|unclassified	4.28711	3.34795	13.4725	3.33265	2.32069	2.92582
PWY66-367: ketogenesis	0	0	0	0.787401	0	0
PWY66-367: ketogenesis|unclassified	0	0	0	0.782818	0	0
PWY66-389: phytol degradation	0.672909	4.11405	0	1.12262	0	2.15181
PWY66-389: phytol degradation|unclassified	0.668365	3.85006	0	1.11152	0	2.09119
PWY66-391: fatty acid &beta;-oxidation VI (peroxisome)	0	3.39585	0	0	0.617662	0
PWY66-391: fatty acid &beta;-oxidation VI (peroxisome)|unclassified	0	0.776708	0	0	0.576216	0
PWY66-398: TCA cycle III (animals)	1.68152	1.26222	1.07815	3.85887	7.97262	1.55701
PWY66-398: TCA cycle III (animals)|unclassified	1.52276	0.974831	0.842839	2.4647	1.07098	0.646417
PWY66-399: gluconeogenesis III	26.3053	103.747	130.866	121.414	144.437	146.068
PWY66-399: gluconeogenesis III|unclassified	9.23652	44.5339	40.7863	39.1023	45.7332	36.5458
PWY66-400: glycolysis VI (metazoan)	115.543	220.903	219.084	217.266	154.353	247.658
PWY66-400: glycolysis VI (metazoan)|g__Bacteroides.s__Bacteroides_cellulosilyticus	0	0	0	0	0	1.61181
PWY66-400: glycolysis VI (metazoan)|g__Bacteroides.s__Bacteroides_fragilis_CAG_47	0	0	0	0	0	0.721065
PWY66-400: glycolysis VI (metazoan)|g__Bacteroides.s__Bacteroides_salyersiae	2.74678	0	1.86026	0.697688	0	0
PWY66-400: glycolysis VI (metazoan)|g__Escherichia.s__Escherichia_coli	0	0	0	20.2067	0	0
PWY66-400: glycolysis VI (metazoan)|g__Streptococcus.s__Streptococcus_thermophilus	0	0	0	0.257322	0	0
PWY66-400: glycolysis VI (metazoan)|unclassified	24.3256	82.2456	66.3571	58.8457	59.8683	61.8249
PWY66-409: superpathway of purine nucleotide salvage	83.3253	138.889	156.133	126.872	30.0251	18.6736
PWY66-409: superpathway of purine nucleotide salvage|g__Escherichia.s__Escherichia_coli	0	0	0	10.0795	0	0
PWY66-409: superpathway of purine nucleotide salvage|unclassified	31.401	12.8404	54.1045	35.4615	14.1449	5.43022
PWY66-422: D-galactose degradation V (Leloir pathway)	361.748	466.19	341.028	336.587	221.834	304.071
PWY66-422: D-galactose degradation V (Leloir pathway)|g__Anaerostipes.s__Anaerostipes_hadrus	16.5064	0	6.85882	15.0342	6.38414	11.1609
PWY66-422: D-galactose degradation V (Leloir pathway)|g__Bifidobacterium.s__Bifidobacterium_longum	0	0	10.707	0	0	0
PWY66-422: D-galactose degradation V (Leloir pathway)|g__Bifidobacterium.s__Bifidobacterium_longum_CAG_69	2.99007	0	4.85096	1.0944	2.35034	8.05321
PWY66-422: D-galactose degradation V (Leloir pathway)|g__Blautia.s__Blautia_obeum	11.3349	49.9899	8.46044	0	12.9934	6.83264
PWY66-422: D-galactose degradation V (Leloir pathway)|g__Blautia.s__Blautia_wexlerae	9.16775	0	0	15.244	0	5.08769
PWY66-422: D-galactose degradation V (Leloir pathway)|g__Blautia.s__Ruminococcus_torques	0	21.2359	12.4517	19.9192	9.60917	7.26279
PWY66-422: D-galactose degradation V (Leloir pathway)|g__Coprococcus.s__Coprococcus_catus	0.745018	3.03798	1.49648	1.64305	2.13246	2.6619
PWY66-422: D-galactose degradation V (Leloir pathway)|g__Coprococcus.s__Coprococcus_comes	0.897717	1.14057	2.03597	2.64678	0.770783	0.807624
PWY66-422: D-galactose degradation V (Leloir pathway)|g__Coprococcus.s__Coprococcus_comes_CAG_19	0.672606	0.807188	1.75146	3.08569	0.985497	1.11945
PWY66-422: D-galactose degradation V (Leloir pathway)|g__Coprococcus.s__Coprococcus_eutactus	0	0	0	7.48453	3.13321	4.17471
PWY66-422: D-galactose degradation V (Leloir pathway)|g__Dorea.s__Dorea_formicigenerans	0.783193	2.46837	0	0	0.228529	1.24069
PWY66-422: D-galactose degradation V (Leloir pathway)|g__Dorea.s__Dorea_longicatena	0	7.98888	0.672191	0.378628	0.964198	1.45536
PWY66-422: D-galactose degradation V (Leloir pathway)|g__Dorea.s__Dorea_longicatena_CAG_42	0	16.2028	0.742756	0.54913	1.31217	2.34611
PWY66-422: D-galactose degradation V (Leloir pathway)|g__Escherichia.s__Escherichia_coli	0	0	0	16.7209	0	0
PWY66-422: D-galactose degradation V (Leloir pathway)|g__Eubacterium.s__Eubacterium_eligens	0	0	0.368566	0	0.330993	0.0796771
PWY66-422: D-galactose degradation V (Leloir pathway)|g__Eubacterium.s__Eubacterium_eligens_CAG_72	0	0	0.561424	0	0.228241	0
PWY66-422: D-galactose degradation V (Leloir pathway)|g__Eubacterium.s__Eubacterium_hallii	1.57457	0	2.14871	0.53659	0.685012	2.15102
PWY66-422: D-galactose degradation V (Leloir pathway)|g__Eubacterium.s__Eubacterium_hallii_CAG_12	2.06872	0	4.19452	1.05606	1.48084	4.02038
PWY66-422: D-galactose degradation V (Leloir pathway)|g__Eubacterium.s__Eubacterium_ramulus	0.668062	0	0.985655	3.08883	0.818273	0.75733
PWY66-422: D-galactose degradation V (Leloir pathway)|g__Faecalibacterium.s__Faecalibacterium_prausnitzii	68.8243	92.5714	34.5038	5.59404	7.6943	10.5473
PWY66-422: D-galactose degradation V (Leloir pathway)|g__Fusicatenibacter.s__Fusicatenibacter_saccharivorans	6.91906	14.6388	5.78011	30.5798	12.435	0.910331
PWY66-422: D-galactose degradation V (Leloir pathway)|g__Lachnospira.s__Lachnospira_pectinoschiza	0	0	1.94151	0	0	0
PWY66-422: D-galactose degradation V (Leloir pathway)|g__Roseburia.s__Roseburia_faecis	0	0.93673	14.2591	0	0	15.4232
PWY66-422: D-galactose degradation V (Leloir pathway)|g__Roseburia.s__Roseburia_hominis	0	8.39764	0	4.02696	2.2663	0.805242
PWY66-422: D-galactose degradation V (Leloir pathway)|g__Roseburia.s__Roseburia_intestinalis	0	0.650704	0.586726	0.440366	0	1.74151
PWY66-422: D-galactose degradation V (Leloir pathway)|g__Roseburia.s__Roseburia_intestinalis_CAG_13	0	0.381278	0.521222	0.405397	0	0.817418
PWY66-422: D-galactose degradation V (Leloir pathway)|g__Roseburia.s__Roseburia_inulinivorans	0.805613	3.01321	0.172616	1.31073	0	2.77785
PWY66-422: D-galactose degradation V (Leloir pathway)|g__Roseburia.s__Roseburia_inulinivorans_CAG_15	0.920744	1.91755	0.169524	1.17447	0	1.56866
PWY66-422: D-galactose degradation V (Leloir pathway)|g__Ruminococcaceae_unclassified.s__Eubacterium_siraeum	0	0	4.38709	2.05809	0.899726	18.3993
PWY66-422: D-galactose degradation V (Leloir pathway)|g__Ruminococcus.s__Ruminococcus_lactaris	0	0	2.11047	8.10166	0.497929	0.369268
PWY66-422: D-galactose degradation V (Leloir pathway)|g__Streptococcus.s__Streptococcus_salivarius	0	0	0	0.33353	0	0
PWY66-422: D-galactose degradation V (Leloir pathway)|g__Streptococcus.s__Streptococcus_thermophilus	0	0	0	0.307002	0	0
PWY66-422: D-galactose degradation V (Leloir pathway)|g__Streptococcus.s__Streptococcus_thermophilus_CAG_236	0	0	0	0.255152	0	0
PWY66-422: D-galactose degradation V (Leloir pathway)|unclassified	78.448	98.4693	106.763	73.9935	40.7738	58.7951
PWYG-321: mycolate biosynthesis	72.8618	17.1646	61.2998	176.498	125.086	81.3175
PWYG-321: mycolate biosynthesis|g__Alistipes.s__Alistipes_finegoldii	4.15622	0	1.49001	14.7175	47.1427	0
PWYG-321: mycolate biosynthesis|g__Bacteroides.s__Bacteroides_cellulosilyticus	0	0	0	0	0	5.1671
PWYG-321: mycolate biosynthesis|g__Bacteroides.s__Bacteroides_vulgatus	0	4.48961	7.09582	0	0	0
PWYG-321: mycolate biosynthesis|g__Bifidobacterium.s__Bifidobacterium_longum	4.79702	0	11.0193	2.2667	3.10414	14.5724
PWYG-321: mycolate biosynthesis|unclassified	0	6.09555	0	9.44953	3.14271	0.619946
PYRIDNUCSAL-PWY: NAD salvage pathway I	5.2433	9.379	79.2367	80.38	2.02079	90.1021
PYRIDNUCSAL-PWY: NAD salvage pathway I|g__Escherichia.s__Escherichia_coli	0	0	0	9.80669	0	0
PYRIDNUCSAL-PWY: NAD salvage pathway I|unclassified	4.7343	1.48238	1.40286	9.79681	1.84867	0
PYRIDNUCSYN-PWY: NAD biosynthesis I (from aspartate)	329.741	299.257	311.457	310.313	378.527	322.059
PYRIDNUCSYN-PWY: NAD biosynthesis I (from aspartate)|g__Alistipes.s__Alistipes_finegoldii	2.91584	0	2.71856	18.4146	32.5706	4.9466
PYRIDNUCSYN-PWY: NAD biosynthesis I (from aspartate)|g__Alistipes.s__Alistipes_putredinis	0.533843	3.06356	2.05256	4.75069	17.9652	9.29178
PYRIDNUCSYN-PWY: NAD biosynthesis I (from aspartate)|g__Alistipes.s__Alistipes_putredinis_CAG_67	0.495366	3.01321	3.35983	3.95147	23.6015	11.6024
PYRIDNUCSYN-PWY: NAD biosynthesis I (from aspartate)|g__Anaerostipes.s__Anaerostipes_hadrus	13.5564	0	5.78011	13.4442	3.98055	9.43578
PYRIDNUCSYN-PWY: NAD biosynthesis I (from aspartate)|g__Bacteroides.s__Bacteroides_cellulosilyticus	3.9202	0	0	5.40593	0	4.77374
PYRIDNUCSYN-PWY: NAD biosynthesis I (from aspartate)|g__Bacteroides.s__Bacteroides_clarus	0	0.804194	0	1.38935	2.0818	0
PYRIDNUCSYN-PWY: NAD biosynthesis I (from aspartate)|g__Bacteroides.s__Bacteroides_dorei	0	0.72636	3.76747	4.28621	31.9699	20.6446
PYRIDNUCSYN-PWY: NAD biosynthesis I (from aspartate)|g__Bacteroides.s__Bacteroides_eggerthii	0	0	8.38144	3.61433	31.1519	0
PYRIDNUCSYN-PWY: NAD biosynthesis I (from aspartate)|g__Bacteroides.s__Bacteroides_faecis	0	0	0	0	1.25662	0
PYRIDNUCSYN-PWY: NAD biosynthesis I (from aspartate)|g__Bacteroides.s__Bacteroides_finegoldii	0	0	0	0.16568	0	0
PYRIDNUCSYN-PWY: NAD biosynthesis I (from aspartate)|g__Bacteroides.s__Bacteroides_fragilis_CAG_47	0	0	0	0	0	0.741447
PYRIDNUCSYN-PWY: NAD biosynthesis I (from aspartate)|g__Bacteroides.s__Bacteroides_massiliensis	9.66766	1.32563	5.96144	0	6.71715	0
PYRIDNUCSYN-PWY: NAD biosynthesis I (from aspartate)|g__Bacteroides.s__Bacteroides_ovatus	10.1976	0	0	2.82572	3.87233	2.17378
PYRIDNUCSYN-PWY: NAD biosynthesis I (from aspartate)|g__Bacteroides.s__Bacteroides_salyersiae	2.27383	0	1.85633	0.546719	0	0
PYRIDNUCSYN-PWY: NAD biosynthesis I (from aspartate)|g__Bacteroides.s__Bacteroides_sp_CAG_598	0	7.92846	0	0	0	0
PYRIDNUCSYN-PWY: NAD biosynthesis I (from aspartate)|g__Bacteroides.s__Bacteroides_thetaiotaomicron	4.6934	0	4.16584	0	0	1.82463
PYRIDNUCSYN-PWY: NAD biosynthesis I (from aspartate)|g__Bacteroides.s__Bacteroides_uniformis	3.41787	2.15296	7.14979	2.51558	9.49749	7.94892
PYRIDNUCSYN-PWY: NAD biosynthesis I (from aspartate)|g__Bacteroides.s__Bacteroides_uniformis_CAG_3	4.08199	2.218	8.81439	3.07918	9.10778	6.15684
PYRIDNUCSYN-PWY: NAD biosynthesis I (from aspartate)|g__Bacteroides.s__Bacteroides_vulgatus	27.9947	6.51711	9.2777	2.5643	0	0
PYRIDNUCSYN-PWY: NAD biosynthesis I (from aspartate)|g__Bacteroides.s__Bacteroides_vulgatus_CAG_6	13.8717	3.53111	5.51528	1.29023	0	0
PYRIDNUCSYN-PWY: NAD biosynthesis I (from aspartate)|g__Bacteroides.s__Bacteroides_xylanisolvens	0	0	1.14984	0	1.50213	2.22408
PYRIDNUCSYN-PWY: NAD biosynthesis I (from aspartate)|g__Blautia.s__Blautia_obeum	3.10823	18.2809	3.19958	0	3.10587	2.31064
PYRIDNUCSYN-PWY: NAD biosynthesis I (from aspartate)|g__Blautia.s__Ruminococcus_torques	0	18.1302	9.96788	14.2593	7.37971	3.62253
PYRIDNUCSYN-PWY: NAD biosynthesis I (from aspartate)|g__Coprococcus.s__Coprococcus_catus	0.451131	3.54009	1.438	1.9679	2.21247	3.08041
PYRIDNUCSYN-PWY: NAD biosynthesis I (from aspartate)|g__Coprococcus.s__Coprococcus_comes	0.903474	0.845289	1.63142	2.3405	0.421081	0.687711
PYRIDNUCSYN-PWY: NAD biosynthesis I (from aspartate)|g__Coprococcus.s__Coprococcus_comes_CAG_19	0.788343	0.326032	1.66038	3.25909	0.672348	1.30104
PYRIDNUCSYN-PWY: NAD biosynthesis I (from aspartate)|g__Coprococcus.s__Coprococcus_eutactus	0	0	0	2.16831	1.1438	2.01707
PYRIDNUCSYN-PWY: NAD biosynthesis I (from aspartate)|g__Desulfovibrio.s__Desulfovibrio_piger	0	6.68094	0	3.40572	0	0
PYRIDNUCSYN-PWY: NAD biosynthesis I (from aspartate)|g__Escherichia.s__Escherichia_coli	0	0	0	16.5769	0	0
PYRIDNUCSYN-PWY: NAD biosynthesis I (from aspartate)|g__Eubacterium.s__Eubacterium_hallii	2.77344	2.50511	0.335393	0.535384	0.832664	2.18755
PYRIDNUCSYN-PWY: NAD biosynthesis I (from aspartate)|g__Eubacterium.s__Eubacterium_hallii_CAG_12	1.86603	0	2.78154	0.602428	1.53437	3.37503
PYRIDNUCSYN-PWY: NAD biosynthesis I (from aspartate)|g__Eubacterium.s__Eubacterium_ramulus	0.625342	0	0	0	0	0.51221
PYRIDNUCSYN-PWY: NAD biosynthesis I (from aspartate)|g__Faecalitalea.s__Faecalitalea_cylindroides	0	1.38441	0	0	0	0
PYRIDNUCSYN-PWY: NAD biosynthesis I (from aspartate)|g__Odoribacter.s__Odoribacter_laneus	0	0	1.38177	0	0	0
PYRIDNUCSYN-PWY: NAD biosynthesis I (from aspartate)|g__Odoribacter.s__Odoribacter_laneus_CAG_561	0	0	0.284789	0	0	0
PYRIDNUCSYN-PWY: NAD biosynthesis I (from aspartate)|g__Oxalobacter.s__Oxalobacter_formigenes	0	0	0	1.00397	0	0
PYRIDNUCSYN-PWY: NAD biosynthesis I (from aspartate)|g__Parabacteroides.s__Parabacteroides_distasonis	3.77508	1.06872	4.64545	0	13.9999	3.30859
PYRIDNUCSYN-PWY: NAD biosynthesis I (from aspartate)|g__Parabacteroides.s__Parabacteroides_goldsteinii	0	0	1.05706	0	0	0
PYRIDNUCSYN-PWY: NAD biosynthesis I (from aspartate)|g__Roseburia.s__Roseburia_intestinalis	0	0	0.11892	0	0	0.140031
PYRIDNUCSYN-PWY: NAD biosynthesis I (from aspartate)|g__Roseburia.s__Roseburia_intestinalis_CAG_13	0	0	0.143097	0	0	0.712329
PYRIDNUCSYN-PWY: NAD biosynthesis I (from aspartate)|g__Ruminococcus.s__Ruminococcus_bicirculans	5.86046	2.09254	0	2.66583	0	1.00192
PYRIDNUCSYN-PWY: NAD biosynthesis I (from aspartate)|unclassified	46.2629	84.2197	86.0368	83.8158	50.3182	53.2362
PYRIDOXSYN-PWY: pyridoxal 5'-phosphate biosynthesis I	63.485	18.3892	79.2668	85.9354	197.961	115.584
PYRIDOXSYN-PWY: pyridoxal 5'-phosphate biosynthesis I|g__Alistipes.s__Alistipes_indistinctus	0	0	0	1.92714	1.10178	0.717094
PYRIDOXSYN-PWY: pyridoxal 5'-phosphate biosynthesis I|g__Bacteroides.s__Bacteroides_caccae	1.3543	0	0	1.12913	1.96265	0
PYRIDOXSYN-PWY: pyridoxal 5'-phosphate biosynthesis I|g__Bacteroides.s__Bacteroides_cellulosilyticus	0	0	0	0	0	2.32784
PYRIDOXSYN-PWY: pyridoxal 5'-phosphate biosynthesis I|g__Bacteroides.s__Bacteroides_clarus	0	0.494763	0	2.04001	1.93185	0
PYRIDOXSYN-PWY: pyridoxal 5'-phosphate biosynthesis I|g__Bacteroides.s__Bacteroides_dorei	0	0.977552	4.18749	4.708	32.6411	22.3752
PYRIDOXSYN-PWY: pyridoxal 5'-phosphate biosynthesis I|g__Bacteroides.s__Bacteroides_eggerthii	0	0	8.13798	3.34133	33.1897	0
PYRIDOXSYN-PWY: pyridoxal 5'-phosphate biosynthesis I|g__Bacteroides.s__Bacteroides_faecis	0	0	0	0	1.46587	0
PYRIDOXSYN-PWY: pyridoxal 5'-phosphate biosynthesis I|g__Bacteroides.s__Bacteroides_finegoldii	0	0	0	0.177014	0	0
PYRIDOXSYN-PWY: pyridoxal 5'-phosphate biosynthesis I|g__Bacteroides.s__Bacteroides_fragilis	0	0	0	0	0	1.51095
PYRIDOXSYN-PWY: pyridoxal 5'-phosphate biosynthesis I|g__Bacteroides.s__Bacteroides_fragilis_CAG_47	0	0	0	0	0	0.34862
PYRIDOXSYN-PWY: pyridoxal 5'-phosphate biosynthesis I|g__Bacteroides.s__Bacteroides_ovatus	10.5493	0	0	3.47276	2.47151	1.82701
PYRIDOXSYN-PWY: pyridoxal 5'-phosphate biosynthesis I|g__Bacteroides.s__Bacteroides_salyersiae	2.88403	0	2.10513	0.631609	0	0
PYRIDOXSYN-PWY: pyridoxal 5'-phosphate biosynthesis I|g__Bacteroides.s__Bacteroides_stercoris	0	0	0.687934	1.40888	0	8.09609
PYRIDOXSYN-PWY: pyridoxal 5'-phosphate biosynthesis I|g__Bacteroides.s__Bacteroides_thetaiotaomicron	5.07848	0	4.79474	0	0	2.43531
PYRIDOXSYN-PWY: pyridoxal 5'-phosphate biosynthesis I|g__Bacteroides.s__Bacteroides_uniformis	4.73733	2.43762	9.97603	3.15756	13.0417	11.555
PYRIDOXSYN-PWY: pyridoxal 5'-phosphate biosynthesis I|g__Bacteroides.s__Bacteroides_uniformis_CAG_3	1.92965	2.18425	5.55211	3.35845	6.62505	5.42731
PYRIDOXSYN-PWY: pyridoxal 5'-phosphate biosynthesis I|g__Bacteroides.s__Bacteroides_xylanisolvens	0	0	1.2845	0	5.79699	0.922772
PYRIDOXSYN-PWY: pyridoxal 5'-phosphate biosynthesis I|g__Escherichia.s__Escherichia_coli	0	0	0	17.6477	0	0
PYRIDOXSYN-PWY: pyridoxal 5'-phosphate biosynthesis I|g__Parabacteroides.s__Parabacteroides_distasonis	3.18852	1.05511	4.44866	0	12.941	3.24241
PYRIDOXSYN-PWY: pyridoxal 5'-phosphate biosynthesis I|unclassified	0	2.85863	0.661508	5.62829	0.754089	0
REDCITCYC: TCA cycle VIII (helicobacter)	0.92347	2.36142	1.99717	21.9394	1.22266	1.28701
REDCITCYC: TCA cycle VIII (helicobacter)|unclassified	0.517483	1.3591	1.43631	2.25512	0.523545	0.99239
RHAMCAT-PWY: L-rhamnose degradation I	96.582	109.665	62.7746	142.361	131.507	92.1443
RHAMCAT-PWY: L-rhamnose degradation I|g__Bacteroides.s__Bacteroides_caccae	0.624736	0	0	0.868432	0	0
RHAMCAT-PWY: L-rhamnose degradation I|g__Bacteroides.s__Bacteroides_cellulosilyticus	3.62056	0	0	4.45502	0	4.80471
RHAMCAT-PWY: L-rhamnose degradation I|g__Bacteroides.s__Bacteroides_faecis	0	0	0	0	1.79888	0
RHAMCAT-PWY: L-rhamnose degradation I|g__Bacteroides.s__Bacteroides_finegoldii	0	0	0	0.85565	0	0
RHAMCAT-PWY: L-rhamnose degradation I|g__Bacteroides.s__Bacteroides_fragilis	0	0	0	0	0	1.7214
RHAMCAT-PWY: L-rhamnose degradation I|g__Bacteroides.s__Bacteroides_ovatus	13.5567	0	0	2.27972	7.59615	3.83932
RHAMCAT-PWY: L-rhamnose degradation I|g__Bacteroides.s__Bacteroides_thetaiotaomicron	6.37673	0	3.34858	0	0	2.60446
RHAMCAT-PWY: L-rhamnose degradation I|g__Bacteroides.s__Bacteroides_uniformis	6.33553	0.359506	11.1113	6.54061	19.6538	17.1023
RHAMCAT-PWY: L-rhamnose degradation I|g__Bacteroides.s__Bacteroides_xylanisolvens	0	0	1.53443	0	14.6932	1.62292
RHAMCAT-PWY: L-rhamnose degradation I|g__Blautia.s__Ruminococcus_torques	0	18.3672	1.11104	8.63198	0.884184	0.823771
RHAMCAT-PWY: L-rhamnose degradation I|g__Escherichia.s__Escherichia_coli	0	0	0	29.0224	0	0
RHAMCAT-PWY: L-rhamnose degradation I|g__Eubacterium.s__Eubacterium_eligens	5.17937	0	0	2.17096	0.280913	0
RHAMCAT-PWY: L-rhamnose degradation I|g__Eubacterium.s__Eubacterium_eligens_CAG_72	4.21015	0	0	1.34497	0.294152	0
RHAMCAT-PWY: L-rhamnose degradation I|g__Eubacterium.s__Eubacterium_ventriosum	0	0	0.661227	0	0	0
RHAMCAT-PWY: L-rhamnose degradation I|g__Roseburia.s__Roseburia_hominis	0	6.17502	0	3.65339	1.72232	0.863477
RHAMCAT-PWY: L-rhamnose degradation I|g__Roseburia.s__Roseburia_intestinalis	0	0	0	0	0	0.513269
RHAMCAT-PWY: L-rhamnose degradation I|g__Roseburia.s__Roseburia_intestinalis_CAG_13	0	0	0	0	0	0.369532
RHAMCAT-PWY: L-rhamnose degradation I|g__Roseburia.s__Roseburia_inulinivorans	0	0	0	0.243093	0	0
RHAMCAT-PWY: L-rhamnose degradation I|g__Roseburia.s__Roseburia_inulinivorans_CAG_15	0	0	0	1.35462	0	0
RHAMCAT-PWY: L-rhamnose degradation I|unclassified	9.29409	35.0395	24.7249	21.438	12.42	20.7833
RIBOSYN2-PWY: flavin biosynthesis I (bacteria and plants)	521.046	468.485	394.229	322.965	378.84	373.494
RIBOSYN2-PWY: flavin biosynthesis I (bacteria and plants)|g__Agathobaculum.s__Agathobaculum_butyriciproducens	3.04188	10.2964	2.70788	0.803076	2.39495	2.44325
RIBOSYN2-PWY: flavin biosynthesis I (bacteria and plants)|g__Akkermansia.s__Akkermansia_muciniphila	0	1.89659	1.20831	12.2099	11.2941	14.1963
RIBOSYN2-PWY: flavin biosynthesis I (bacteria and plants)|g__Anaerostipes.s__Anaerostipes_hadrus	5.65777	0	5.14391	8.53889	3.06183	6.33155
RIBOSYN2-PWY: flavin biosynthesis I (bacteria and plants)|g__Bacteroides.s__Bacteroides_caccae	0.430529	0	0	0.967068	1.37549	0
RIBOSYN2-PWY: flavin biosynthesis I (bacteria and plants)|g__Bacteroides.s__Bacteroides_cellulosilyticus	2.86858	0	0	4.47263	0	5.08239
RIBOSYN2-PWY: flavin biosynthesis I (bacteria and plants)|g__Bacteroides.s__Bacteroides_clarus	0	0.506466	0	1.29626	1.98654	0
RIBOSYN2-PWY: flavin biosynthesis I (bacteria and plants)|g__Bacteroides.s__Bacteroides_coprocola	0.646853	0	0	0	0	0
RIBOSYN2-PWY: flavin biosynthesis I (bacteria and plants)|g__Bacteroides.s__Bacteroides_coprocola_CAG_162	65.9497	0	0	0	0	0
RIBOSYN2-PWY: flavin biosynthesis I (bacteria and plants)|g__Bacteroides.s__Bacteroides_dorei	0	0.969932	4.51866	4.99427	34.2109	22.0306
RIBOSYN2-PWY: flavin biosynthesis I (bacteria and plants)|g__Bacteroides.s__Bacteroides_eggerthii	0	0	8.31285	3.03167	29.5865	0
RIBOSYN2-PWY: flavin biosynthesis I (bacteria and plants)|g__Bacteroides.s__Bacteroides_faecis	0	0	0	0	1.31045	0
RIBOSYN2-PWY: flavin biosynthesis I (bacteria and plants)|g__Bacteroides.s__Bacteroides_finegoldii	0	0	0	0.2197	0	0
RIBOSYN2-PWY: flavin biosynthesis I (bacteria and plants)|g__Bacteroides.s__Bacteroides_fragilis	0	0	0	0	0	1.86196
RIBOSYN2-PWY: flavin biosynthesis I (bacteria and plants)|g__Bacteroides.s__Bacteroides_fragilis_CAG_47	0	0	0	0	0	0.840448
RIBOSYN2-PWY: flavin biosynthesis I (bacteria and plants)|g__Bacteroides.s__Bacteroides_massiliensis	7.57197	1.05675	6.91561	0	7.59471	0
RIBOSYN2-PWY: flavin biosynthesis I (bacteria and plants)|g__Bacteroides.s__Bacteroides_ovatus	5.91469	0	0	3.00563	7.05735	0.762094
RIBOSYN2-PWY: flavin biosynthesis I (bacteria and plants)|g__Bacteroides.s__Bacteroides_salyersiae	2.42714	0	2.20774	0.348241	0	0
RIBOSYN2-PWY: flavin biosynthesis I (bacteria and plants)|g__Bacteroides.s__Bacteroides_sp_CAG_598	0	7.13107	0	0	0	0
RIBOSYN2-PWY: flavin biosynthesis I (bacteria and plants)|g__Bacteroides.s__Bacteroides_stercoris	0	0	0.713236	0.980332	0	6.22408
RIBOSYN2-PWY: flavin biosynthesis I (bacteria and plants)|g__Bacteroides.s__Bacteroides_thetaiotaomicron	2.92251	0	2.92295	0	0	1.33836
RIBOSYN2-PWY: flavin biosynthesis I (bacteria and plants)|g__Bacteroides.s__Bacteroides_uniformis	4.21076	2.90272	5.64742	4.2592	13.0017	10.403
RIBOSYN2-PWY: flavin biosynthesis I (bacteria and plants)|g__Bacteroides.s__Bacteroides_uniformis_CAG_3	1.77817	1.25052	4.88498	1.41226	6.13949	4.3878
RIBOSYN2-PWY: flavin biosynthesis I (bacteria and plants)|g__Bacteroides.s__Bacteroides_vulgatus	23.2907	5.2538	8.57599	1.88904	0	0
RIBOSYN2-PWY: flavin biosynthesis I (bacteria and plants)|g__Bacteroides.s__Bacteroides_vulgatus_CAG_6	26.7182	5.31204	8.37807	2.10633	0	0
RIBOSYN2-PWY: flavin biosynthesis I (bacteria and plants)|g__Bacteroides.s__Bacteroides_xylanisolvens	0	0	1.20353	0	0.747181	2.39455
RIBOSYN2-PWY: flavin biosynthesis I (bacteria and plants)|g__Barnesiella.s__Barnesiella_intestinihominis	1.16676	1.18411	0.591224	1.3756	19.2129	4.19615
RIBOSYN2-PWY: flavin biosynthesis I (bacteria and plants)|g__Barnesiella.s__Barnesiella_viscericola	0	0	3.81077	0	0	0
RIBOSYN2-PWY: flavin biosynthesis I (bacteria and plants)|g__Bilophila.s__Bilophila_wadsworthia	0	0	0	0	2.91217	0
RIBOSYN2-PWY: flavin biosynthesis I (bacteria and plants)|g__Blautia.s__Blautia_obeum	15.3966	36.8503	11.1141	0	8.05436	6.78764
RIBOSYN2-PWY: flavin biosynthesis I (bacteria and plants)|g__Blautia.s__Blautia_wexlerae	4.11047	0	0	8.96648	0	2.0041
RIBOSYN2-PWY: flavin biosynthesis I (bacteria and plants)|g__Blautia.s__Ruminococcus_torques	0	0	31.3346	24.4847	3.95033	1.57131
RIBOSYN2-PWY: flavin biosynthesis I (bacteria and plants)|g__Butyrivibrio.s__Butyrivibrio_crossotus	0	0	10.6955	0	0	0
RIBOSYN2-PWY: flavin biosynthesis I (bacteria and plants)|g__Butyrivibrio.s__Butyrivibrio_crossotus_CAG_259	0	0	3.47313	0	0	0
RIBOSYN2-PWY: flavin biosynthesis I (bacteria and plants)|g__Clostridium.s__Clostridium_sp_CAG_167	0	0	1.67443	0	0	0
RIBOSYN2-PWY: flavin biosynthesis I (bacteria and plants)|g__Clostridium.s__Clostridium_sp_CAG_411	0	0	0.447003	0	0	0
RIBOSYN2-PWY: flavin biosynthesis I (bacteria and plants)|g__Clostridium.s__Clostridium_sp_CAG_632	0	0	7.02385	0	0	0
RIBOSYN2-PWY: flavin biosynthesis I (bacteria and plants)|g__Coprococcus.s__Coprococcus_catus	0.758652	3.16997	1.06044	1.61001	1.89299	2.22275
RIBOSYN2-PWY: flavin biosynthesis I (bacteria and plants)|g__Coprococcus.s__Coprococcus_comes	0.842273	0.888832	1.63339	3.78555	0.522682	0.65224
RIBOSYN2-PWY: flavin biosynthesis I (bacteria and plants)|g__Coprococcus.s__Coprococcus_comes_CAG_19	1.00043	0.789226	1.71126	2.37402	0.739986	0.92489
RIBOSYN2-PWY: flavin biosynthesis I (bacteria and plants)|g__Coprococcus.s__Coprococcus_eutactus	0	0	0	7.36587	3.21841	3.73079
RIBOSYN2-PWY: flavin biosynthesis I (bacteria and plants)|g__Desulfovibrio.s__Desulfovibrio_piger	0	5.65494	0	3.83692	0	0
RIBOSYN2-PWY: flavin biosynthesis I (bacteria and plants)|g__Dialister.s__Dialister_sp_CAG_357	0	0	0	0	0	10.8554
RIBOSYN2-PWY: flavin biosynthesis I (bacteria and plants)|g__Dialister.s__Dialister_succinatiphilus	0	0	0	5.90008	0	0
RIBOSYN2-PWY: flavin biosynthesis I (bacteria and plants)|g__Dorea.s__Dorea_formicigenerans	0.229353	0.55137	0.347763	0	0	0.697241
RIBOSYN2-PWY: flavin biosynthesis I (bacteria and plants)|g__Dorea.s__Dorea_formicigenerans_CAG_28	0.177241	0	0	0	0	0.171795
RIBOSYN2-PWY: flavin biosynthesis I (bacteria and plants)|g__Dorea.s__Dorea_longicatena	0	0	0.111329	0.420831	0.600969	0.504004
RIBOSYN2-PWY: flavin biosynthesis I (bacteria and plants)|g__Dorea.s__Dorea_longicatena_CAG_42	0	16.4096	1.26819	0.448083	1.71109	3.12038
RIBOSYN2-PWY: flavin biosynthesis I (bacteria and plants)|g__Escherichia.s__Escherichia_coli	0	0	0	11.851	0	0
RIBOSYN2-PWY: flavin biosynthesis I (bacteria and plants)|g__Eubacterium.s__Eubacterium_eligens	4.13259	0	0.397804	1.53139	0.2694	0
RIBOSYN2-PWY: flavin biosynthesis I (bacteria and plants)|g__Eubacterium.s__Eubacterium_eligens_CAG_72	5.41115	0	0.22322	1.04255	0.234861	0
RIBOSYN2-PWY: flavin biosynthesis I (bacteria and plants)|g__Eubacterium.s__Eubacterium_hallii	2.48046	0	3.28645	0.647043	0.926781	2.51076
RIBOSYN2-PWY: flavin biosynthesis I (bacteria and plants)|g__Eubacterium.s__Eubacterium_hallii_CAG_12	1.46489	0	2.21309	0.699617	1.29519	1.23566
RIBOSYN2-PWY: flavin biosynthesis I (bacteria and plants)|g__Eubacterium.s__Eubacterium_ramulus	0.35327	0	1.83215	4.02647	0.571611	0.513004
RIBOSYN2-PWY: flavin biosynthesis I (bacteria and plants)|g__Eubacterium.s__Eubacterium_sp_CAG_274	0	0	1.52346	0	0	0
RIBOSYN2-PWY: flavin biosynthesis I (bacteria and plants)|g__Eubacterium.s__Eubacterium_sp_CAG_38	0.840455	0.408765	1.83777	0	0	0
RIBOSYN2-PWY: flavin biosynthesis I (bacteria and plants)|g__Faecalibacterium.s__Faecalibacterium_prausnitzii	111.135	88.3014	46.9075	7.46813	9.92174	11.7639
RIBOSYN2-PWY: flavin biosynthesis I (bacteria and plants)|g__Intestinibacter.s__Intestinibacter_bartlettii	0	0	0	0.31279	0	0
RIBOSYN2-PWY: flavin biosynthesis I (bacteria and plants)|g__Lachnospira.s__Lachnospira_pectinoschiza	0	0	3.49449	0	0	0.666005
RIBOSYN2-PWY: flavin biosynthesis I (bacteria and plants)|g__Lachnospiraceae_unclassified.s__Eubacterium_rectale	75.0244	0	0	7.0977	1.36571	0
RIBOSYN2-PWY: flavin biosynthesis I (bacteria and plants)|g__Megamonas.s__Megamonas_funiformis	0	17.0993	0	0	0	0
RIBOSYN2-PWY: flavin biosynthesis I (bacteria and plants)|g__Megamonas.s__Megamonas_hypermegale	0	1.23364	0	0	0	0
RIBOSYN2-PWY: flavin biosynthesis I (bacteria and plants)|g__Odoribacter.s__Odoribacter_laneus	0	0	1.40876	0	0	0
RIBOSYN2-PWY: flavin biosynthesis I (bacteria and plants)|g__Odoribacter.s__Odoribacter_laneus_CAG_561	0	0	0.548492	0	0	0
RIBOSYN2-PWY: flavin biosynthesis I (bacteria and plants)|g__Oxalobacter.s__Oxalobacter_formigenes	0	0	0	1.14336	0	0
RIBOSYN2-PWY: flavin biosynthesis I (bacteria and plants)|g__Parabacteroides.s__Parabacteroides_distasonis	4.47101	1.23201	5.01711	0.468582	15.1779	3.40123
RIBOSYN2-PWY: flavin biosynthesis I (bacteria and plants)|g__Parabacteroides.s__Parabacteroides_goldsteinii	0	0	1.01349	0	0	0
RIBOSYN2-PWY: flavin biosynthesis I (bacteria and plants)|g__Parabacteroides.s__Parabacteroides_merdae	1.51185	0.618862	3.17316	1.08283	0	0
RIBOSYN2-PWY: flavin biosynthesis I (bacteria and plants)|g__Parabacteroides.s__Parabacteroides_sp_CAG_409	0	2.79631	0	0	0	0
RIBOSYN2-PWY: flavin biosynthesis I (bacteria and plants)|g__Paraprevotella.s__Paraprevotella_clara	0	1.61438	0	0	0	0
RIBOSYN2-PWY: flavin biosynthesis I (bacteria and plants)|g__Paraprevotella.s__Paraprevotella_clara_CAG_116	0	0.23323	0	0	0	0
RIBOSYN2-PWY: flavin biosynthesis I (bacteria and plants)|g__Paraprevotella.s__Paraprevotella_xylaniphila	2.32473	0	0	0	3.04053	0
RIBOSYN2-PWY: flavin biosynthesis I (bacteria and plants)|g__Phascolarctobacterium.s__Phascolarctobacterium_faecium	6.23646	0	0	0	0	0
RIBOSYN2-PWY: flavin biosynthesis I (bacteria and plants)|g__Phascolarctobacterium.s__Phascolarctobacterium_sp_CAG_266	0	15.3173	5.74947	0	0	0
RIBOSYN2-PWY: flavin biosynthesis I (bacteria and plants)|g__Prevotella.s__Prevotella_copri	0	0.220439	0	0	0	0
RIBOSYN2-PWY: flavin biosynthesis I (bacteria and plants)|g__Prevotella.s__Prevotella_copri_CAG_164	0	6.82518	0	0	0	0
RIBOSYN2-PWY: flavin biosynthesis I (bacteria and plants)|g__Prevotella.s__Prevotella_sp_CAG_279	0	4.08493	0	0	0	69.1115
RIBOSYN2-PWY: flavin biosynthesis I (bacteria and plants)|g__Prevotella.s__Prevotella_sp_CAG_485	0	0	0	4.2756	0	0
RIBOSYN2-PWY: flavin biosynthesis I (bacteria and plants)|g__Roseburia.s__Roseburia_faecis	0	0.95061	13.5239	0	0	0
RIBOSYN2-PWY: flavin biosynthesis I (bacteria and plants)|g__Roseburia.s__Roseburia_hominis	0	6.56718	0	3.88708	2.42834	1.31401
RIBOSYN2-PWY: flavin biosynthesis I (bacteria and plants)|g__Roseburia.s__Roseburia_intestinalis	0	0	0.283102	0.228382	0	0.496857
RIBOSYN2-PWY: flavin biosynthesis I (bacteria and plants)|g__Roseburia.s__Roseburia_intestinalis_CAG_13	0	0	0.248522	0.1201	0	0.169413
RIBOSYN2-PWY: flavin biosynthesis I (bacteria and plants)|g__Ruminococcus.s__Ruminococcus_callidus	0	0	0	5.23109	0	0
RIBOSYN2-PWY: flavin biosynthesis I (bacteria and plants)|unclassified	52.2027	92.7493	77.4639	92.1968	66.365	76.2139
RUMP-PWY: formaldehyde oxidation I	45.8966	25.7201	22.674	19.5374	23.8315	30.4724
RUMP-PWY: formaldehyde oxidation I|unclassified	4.57584	6.34701	3.23163	5.26196	2.04525	4.09186
SALVADEHYPOX-PWY: adenosine nucleotides degradation II	49.7977	118.201	49.082	141.061	55.0833	57.3286
SALVADEHYPOX-PWY: adenosine nucleotides degradation II|g__Anaerostipes.s__Anaerostipes_hadrus	8.64087	0	5.51781	14.9423	3.53961	10.0486
SALVADEHYPOX-PWY: adenosine nucleotides degradation II|g__Blautia.s__Ruminococcus_torques	0	17.431	2.28112	9.41553	1.24684	1.05221
SALVADEHYPOX-PWY: adenosine nucleotides degradation II|g__Desulfovibrio.s__Desulfovibrio_piger	0	11.8904	0	5.01621	0	0
SALVADEHYPOX-PWY: adenosine nucleotides degradation II|g__Escherichia.s__Escherichia_coli	0	0	0	33.7615	0	0
SALVADEHYPOX-PWY: adenosine nucleotides degradation II|g__Faecalibacterium.s__Faecalibacterium_prausnitzii	2.78707	4.67304	5.98646	0.505721	1.50069	1.62928
SALVADEHYPOX-PWY: adenosine nucleotides degradation II|g__Roseburia.s__Roseburia_intestinalis	0	0.438429	0.303906	0.260698	0	0.694594
SALVADEHYPOX-PWY: adenosine nucleotides degradation II|g__Roseburia.s__Roseburia_intestinalis_CAG_13	0	0.249559	0.175709	0.433131	0	0.803124
SALVADEHYPOX-PWY: adenosine nucleotides degradation II|unclassified	16.1229	23.8646	13.3685	22.4567	19.7899	9.06942
SER-GLYSYN-PWY: superpathway of L-serine and glycine biosynthesis I	229.869	359.503	277.217	266.552	338.779	304.395
SER-GLYSYN-PWY: superpathway of L-serine and glycine biosynthesis I|g__Alistipes.s__Alistipes_finegoldii	4.56251	0	14.1261	21.1202	52.2313	7.40918
SER-GLYSYN-PWY: superpathway of L-serine and glycine biosynthesis I|g__Alistipes.s__Alistipes_putredinis	0.465977	5.65794	4.24034	4.61202	31.4386	9.92284
SER-GLYSYN-PWY: superpathway of L-serine and glycine biosynthesis I|g__Alistipes.s__Alistipes_putredinis_CAG_67	0.259347	0.387265	0.581666	0.387792	3.28115	6.01152
SER-GLYSYN-PWY: superpathway of L-serine and glycine biosynthesis I|g__Alistipes.s__Alistipes_sp_An31A	0	1.82583	0	0	0	0
SER-GLYSYN-PWY: superpathway of L-serine and glycine biosynthesis I|g__Anaerostipes.s__Anaerostipes_hadrus	13.127	0	4.59007	11.5706	4.0787	7.9918
SER-GLYSYN-PWY: superpathway of L-serine and glycine biosynthesis I|g__Bacteroides.s__Bacteroides_caccae	0.783799	0	0	0.921488	1.22036	0
SER-GLYSYN-PWY: superpathway of L-serine and glycine biosynthesis I|g__Bacteroides.s__Bacteroides_cellulosilyticus	0.0515059	0	0	0	0	1.76348
SER-GLYSYN-PWY: superpathway of L-serine and glycine biosynthesis I|g__Bacteroides.s__Bacteroides_clarus	0	0.611787	0	1.85503	1.77355	0
SER-GLYSYN-PWY: superpathway of L-serine and glycine biosynthesis I|g__Bacteroides.s__Bacteroides_dorei	0	0.511636	3.09613	4.49072	25.1561	18.2797
SER-GLYSYN-PWY: superpathway of L-serine and glycine biosynthesis I|g__Bacteroides.s__Bacteroides_eggerthii	0	0	7.64347	3.27742	28.0838	0
SER-GLYSYN-PWY: superpathway of L-serine and glycine biosynthesis I|g__Bacteroides.s__Bacteroides_faecis	0	0	0	0	1.04709	0
SER-GLYSYN-PWY: superpathway of L-serine and glycine biosynthesis I|g__Bacteroides.s__Bacteroides_finegoldii	0	0	0	0.567218	0	0
SER-GLYSYN-PWY: superpathway of L-serine and glycine biosynthesis I|g__Bacteroides.s__Bacteroides_fragilis	0	0	0	0	0	2.0086
SER-GLYSYN-PWY: superpathway of L-serine and glycine biosynthesis I|g__Bacteroides.s__Bacteroides_fragilis_CAG_47	0	0	0	0	0	0.716829
SER-GLYSYN-PWY: superpathway of L-serine and glycine biosynthesis I|g__Bacteroides.s__Bacteroides_ovatus	8.71237	0	0	3.49181	8.74974	1.61737
SER-GLYSYN-PWY: superpathway of L-serine and glycine biosynthesis I|g__Bacteroides.s__Bacteroides_salyersiae	2.27929	0	1.61399	0.499451	0	0
SER-GLYSYN-PWY: superpathway of L-serine and glycine biosynthesis I|g__Bacteroides.s__Bacteroides_sp_CAG_633	0	1.19609	0	0	0	0
SER-GLYSYN-PWY: superpathway of L-serine and glycine biosynthesis I|g__Bacteroides.s__Bacteroides_stercoris	0	0	0.838903	1.18508	0	6.17008
SER-GLYSYN-PWY: superpathway of L-serine and glycine biosynthesis I|g__Bacteroides.s__Bacteroides_thetaiotaomicron	3.27123	0	3.23191	0	0	1.63854
SER-GLYSYN-PWY: superpathway of L-serine and glycine biosynthesis I|g__Bacteroides.s__Bacteroides_uniformis	3.06006	1.63397	8.7978	2.69814	10.4378	9.7717
SER-GLYSYN-PWY: superpathway of L-serine and glycine biosynthesis I|g__Bacteroides.s__Bacteroides_uniformis_CAG_3	2.29837	2.80502	6.73287	3.1988	9.62413	5.7161
SER-GLYSYN-PWY: superpathway of L-serine and glycine biosynthesis I|g__Bacteroides.s__Bacteroides_vulgatus	16.275	4.1086	5.682	1.78317	0	0
SER-GLYSYN-PWY: superpathway of L-serine and glycine biosynthesis I|g__Bacteroides.s__Bacteroides_vulgatus_CAG_6	18.2031	3.65276	5.7087	1.45325	0	0
SER-GLYSYN-PWY: superpathway of L-serine and glycine biosynthesis I|g__Bacteroides.s__Bacteroides_xylanisolvens	0	0	1.38852	0	0.774812	2.15631
SER-GLYSYN-PWY: superpathway of L-serine and glycine biosynthesis I|g__Bifidobacterium.s__Bifidobacterium_adolescentis	0	1.88707	0	0	0	20.9315
SER-GLYSYN-PWY: superpathway of L-serine and glycine biosynthesis I|g__Bifidobacterium.s__Bifidobacterium_longum	4.19803	0	16.4753	0.901953	3.15595	14.232
SER-GLYSYN-PWY: superpathway of L-serine and glycine biosynthesis I|g__Bifidobacterium.s__Bifidobacterium_longum_CAG_69	1.52912	0	5.60468	1.23693	1.47134	9.4334
SER-GLYSYN-PWY: superpathway of L-serine and glycine biosynthesis I|g__Bifidobacterium.s__Bifidobacterium_pseudocatenulatum	0	0	10.2687	1.64643	0	10.4901
SER-GLYSYN-PWY: superpathway of L-serine and glycine biosynthesis I|g__Blautia.s__Blautia_obeum	7.39534	22.4285	10.312	0	4.52425	2.42631
SER-GLYSYN-PWY: superpathway of L-serine and glycine biosynthesis I|g__Blautia.s__Blautia_wexlerae	6.57639	0	0	10.1067	0	5.74125
SER-GLYSYN-PWY: superpathway of L-serine and glycine biosynthesis I|g__Blautia.s__Ruminococcus_torques	0	18.463	8.29907	13.4869	8.25756	5.42413
SER-GLYSYN-PWY: superpathway of L-serine and glycine biosynthesis I|g__Butyrivibrio.s__Butyrivibrio_sp_CAG_318	0	2.72637	0	0	0	0
SER-GLYSYN-PWY: superpathway of L-serine and glycine biosynthesis I|g__Coprococcus.s__Coprococcus_catus	0.519604	3.13405	2.03485	2.08293	1.79888	2.58196
SER-GLYSYN-PWY: superpathway of L-serine and glycine biosynthesis I|g__Coprococcus.s__Coprococcus_comes	0.905595	1.16969	1.6972	2.80739	0.798701	0.39468
SER-GLYSYN-PWY: superpathway of L-serine and glycine biosynthesis I|g__Coprococcus.s__Coprococcus_comes_CAG_19	0.85621	0.812087	2.12397	3.41946	0.707462	1.38019
SER-GLYSYN-PWY: superpathway of L-serine and glycine biosynthesis I|g__Coprococcus.s__Coprococcus_eutactus	0	0	0	6.93371	3.4691	3.83615
SER-GLYSYN-PWY: superpathway of L-serine and glycine biosynthesis I|g__Dialister.s__Dialister_invisus	0	0	0	0	8.98028	0
SER-GLYSYN-PWY: superpathway of L-serine and glycine biosynthesis I|g__Dialister.s__Dialister_sp_CAG_357	0	0	0	0	0	8.66786
SER-GLYSYN-PWY: superpathway of L-serine and glycine biosynthesis I|g__Dialister.s__Dialister_succinatiphilus	0	0	0	5.65096	0	0
SER-GLYSYN-PWY: superpathway of L-serine and glycine biosynthesis I|g__Dorea.s__Dorea_formicigenerans	0.495063	1.50688	0	0	0.329554	0.253855
SER-GLYSYN-PWY: superpathway of L-serine and glycine biosynthesis I|g__Dorea.s__Dorea_formicigenerans_CAG_28	0.198449	1.29379	0.128759	0	0.16636	0.141354
SER-GLYSYN-PWY: superpathway of L-serine and glycine biosynthesis I|g__Dorea.s__Dorea_longicatena	0	15.1439	0.692151	0.367293	0.959305	1.8024
SER-GLYSYN-PWY: superpathway of L-serine and glycine biosynthesis I|g__Dorea.s__Dorea_longicatena_CAG_42	0	8.11733	0.403989	0.486187	0.872095	1.65072
SER-GLYSYN-PWY: superpathway of L-serine and glycine biosynthesis I|g__Eggerthella.s__Eggerthella_lenta	0	0	0	0	0.9547	0
SER-GLYSYN-PWY: superpathway of L-serine and glycine biosynthesis I|g__Escherichia.s__Escherichia_coli	0	0	0	30.6785	0	0
SER-GLYSYN-PWY: superpathway of L-serine and glycine biosynthesis I|g__Eubacterium.s__Eubacterium_eligens	2.02206	0	0.420576	2.88143	0.321207	0.297532
SER-GLYSYN-PWY: superpathway of L-serine and glycine biosynthesis I|g__Eubacterium.s__Eubacterium_eligens_CAG_72	0.781678	0	0.407082	0.382245	0.0972832	0.36265
SER-GLYSYN-PWY: superpathway of L-serine and glycine biosynthesis I|g__Eubacterium.s__Eubacterium_hallii	2.1687	3.12125	2.95472	0.6755	1.28195	2.64337
SER-GLYSYN-PWY: superpathway of L-serine and glycine biosynthesis I|g__Eubacterium.s__Eubacterium_hallii_CAG_12	2.42441	1.82012	3.06323	0.539725	1.21489	2.72517
SER-GLYSYN-PWY: superpathway of L-serine and glycine biosynthesis I|g__Eubacterium.s__Eubacterium_ramulus	0.925591	0	0.910874	0.7997	0.622267	0.705711
SER-GLYSYN-PWY: superpathway of L-serine and glycine biosynthesis I|g__Flavonifractor.s__Flavonifractor_plautii	0	0.759018	0	0	0	0
SER-GLYSYN-PWY: superpathway of L-serine and glycine biosynthesis I|g__Megamonas.s__Megamonas_funiformis	0	11.4351	0	0	0	0
SER-GLYSYN-PWY: superpathway of L-serine and glycine biosynthesis I|g__Parabacteroides.s__Parabacteroides_distasonis	4.01988	0.942445	4.68341	0.521397	12.087	3.14579
SER-GLYSYN-PWY: superpathway of L-serine and glycine biosynthesis I|g__Parabacteroides.s__Parabacteroides_goldsteinii	0	0	0.72392	0	0	0
SER-GLYSYN-PWY: superpathway of L-serine and glycine biosynthesis I|g__Phascolarctobacterium.s__Phascolarctobacterium_faecium	8.01068	0	0	0	0	0
SER-GLYSYN-PWY: superpathway of L-serine and glycine biosynthesis I|g__Roseburia.s__Roseburia_faecis	0	0.935097	15.134	0	0	16.202
SER-GLYSYN-PWY: superpathway of L-serine and glycine biosynthesis I|g__Roseburia.s__Roseburia_intestinalis	0	0.487143	0.620743	0.612074	0	1.00695
SER-GLYSYN-PWY: superpathway of L-serine and glycine biosynthesis I|g__Roseburia.s__Roseburia_intestinalis_CAG_13	0	0.0794669	0.0491984	0	0	0
SER-GLYSYN-PWY: superpathway of L-serine and glycine biosynthesis I|g__Roseburia.s__Roseburia_inulinivorans	0.276617	1.08505	0.0764684	0.394303	0	1.42281
SER-GLYSYN-PWY: superpathway of L-serine and glycine biosynthesis I|g__Roseburia.s__Roseburia_inulinivorans_CAG_15	0.299037	1.59859	0.152093	0.913529	0	1.32539
SER-GLYSYN-PWY: superpathway of L-serine and glycine biosynthesis I|g__Ruminococcaceae_unclassified.s__Eubacterium_siraeum	0	0	5.05732	1.66717	0.740274	19.6077
SER-GLYSYN-PWY: superpathway of L-serine and glycine biosynthesis I|g__Ruminococcus.s__Ruminococcus_lactaris	0	0	1.90018	8.65658	0.592046	0.388327
SER-GLYSYN-PWY: superpathway of L-serine and glycine biosynthesis I|g__Streptococcus.s__Streptococcus_thermophilus	0	0	0	0.129987	0	0
SER-GLYSYN-PWY: superpathway of L-serine and glycine biosynthesis I|unclassified	53.6988	108.676	70.4949	58.8445	46.1137	54.8666
SO4ASSIM-PWY: sulfate reduction I (assimilatory)	0.273587	3.34959	6.46608	69.6986	4.87366	4.01483
SO4ASSIM-PWY: sulfate reduction I (assimilatory)|g__Escherichia.s__Escherichia_coli	0	0	0	24.3527	0	0
SO4ASSIM-PWY: sulfate reduction I (assimilatory)|g__Odoribacter.s__Odoribacter_laneus	0	0	1.17908	0	0	0
SO4ASSIM-PWY: sulfate reduction I (assimilatory)|g__Odoribacter.s__Odoribacter_laneus_CAG_561	0	0	0.32977	0	0	0
SO4ASSIM-PWY: sulfate reduction I (assimilatory)|unclassified	0.264801	1.90176	0.710706	11.1152	3.31339	3.00232
SULFATE-CYS-PWY: superpathway of sulfate assimilation and cysteine biosynthesis	0.614435	7.45873	14.1663	120.835	10.7581	8.8836
SULFATE-CYS-PWY: superpathway of sulfate assimilation and cysteine biosynthesis|g__Escherichia.s__Escherichia_coli	0	0	0	28.55	0	0
SULFATE-CYS-PWY: superpathway of sulfate assimilation and cysteine biosynthesis|unclassified	0.592318	4.16766	1.58053	19.937	6.80378	6.34426
TCA-GLYOX-BYPASS: superpathway of glyoxylate bypass and TCA	0	0.569332	0	64.1904	1.4581	1.25498
TCA-GLYOX-BYPASS: superpathway of glyoxylate bypass and TCA|g__Escherichia.s__Escherichia_coli	0	0	0	27.6434	0	0
TCA-GLYOX-BYPASS: superpathway of glyoxylate bypass and TCA|unclassified	0	0.557901	0	3.4144	1.38298	1.17001
TCA: TCA cycle I (prokaryotic)	74.3076	93.1731	98.9107	126.646	63.884	87.2507
TCA: TCA cycle I (prokaryotic)|g__Escherichia.s__Escherichia_coli	0	0	0	33.2826	0	0
TCA: TCA cycle I (prokaryotic)|unclassified	10.7432	15.3809	28.424	14.0548	13.9987	10.1796
TEICHOICACID-PWY: teichoic acid (poly-glycerol) biosynthesis	95.5016	63.2208	63.6445	66.0365	84.6468	91.4452
TEICHOICACID-PWY: teichoic acid (poly-glycerol) biosynthesis|g__Bacteroides.s__Bacteroides_thetaiotaomicron	1.68121	0	0	0	0	0
TEICHOICACID-PWY: teichoic acid (poly-glycerol) biosynthesis|g__Bacteroides.s__Bacteroides_vulgatus	0	0	0	1.24055	0	0
TEICHOICACID-PWY: teichoic acid (poly-glycerol) biosynthesis|g__Blautia.s__Ruminococcus_torques	0	0	0.721952	1.59192	0	6.60393
TEICHOICACID-PWY: teichoic acid (poly-glycerol) biosynthesis|g__Parabacteroides.s__Parabacteroides_distasonis	2.61892	0.614236	0	0	0	0
TEICHOICACID-PWY: teichoic acid (poly-glycerol) biosynthesis|unclassified	17.2851	24.7466	15.9659	16.6213	10.5475	15.9442
THISYN-PWY: superpathway of thiamin diphosphate biosynthesis I	282.161	198.963	234.831	234.724	317.582	279.79
THISYN-PWY: superpathway of thiamin diphosphate biosynthesis I|g__Bacteroides.s__Bacteroides_fragilis	0	0	0	0	0	1.42122
THISYN-PWY: superpathway of thiamin diphosphate biosynthesis I|g__Bacteroides.s__Bacteroides_ovatus	10.5951	0	0	2.81414	6.66361	2.50758
THISYN-PWY: superpathway of thiamin diphosphate biosynthesis I|g__Bacteroides.s__Bacteroides_uniformis	4.5613	2.8619	9.54393	4.79313	11.8061	10.3686
THISYN-PWY: superpathway of thiamin diphosphate biosynthesis I|g__Bacteroides.s__Bacteroides_uniformis_CAG_3	0	0	0.768339	0	0	0
THISYN-PWY: superpathway of thiamin diphosphate biosynthesis I|g__Bacteroides.s__Bacteroides_xylanisolvens	0	0	0.962321	0	0	0
THISYN-PWY: superpathway of thiamin diphosphate biosynthesis I|g__Escherichia.s__Escherichia_coli	0	0	0	20.2932	0	0
THISYN-PWY: superpathway of thiamin diphosphate biosynthesis I|unclassified	27.8847	37.7599	76.6863	45.4158	35.1765	32.8299
THISYNARA-PWY: superpathway of thiamin diphosphate biosynthesis III (eukaryotes)	335.043	271.783	215.924	160.391	189.694	218.729
THISYNARA-PWY: superpathway of thiamin diphosphate biosynthesis III (eukaryotes)|g__Bacteroides.s__Bacteroides_cellulosilyticus	0	0	0	0	0	1.76587
THISYNARA-PWY: superpathway of thiamin diphosphate biosynthesis III (eukaryotes)|g__Bacteroides.s__Bacteroides_clarus	0	0.420467	0	1.8847	1.90364	0
THISYNARA-PWY: superpathway of thiamin diphosphate biosynthesis III (eukaryotes)|g__Bacteroides.s__Bacteroides_dorei	0	0.677646	4.37922	4.89057	33.5054	20.9778
THISYNARA-PWY: superpathway of thiamin diphosphate biosynthesis III (eukaryotes)|g__Bacteroides.s__Bacteroides_finegoldii	0	0	0	0.382968	0	0
THISYNARA-PWY: superpathway of thiamin diphosphate biosynthesis III (eukaryotes)|g__Bacteroides.s__Bacteroides_fragilis	0	0	0	0	0	1.5856
THISYNARA-PWY: superpathway of thiamin diphosphate biosynthesis III (eukaryotes)|g__Bacteroides.s__Bacteroides_fragilis_CAG_47	0	0	0	0	0	0.739859
THISYNARA-PWY: superpathway of thiamin diphosphate biosynthesis III (eukaryotes)|g__Bacteroides.s__Bacteroides_ovatus	9.22804	0	0	2.53584	2.13447	0.476739
THISYNARA-PWY: superpathway of thiamin diphosphate biosynthesis III (eukaryotes)|g__Bacteroides.s__Bacteroides_plebeius	0	1.24997	0	0.866261	0	0
THISYNARA-PWY: superpathway of thiamin diphosphate biosynthesis III (eukaryotes)|g__Bacteroides.s__Bacteroides_stercoris	0	0	0.791392	1.10935	0	6.59599
THISYNARA-PWY: superpathway of thiamin diphosphate biosynthesis III (eukaryotes)|g__Bacteroides.s__Bacteroides_uniformis	5.41297	3.43123	10.5003	5.1954	11.9949	12.5871
THISYNARA-PWY: superpathway of thiamin diphosphate biosynthesis III (eukaryotes)|g__Bacteroides.s__Bacteroides_uniformis_CAG_3	2.76678	2.26073	7.18297	2.37764	8.84356	6.81491
THISYNARA-PWY: superpathway of thiamin diphosphate biosynthesis III (eukaryotes)|g__Bacteroides.s__Bacteroides_vulgatus	23.0425	6.01091	9.12813	2.63182	0	0
THISYNARA-PWY: superpathway of thiamin diphosphate biosynthesis III (eukaryotes)|g__Bacteroides.s__Bacteroides_vulgatus_CAG_6	6.34553	3.27828	3.29123	1.01868	0	0
THISYNARA-PWY: superpathway of thiamin diphosphate biosynthesis III (eukaryotes)|g__Bacteroides.s__Bacteroides_xylanisolvens	0	0	1.08714	0	1.23935	0
THISYNARA-PWY: superpathway of thiamin diphosphate biosynthesis III (eukaryotes)|g__Blautia.s__Ruminococcus_torques	0	0	6.67412	6.23795	1.66044	0.970684
THISYNARA-PWY: superpathway of thiamin diphosphate biosynthesis III (eukaryotes)|g__Butyrivibrio.s__Butyrivibrio_crossotus	0	0	10.9977	0	0	0
THISYNARA-PWY: superpathway of thiamin diphosphate biosynthesis III (eukaryotes)|g__Butyrivibrio.s__Butyrivibrio_crossotus_CAG_259	0	0	2.80909	0	0	0
THISYNARA-PWY: superpathway of thiamin diphosphate biosynthesis III (eukaryotes)|g__Dorea.s__Dorea_longicatena	0	0.330387	0.402302	0	0.47001	0
THISYNARA-PWY: superpathway of thiamin diphosphate biosynthesis III (eukaryotes)|g__Escherichia.s__Escherichia_coli	0	0	0	15.6636	0	0
THISYNARA-PWY: superpathway of thiamin diphosphate biosynthesis III (eukaryotes)|g__Eubacterium.s__Eubacterium_hallii	3.14913	3.85142	0	0	0.830937	0
THISYNARA-PWY: superpathway of thiamin diphosphate biosynthesis III (eukaryotes)|g__Faecalibacterium.s__Faecalibacterium_prausnitzii	74.9508	80.5207	24.9548	0	3.34677	6.69658
THISYNARA-PWY: superpathway of thiamin diphosphate biosynthesis III (eukaryotes)|g__Lachnospiraceae_unclassified.s__Eubacterium_rectale	67.1173	0	0	1.49063	1.66446	0
THISYNARA-PWY: superpathway of thiamin diphosphate biosynthesis III (eukaryotes)|g__Oxalobacter.s__Oxalobacter_formigenes	0	0	0	1.18508	0	0
THISYNARA-PWY: superpathway of thiamin diphosphate biosynthesis III (eukaryotes)|g__Roseburia.s__Roseburia_faecis	0	0.750854	14.4978	0	0	19.2247
THISYNARA-PWY: superpathway of thiamin diphosphate biosynthesis III (eukaryotes)|g__Roseburia.s__Roseburia_hominis	0	6.53398	0	3.42501	1.92062	1.02071
THISYNARA-PWY: superpathway of thiamin diphosphate biosynthesis III (eukaryotes)|g__Roseburia.s__Roseburia_intestinalis	0	0.210642	0.39668	0.0771725	0	0.903713
THISYNARA-PWY: superpathway of thiamin diphosphate biosynthesis III (eukaryotes)|g__Roseburia.s__Roseburia_intestinalis_CAG_13	0	0.24466	0.155186	0.146387	0	0.84786
THISYNARA-PWY: superpathway of thiamin diphosphate biosynthesis III (eukaryotes)|unclassified	49.3154	34.4375	33.8862	28.6891	11.6636	18.0025
THRESYN-PWY: superpathway of L-threonine biosynthesis	358.051	375.968	310.663	297.318	369.044	306.707
THRESYN-PWY: superpathway of L-threonine biosynthesis|g__Anaerostipes.s__Anaerostipes_hadrus	7.26082	0	3.43995	8.19451	3.11882	7.06214
THRESYN-PWY: superpathway of L-threonine biosynthesis|g__Bacteroides.s__Bacteroides_cellulosilyticus	0	0	0	0	0	1.61128
THRESYN-PWY: superpathway of L-threonine biosynthesis|g__Bacteroides.s__Bacteroides_clarus	0	0.720101	0	1.70286	2.43007	0
THRESYN-PWY: superpathway of L-threonine biosynthesis|g__Bacteroides.s__Bacteroides_dorei	0	1.10192	4.23163	4.10992	33.751	20.9199
THRESYN-PWY: superpathway of L-threonine biosynthesis|g__Bacteroides.s__Bacteroides_eggerthii	0	0	9.87286	4.29031	33.8926	0
THRESYN-PWY: superpathway of L-threonine biosynthesis|g__Bacteroides.s__Bacteroides_fragilis	0	0	0	0	0	1.25154
THRESYN-PWY: superpathway of L-threonine biosynthesis|g__Bacteroides.s__Bacteroides_fragilis_CAG_47	0	0	0	0	0	0.698035
THRESYN-PWY: superpathway of L-threonine biosynthesis|g__Bacteroides.s__Bacteroides_massiliensis	7.66408	1.26467	6.01851	0	6.88495	0
THRESYN-PWY: superpathway of L-threonine biosynthesis|g__Bacteroides.s__Bacteroides_stercoris	0	0	0.951357	1.28902	0	8.19642
THRESYN-PWY: superpathway of L-threonine biosynthesis|g__Bacteroides.s__Bacteroides_vulgatus	24.398	6.41206	8.68703	2.75699	0	0
THRESYN-PWY: superpathway of L-threonine biosynthesis|g__Bacteroides.s__Bacteroides_vulgatus_CAG_6	20.5384	3.67643	6.01626	1.80728	0	0
THRESYN-PWY: superpathway of L-threonine biosynthesis|g__Bifidobacterium.s__Bifidobacterium_adolescentis	0	1.576	0	0	0	17.6507
THRESYN-PWY: superpathway of L-threonine biosynthesis|g__Bifidobacterium.s__Bifidobacterium_longum	4.49343	0.0478979	10.1883	1.8449	2.66665	13.0355
THRESYN-PWY: superpathway of L-threonine biosynthesis|g__Bifidobacterium.s__Bifidobacterium_longum_CAG_69	2.0875	0	6.24033	1.5297	2.23176	10.1359
THRESYN-PWY: superpathway of L-threonine biosynthesis|g__Bifidobacterium.s__Bifidobacterium_pseudocatenulatum	0	0	11.3584	1.75399	0	11.8444
THRESYN-PWY: superpathway of L-threonine biosynthesis|g__Blautia.s__Blautia_obeum	7.71892	42.6759	7.50712	0	11.0005	5.29469
THRESYN-PWY: superpathway of L-threonine biosynthesis|g__Blautia.s__Ruminococcus_torques	0	16.7289	4.74329	11.2011	8.21209	6.21481
THRESYN-PWY: superpathway of L-threonine biosynthesis|g__Dialister.s__Dialister_invisus	0	0	0	0	1.95257	0
THRESYN-PWY: superpathway of L-threonine biosynthesis|g__Dialister.s__Dialister_invisus_CAG_218	0	0	0	0	8.35974	0
THRESYN-PWY: superpathway of L-threonine biosynthesis|g__Escherichia.s__Escherichia_coli	0	0	0	34.2115	0	0
THRESYN-PWY: superpathway of L-threonine biosynthesis|g__Eubacterium.s__Eubacterium_hallii	1.7106	0.978641	3.58811	0.820922	1.10983	2.50573
THRESYN-PWY: superpathway of L-threonine biosynthesis|g__Eubacterium.s__Eubacterium_hallii_CAG_12	2.21778	0	3.10625	0.648249	1.70447	3.42585
THRESYN-PWY: superpathway of L-threonine biosynthesis|g__Faecalibacterium.s__Faecalibacterium_prausnitzii	19.2741	51.101	17.0406	2.16831	2.20816	2.92846
THRESYN-PWY: superpathway of L-threonine biosynthesis|g__Faecalitalea.s__Faecalitalea_cylindroides	0	1.29896	0	0	0	0
THRESYN-PWY: superpathway of L-threonine biosynthesis|g__Oxalobacter.s__Oxalobacter_formigenes	0	0	0	1.08765	0	0
THRESYN-PWY: superpathway of L-threonine biosynthesis|g__Streptococcus.s__Streptococcus_salivarius	0	0	0	0.42469	0	0
THRESYN-PWY: superpathway of L-threonine biosynthesis|g__Streptococcus.s__Streptococcus_salivarius_CAG_79	0	0	0	0.21126	0	0
THRESYN-PWY: superpathway of L-threonine biosynthesis|g__Streptococcus.s__Streptococcus_thermophilus	0	0	0	0.143975	0	0
THRESYN-PWY: superpathway of L-threonine biosynthesis|g__Streptococcus.s__Streptococcus_thermophilus_CAG_236	0	0	0	0.198237	0	0
THRESYN-PWY: superpathway of L-threonine biosynthesis|unclassified	76.6126	105.286	104.757	83.9904	89.3549	85.2211
TRNA-CHARGING-PWY: tRNA charging	554.256	724.142	592.635	553.79	623.025	578.719
TRNA-CHARGING-PWY: tRNA charging|g__Agathobaculum.s__Agathobaculum_butyriciproducens	7.62348	10.2006	4.14616	2.71189	2.48015	4.24618
TRNA-CHARGING-PWY: tRNA charging|g__Alistipes.s__Alistipes_finegoldii	4.6525	0	13.2501	20.2279	51.1244	7.27762
TRNA-CHARGING-PWY: tRNA charging|g__Alistipes.s__Alistipes_indistinctus	0	0	0	2.08462	1.76088	0.889684
TRNA-CHARGING-PWY: tRNA charging|g__Alistipes.s__Alistipes_putredinis	0.809249	5.03009	6.22486	5.50336	32.8138	11.1045
TRNA-CHARGING-PWY: tRNA charging|g__Alistipes.s__Alistipes_putredinis_CAG_67	0.5905	3.15799	4.47453	4.10654	22.3469	8.31633
TRNA-CHARGING-PWY: tRNA charging|g__Alistipes.s__Alistipes_sp_An31A	0	1.83482	0	0	0	0
TRNA-CHARGING-PWY: tRNA charging|g__Anaerostipes.s__Anaerostipes_hadrus	15.726	0	5.28756	11.5206	4.90158	8.99742
TRNA-CHARGING-PWY: tRNA charging|g__Bacteroides.s__Bacteroides_caccae	0.767741	0	0	1.12648	1.59078	0
TRNA-CHARGING-PWY: tRNA charging|g__Bacteroides.s__Bacteroides_cellulosilyticus	0	0	0	0	0	2.92635
TRNA-CHARGING-PWY: tRNA charging|g__Bacteroides.s__Bacteroides_coprocola	33.5867	0	0	0	0	0
TRNA-CHARGING-PWY: tRNA charging|g__Bacteroides.s__Bacteroides_coprocola_CAG_162	41.5513	0	0	0	0	0
TRNA-CHARGING-PWY: tRNA charging|g__Bacteroides.s__Bacteroides_dorei	0	0	0	0.925588	29.3686	19.6337
TRNA-CHARGING-PWY: tRNA charging|g__Bacteroides.s__Bacteroides_faecis	0	0	0	0	1.40255	0
TRNA-CHARGING-PWY: tRNA charging|g__Bacteroides.s__Bacteroides_finegoldii	0	0	0	0.545513	0	0
TRNA-CHARGING-PWY: tRNA charging|g__Bacteroides.s__Bacteroides_fragilis_CAG_47	0	0	0	0	0	0.933096
TRNA-CHARGING-PWY: tRNA charging|g__Bacteroides.s__Bacteroides_massiliensis	8.50181	1.13894	6.35391	0	7.16356	0
TRNA-CHARGING-PWY: tRNA charging|g__Bacteroides.s__Bacteroides_ovatus	10.1979	0	0	3.21448	7.61371	2.28814
TRNA-CHARGING-PWY: tRNA charging|g__Bacteroides.s__Bacteroides_plebeius	0	1.68622	0	0.743991	0	0
TRNA-CHARGING-PWY: tRNA charging|g__Bacteroides.s__Bacteroides_plebeius_CAG_211	0	1.6786	0	0.916423	0	0
TRNA-CHARGING-PWY: tRNA charging|g__Bacteroides.s__Bacteroides_salyersiae	2.43653	0	1.78126	0.715292	0	0
TRNA-CHARGING-PWY: tRNA charging|g__Bacteroides.s__Bacteroides_thetaiotaomicron	4.31286	0	4.11243	0	0	1.77513
TRNA-CHARGING-PWY: tRNA charging|g__Bacteroides.s__Bacteroides_uniformis	0	1.36836	8.12927	0.807658	2.67299	6.97558
TRNA-CHARGING-PWY: tRNA charging|g__Bacteroides.s__Bacteroides_vulgatus	25.679	6.04575	8.56924	2.40778	0	0
TRNA-CHARGING-PWY: tRNA charging|g__Bacteroides.s__Bacteroides_xylanisolvens	0	0	1.42113	0	1.72778	2.27305
TRNA-CHARGING-PWY: tRNA charging|g__Barnesiella.s__Barnesiella_intestinihominis	0.890446	0.834403	0.506603	1.26925	20.1362	3.49203
TRNA-CHARGING-PWY: tRNA charging|g__Barnesiella.s__Barnesiella_viscericola	0	0	4.85434	0	0	0
TRNA-CHARGING-PWY: tRNA charging|g__Blautia.s__Ruminococcus_torques	0	0	33.1448	22.9685	6.66822	4.30362
TRNA-CHARGING-PWY: tRNA charging|g__Butyricimonas.s__Butyricimonas_virosa	0	0.566066	0	0.591817	0	0
TRNA-CHARGING-PWY: tRNA charging|g__Coprobacter.s__Coprobacter_fastidiosus	0	0	0	0	0	0.343856
TRNA-CHARGING-PWY: tRNA charging|g__Coprococcus.s__Coprococcus_catus	0.695633	3.28237	1.71435	1.87529	1.94192	2.55364
TRNA-CHARGING-PWY: tRNA charging|g__Desulfovibrio.s__Desulfovibrio_piger	0	5.57793	0	3.18312	0	0
TRNA-CHARGING-PWY: tRNA charging|g__Escherichia.s__Escherichia_coli	0	0	0	25.2258	0	0
TRNA-CHARGING-PWY: tRNA charging|g__Eubacterium.s__Eubacterium_hallii	2.33806	1.85332	0	0	0.561825	0.178943
TRNA-CHARGING-PWY: tRNA charging|g__Eubacterium.s__Eubacterium_hallii_CAG_12	2.30534	0	3.85266	0.769072	1.39938	3.08067
TRNA-CHARGING-PWY: tRNA charging|g__Eubacterium.s__Eubacterium_ramulus	1.53639	0	1.34466	3.42935	0.670333	1.77487
TRNA-CHARGING-PWY: tRNA charging|g__Eubacterium.s__Eubacterium_sp_CAG_274	0	0	3.33846	0	0	0
TRNA-CHARGING-PWY: tRNA charging|g__Faecalibacterium.s__Faecalibacterium_prausnitzii	73.3071	97.4169	39.1943	7.27013	9.37891	12.679
TRNA-CHARGING-PWY: tRNA charging|g__Firmicutes_unclassified.s__Firmicutes_bacterium_CAG_170	0	0	0	1.37994	7.58608	0
TRNA-CHARGING-PWY: tRNA charging|g__Flavonifractor.s__Flavonifractor_plautii	0	1.96	0	0	0	0
TRNA-CHARGING-PWY: tRNA charging|g__Fusicatenibacter.s__Fusicatenibacter_saccharivorans	6.70789	14.9346	5.30949	28.6956	11.642	1.49375
TRNA-CHARGING-PWY: tRNA charging|g__Gemmiger.s__Gemmiger_formicilis	16.301	16.2973	9.19504	12.4431	5.75065	5.46516
TRNA-CHARGING-PWY: tRNA charging|g__Intestinibacter.s__Intestinibacter_bartlettii	0	0	0	0.890136	0	0
TRNA-CHARGING-PWY: tRNA charging|g__Lachnospiraceae_unclassified.s__Eubacterium_rectale	75.5282	0	0	6.74753	1.32455	0
TRNA-CHARGING-PWY: tRNA charging|g__Lawsonibacter.s__Lawsonibacter_asaccharolyticus	0	2.44361	0	0	0	0
TRNA-CHARGING-PWY: tRNA charging|g__Monoglobus.s__Monoglobus_pectinilyticus	0	0	0	0	0	1.94481
TRNA-CHARGING-PWY: tRNA charging|g__Odoribacter.s__Odoribacter_laneus	0	0	1.26482	0	0	0
TRNA-CHARGING-PWY: tRNA charging|g__Parabacteroides.s__Parabacteroides_distasonis	4.08957	1.02273	4.48352	0.383451	13.415	3.12302
TRNA-CHARGING-PWY: tRNA charging|g__Parabacteroides.s__Parabacteroides_goldsteinii	0	0	0.781833	0	0	0
TRNA-CHARGING-PWY: tRNA charging|g__Parabacteroides.s__Parabacteroides_merdae	1.53457	0.58049	2.91339	1.10091	0	0
TRNA-CHARGING-PWY: tRNA charging|g__Prevotella.s__Prevotella_sp_CAG_485	0	0	0	3.80026	0	0
TRNA-CHARGING-PWY: tRNA charging|g__Roseburia.s__Roseburia_hominis	0	6.17148	0	3.50025	1.7298	0.79333
TRNA-CHARGING-PWY: tRNA charging|g__Roseburia.s__Roseburia_intestinalis	0	0.386993	0.491984	0.333048	0	0.857389
TRNA-CHARGING-PWY: tRNA charging|g__Roseburia.s__Roseburia_inulinivorans	0.258438	1.04586	0.155186	0.853721	0	1.81007
TRNA-CHARGING-PWY: tRNA charging|g__Roseburia.s__Roseburia_inulinivorans_CAG_15	0	1.20343	0.101208	0.894236	0	1.3238
TRNA-CHARGING-PWY: tRNA charging|g__Streptococcus.s__Streptococcus_salivarius	0	0	0	0.295426	0	0
TRNA-CHARGING-PWY: tRNA charging|g__Streptococcus.s__Streptococcus_thermophilus	0	0	0	0.250569	0	0
TRNA-CHARGING-PWY: tRNA charging|unclassified	92.7688	231.777	227.994	206.199	230.63	199.342
TRPSYN-PWY: L-tryptophan biosynthesis	321.864	421.201	311.908	295.744	179.884	250.382
TRPSYN-PWY: L-tryptophan biosynthesis|g__Anaerostipes.s__Anaerostipes_hadrus	14.6101	0	6.40507	12.6763	4.96576	10.1317
TRPSYN-PWY: L-tryptophan biosynthesis|g__Bacteroides.s__Bacteroides_vulgatus	33.64	7.22469	12.0733	4.15526	0	0
TRPSYN-PWY: L-tryptophan biosynthesis|g__Bacteroides.s__Bacteroides_xylanisolvens	0	0	1.07337	0	0.407841	1.23883
TRPSYN-PWY: L-tryptophan biosynthesis|g__Bifidobacterium.s__Bifidobacterium_longum	2.80131	0	0	0	0	10.1738
TRPSYN-PWY: L-tryptophan biosynthesis|g__Bifidobacterium.s__Bifidobacterium_pseudocatenulatum	0	0	9.46999	1.3592	0	9.49508
TRPSYN-PWY: L-tryptophan biosynthesis|g__Blautia.s__Blautia_obeum	13.3815	47.8394	14.5138	0	10.9826	5.57475
TRPSYN-PWY: L-tryptophan biosynthesis|g__Blautia.s__Blautia_wexlerae	6.5061	0	0	7.74137	0	4.76871
TRPSYN-PWY: L-tryptophan biosynthesis|g__Blautia.s__Ruminococcus_torques	0	17.889	28.5699	21.8936	9.03065	6.21243
TRPSYN-PWY: L-tryptophan biosynthesis|g__Butyrivibrio.s__Butyrivibrio_crossotus	0	0	13.2349	0	0	0
TRPSYN-PWY: L-tryptophan biosynthesis|g__Butyrivibrio.s__Butyrivibrio_sp_CAG_318	0	2.92095	0	0	0	0
TRPSYN-PWY: L-tryptophan biosynthesis|g__Clostridium.s__Clostridium_sp_CAG_167	0	0	1.75174	0	0	0
TRPSYN-PWY: L-tryptophan biosynthesis|g__Clostridium.s__Clostridium_sp_CAG_253	0	0	0	0.53659	0	0
TRPSYN-PWY: L-tryptophan biosynthesis|g__Clostridium.s__Clostridium_sp_CAG_411	0	0	0.385434	0	0	0
TRPSYN-PWY: L-tryptophan biosynthesis|g__Coprococcus.s__Coprococcus_eutactus	0	0	0	9.54334	4.29888	5.56363
TRPSYN-PWY: L-tryptophan biosynthesis|g__Dialister.s__Dialister_succinatiphilus	0	0	0	5.42306	0	0
TRPSYN-PWY: L-tryptophan biosynthesis|g__Escherichia.s__Escherichia_coli	0	0	0	15.9426	0	0
TRPSYN-PWY: L-tryptophan biosynthesis|g__Eubacterium.s__Eubacterium_eligens	0.91832	0	0.145627	2.53174	0.192552	0.334856
TRPSYN-PWY: L-tryptophan biosynthesis|g__Eubacterium.s__Eubacterium_eligens_CAG_72	6.40097	0	0.132133	0.828157	0.195142	0
TRPSYN-PWY: L-tryptophan biosynthesis|g__Eubacterium.s__Eubacterium_hallii	1.65304	0	1.57829	0.352099	1.03846	1.68857
TRPSYN-PWY: L-tryptophan biosynthesis|g__Eubacterium.s__Eubacterium_hallii_CAG_12	0.112404	0	2.78435	0.316407	1.1815	0.69327
TRPSYN-PWY: L-tryptophan biosynthesis|g__Eubacterium.s__Eubacterium_ramulus	0	0	0.751471	2.76085	0.557508	0.67077
TRPSYN-PWY: L-tryptophan biosynthesis|g__Eubacterium.s__Eubacterium_sp_CAG_38	1.04012	0.293375	1.41523	0	0	0.400768
TRPSYN-PWY: L-tryptophan biosynthesis|g__Fusicatenibacter.s__Fusicatenibacter_saccharivorans	6.7912	15.9443	5.01739	31.6168	12.3178	1.35345
TRPSYN-PWY: L-tryptophan biosynthesis|g__Lachnospira.s__Lachnospira_pectinoschiza	0	0	2.97524	0	0	0.573622
TRPSYN-PWY: L-tryptophan biosynthesis|g__Lachnospiraceae_unclassified.s__Eubacterium_rectale	70.4792	0	0	10.5287	1.79053	0
TRPSYN-PWY: L-tryptophan biosynthesis|g__Lawsonibacter.s__Lawsonibacter_asaccharolyticus	0	1.39992	0	0	0	0
TRPSYN-PWY: L-tryptophan biosynthesis|g__Megamonas.s__Megamonas_funiformis	0	19.8477	0	0	0	0
TRPSYN-PWY: L-tryptophan biosynthesis|g__Megamonas.s__Megamonas_hypermegale	0	32.8784	0	0	0	0
TRPSYN-PWY: L-tryptophan biosynthesis|g__Monoglobus.s__Monoglobus_pectinilyticus	0	0	0	0	0	2.16981
TRPSYN-PWY: L-tryptophan biosynthesis|g__Phascolarctobacterium.s__Phascolarctobacterium_faecium	6.55064	0	0	0	0	0
TRPSYN-PWY: L-tryptophan biosynthesis|g__Roseburia.s__Roseburia_faecis	0	0.838485	11.6831	0	0	15.5887
TRPSYN-PWY: L-tryptophan biosynthesis|g__Roseburia.s__Roseburia_hominis	0	5.75482	0	3.03433	1.94365	0.560387
TRPSYN-PWY: L-tryptophan biosynthesis|g__Roseburia.s__Roseburia_intestinalis	0	0.175807	0.16615	0	0	0.255443
TRPSYN-PWY: L-tryptophan biosynthesis|g__Roseburia.s__Roseburia_intestinalis_CAG_13	0	0.271331	0.283383	0.152898	0	0.520681
TRPSYN-PWY: L-tryptophan biosynthesis|g__Roseburia.s__Roseburia_inulinivorans	0	3.06574	0	0.570835	0	8.09636
TRPSYN-PWY: L-tryptophan biosynthesis|g__Roseburia.s__Roseburia_sp_CAG_471	7.44654	0	0	0	0.520091	2.26564
TRPSYN-PWY: L-tryptophan biosynthesis|g__Ruminococcus.s__Ruminococcus_bicirculans	5.89803	1.57083	0	2.00238	0	0.86983
TRPSYN-PWY: L-tryptophan biosynthesis|g__Ruminococcus.s__Ruminococcus_bromii	0	94.9804	39.5052	19.4646	20.3693	38.2964
TRPSYN-PWY: L-tryptophan biosynthesis|g__Ruminococcus.s__Ruminococcus_callidus	0	0	0	3.87382	0	0
TRPSYN-PWY: L-tryptophan biosynthesis|g__Ruminococcus.s__Ruminococcus_lactaris	0	0	1.97272	9.77341	0.606149	0.357091
TRPSYN-PWY: L-tryptophan biosynthesis|g__Streptococcus.s__Streptococcus_salivarius	0	0	0	0.217289	0	0
TRPSYN-PWY: L-tryptophan biosynthesis|g__Streptococcus.s__Streptococcus_thermophilus	0	0	0	0.473164	0	0
TRPSYN-PWY: L-tryptophan biosynthesis|g__Streptococcus.s__Streptococcus_thermophilus_CAG_236	0	0	0	0.157721	0	0
TRPSYN-PWY: L-tryptophan biosynthesis|unclassified	40.9545	73.2789	85.0076	62.8917	35.8385	37.4456
UBISYN-PWY: superpathway of ubiquinol-8 biosynthesis (prokaryotic)	0	0	0	1.16965	0.18881	0
UBISYN-PWY: superpathway of ubiquinol-8 biosynthesis (prokaryotic)|unclassified	0	0	0	0	0.177297	0
UDPNACETYLGALSYN-PWY: UDP-N-acetyl-D-glucosamine biosynthesis II	0	0.378829	1.05425	0	0	0
UDPNACETYLGALSYN-PWY: UDP-N-acetyl-D-glucosamine biosynthesis II|unclassified	0	0.378557	0	0	0	0
UDPNAGSYN-PWY: UDP-N-acetyl-D-glucosamine biosynthesis I	96.8959	338.758	159.832	178.654	137.971	239.167
UDPNAGSYN-PWY: UDP-N-acetyl-D-glucosamine biosynthesis I|g__Bifidobacterium.s__Bifidobacterium_adolescentis	0	1.95184	0	0	0	18.0144
UDPNAGSYN-PWY: UDP-N-acetyl-D-glucosamine biosynthesis I|g__Bifidobacterium.s__Bifidobacterium_longum	0.395989	0	0.33483	0.141804	0.169238	0.577593
UDPNAGSYN-PWY: UDP-N-acetyl-D-glucosamine biosynthesis I|g__Bifidobacterium.s__Bifidobacterium_longum_CAG_69	5.66292	0.317051	10.1948	2.17024	3.27309	13.7701
UDPNAGSYN-PWY: UDP-N-acetyl-D-glucosamine biosynthesis I|g__Bifidobacterium.s__Bifidobacterium_pseudocatenulatum	0	0	9.89985	1.44674	0	10.1844
UDPNAGSYN-PWY: UDP-N-acetyl-D-glucosamine biosynthesis I|g__Bilophila.s__Bilophila_wadsworthia	0	0	0	0	3.11767	0
UDPNAGSYN-PWY: UDP-N-acetyl-D-glucosamine biosynthesis I|g__Coprococcus.s__Coprococcus_eutactus	0	0	0	5.07096	2.70004	3.00311
UDPNAGSYN-PWY: UDP-N-acetyl-D-glucosamine biosynthesis I|g__Desulfovibrio.s__Desulfovibrio_piger	0	5.01104	0	2.54452	0	0
UDPNAGSYN-PWY: UDP-N-acetyl-D-glucosamine biosynthesis I|g__Dialister.s__Dialister_invisus	0	0	0	0	14.819	0
UDPNAGSYN-PWY: UDP-N-acetyl-D-glucosamine biosynthesis I|g__Dialister.s__Dialister_invisus_CAG_218	0	0	0	0	9.85727	0
UDPNAGSYN-PWY: UDP-N-acetyl-D-glucosamine biosynthesis I|g__Dialister.s__Dialister_sp_CAG_357	0	0	0	0	0	9.49349
UDPNAGSYN-PWY: UDP-N-acetyl-D-glucosamine biosynthesis I|g__Dialister.s__Dialister_succinatiphilus	0	0	0	6.93805	0	0
UDPNAGSYN-PWY: UDP-N-acetyl-D-glucosamine biosynthesis I|g__Eggerthella.s__Eggerthella_lenta	0	0	0	0	0.885623	0
UDPNAGSYN-PWY: UDP-N-acetyl-D-glucosamine biosynthesis I|g__Escherichia.s__Escherichia_coli	0	0	0	16.0077	0	0
UDPNAGSYN-PWY: UDP-N-acetyl-D-glucosamine biosynthesis I|g__Eubacterium.s__Eubacterium_sp_CAG_274	0	0	3.9221	0	0	0
UDPNAGSYN-PWY: UDP-N-acetyl-D-glucosamine biosynthesis I|g__Faecalitalea.s__Faecalitalea_cylindroides	0	1.87754	0	0	0	0
UDPNAGSYN-PWY: UDP-N-acetyl-D-glucosamine biosynthesis I|g__Flavonifractor.s__Flavonifractor_plautii	0	0.597907	0	0	0	0
UDPNAGSYN-PWY: UDP-N-acetyl-D-glucosamine biosynthesis I|g__Intestinibacter.s__Intestinibacter_bartlettii	0	0	0	0.58434	0	0
UDPNAGSYN-PWY: UDP-N-acetyl-D-glucosamine biosynthesis I|g__Megamonas.s__Megamonas_funiformis	0	24.5455	0	0	0	0
UDPNAGSYN-PWY: UDP-N-acetyl-D-glucosamine biosynthesis I|g__Megamonas.s__Megamonas_hypermegale	0	19.2076	0	0	0	0
UDPNAGSYN-PWY: UDP-N-acetyl-D-glucosamine biosynthesis I|g__Monoglobus.s__Monoglobus_pectinilyticus	0	0	0	0	0	1.92522
UDPNAGSYN-PWY: UDP-N-acetyl-D-glucosamine biosynthesis I|g__Oxalobacter.s__Oxalobacter_formigenes	0	0	0	1.04593	0	0
UDPNAGSYN-PWY: UDP-N-acetyl-D-glucosamine biosynthesis I|g__Parasutterella.s__Parasutterella_excrementihominis	0	0	0	0	3.12774	0.887036
UDPNAGSYN-PWY: UDP-N-acetyl-D-glucosamine biosynthesis I|g__Phascolarctobacterium.s__Phascolarctobacterium_faecium	7.57591	0	0	0	0	0
UDPNAGSYN-PWY: UDP-N-acetyl-D-glucosamine biosynthesis I|g__Phascolarctobacterium.s__Phascolarctobacterium_sp_CAG_266	0	19.6085	6.27969	0	0	0
UDPNAGSYN-PWY: UDP-N-acetyl-D-glucosamine biosynthesis I|g__Ruminococcaceae_unclassified.s__Eubacterium_siraeum	0	0	4.82201	2.2954	1.02953	18.7487
UDPNAGSYN-PWY: UDP-N-acetyl-D-glucosamine biosynthesis I|g__Ruminococcus.s__Ruminococcus_bicirculans	7.62621	2.58322	0	3.30925	0	1.15704
UDPNAGSYN-PWY: UDP-N-acetyl-D-glucosamine biosynthesis I|g__Ruminococcus.s__Ruminococcus_callidus	0	0	0	4.6617	0	0
UDPNAGSYN-PWY: UDP-N-acetyl-D-glucosamine biosynthesis I|g__Streptococcus.s__Streptococcus_salivarius	0	0	0	0.357164	0	0
UDPNAGSYN-PWY: UDP-N-acetyl-D-glucosamine biosynthesis I|g__Streptococcus.s__Streptococcus_thermophilus	0	0	0	0.201613	0	0
UDPNAGSYN-PWY: UDP-N-acetyl-D-glucosamine biosynthesis I|g__Streptococcus.s__Streptococcus_thermophilus_CAG_236	0	0	0	0.219218	0	0
UDPNAGSYN-PWY: UDP-N-acetyl-D-glucosamine biosynthesis I|unclassified	41.947	149.846	68.796	48.8297	42.0897	72.1035
URDEGR-PWY: superpathway of allantoin degradation in plants	0	0	0	1.6281	0.131822	0
URDEGR-PWY: superpathway of allantoin degradation in plants|unclassified	0	0	0	0.736997	0.131822	0
URSIN-PWY: ureide biosynthesis	0	0	0.339891	0	0	0
URSIN-PWY: ureide biosynthesis|unclassified	0	0	0.337079	0	0	0
VALSYN-PWY: L-valine biosynthesis	625.019	872.131	647.746	594.84	514.806	623.541
VALSYN-PWY: L-valine biosynthesis|g__Agathobaculum.s__Agathobaculum_butyriciproducens	10.6911	11.9794	5.15009	4.97039	2.17045	4.25042
VALSYN-PWY: L-valine biosynthesis|g__Akkermansia.s__Akkermansia_muciniphila	0	1.87809	1.11357	11.5821	11.5436	13.9705
VALSYN-PWY: L-valine biosynthesis|g__Alistipes.s__Alistipes_finegoldii	5.97135	0	7.45454	29.5732	63.2879	11.6257
VALSYN-PWY: L-valine biosynthesis|g__Alistipes.s__Alistipes_indistinctus	0	0	0	2.12586	1.59222	0.633446
VALSYN-PWY: L-valine biosynthesis|g__Anaerostipes.s__Anaerostipes_hadrus	16.188	0	6.76914	14.7192	6.01228	10.3374
VALSYN-PWY: L-valine biosynthesis|g__Bacteroides.s__Bacteroides_caccae	1.27068	0	0	1.34425	1.89415	0
VALSYN-PWY: L-valine biosynthesis|g__Bacteroides.s__Bacteroides_cellulosilyticus	3.99534	0	0	5.29307	0	5.46728
VALSYN-PWY: L-valine biosynthesis|g__Bacteroides.s__Bacteroides_clarus	0	0.572597	0	1.85672	2.02741	0
VALSYN-PWY: L-valine biosynthesis|g__Bacteroides.s__Bacteroides_coprocola	31.8237	0	0	0	0	0
VALSYN-PWY: L-valine biosynthesis|g__Bacteroides.s__Bacteroides_coprocola_CAG_162	35.8148	0	0	0	0	0
VALSYN-PWY: L-valine biosynthesis|g__Bacteroides.s__Bacteroides_dorei	0	0.882573	4.37529	5.09049	33.0726	21.1899
VALSYN-PWY: L-valine biosynthesis|g__Bacteroides.s__Bacteroides_eggerthii	0	0	8.76153	3.65146	31.1459	0
VALSYN-PWY: L-valine biosynthesis|g__Bacteroides.s__Bacteroides_faecis	0	0	0	0	1.71944	0
VALSYN-PWY: L-valine biosynthesis|g__Bacteroides.s__Bacteroides_finegoldii	0	0	0	0.699376	0	0
VALSYN-PWY: L-valine biosynthesis|g__Bacteroides.s__Bacteroides_fragilis	0	0	0	0	0	2.02528
VALSYN-PWY: L-valine biosynthesis|g__Bacteroides.s__Bacteroides_fragilis_CAG_47	0	0	0	0	0	1.31772
VALSYN-PWY: L-valine biosynthesis|g__Bacteroides.s__Bacteroides_massiliensis	8.22822	0.951154	5.72079	0	6.21548	0
VALSYN-PWY: L-valine biosynthesis|g__Bacteroides.s__Bacteroides_ovatus	12.9265	0	0	4.25799	8.56812	2.76196
VALSYN-PWY: L-valine biosynthesis|g__Bacteroides.s__Bacteroides_plebeius	0	0.994425	0	1.30639	0	0
VALSYN-PWY: L-valine biosynthesis|g__Bacteroides.s__Bacteroides_plebeius_CAG_211	0	0.770448	0	0.638602	0	0
VALSYN-PWY: L-valine biosynthesis|g__Bacteroides.s__Bacteroides_salyersiae	2.53379	0	1.67893	0.467858	0	0
VALSYN-PWY: L-valine biosynthesis|g__Bacteroides.s__Bacteroides_sp_CAG_144	0	0	2.96343	0	1.19848	0
VALSYN-PWY: L-valine biosynthesis|g__Bacteroides.s__Bacteroides_sp_CAG_598	0	8.37233	0	0	0	0
VALSYN-PWY: L-valine biosynthesis|g__Bacteroides.s__Bacteroides_sp_CAG_633	0	0.841479	0	0	0	0
VALSYN-PWY: L-valine biosynthesis|g__Bacteroides.s__Bacteroides_stercoris	0	0	0.898223	1.35582	0	6.79294
VALSYN-PWY: L-valine biosynthesis|g__Bacteroides.s__Bacteroides_thetaiotaomicron	5.97044	0	4.65951	0	0	2.34425
VALSYN-PWY: L-valine biosynthesis|g__Bacteroides.s__Bacteroides_uniformis	4.13623	2.37748	8.57233	4.12728	11.7039	9.44346
VALSYN-PWY: L-valine biosynthesis|g__Bacteroides.s__Bacteroides_uniformis_CAG_3	4.03685	2.54566	7.0275	3.57453	9.81611	9.14619
VALSYN-PWY: L-valine biosynthesis|g__Bacteroides.s__Bacteroides_vulgatus	17.8053	5.70094	8.43092	2.18905	0	0
VALSYN-PWY: L-valine biosynthesis|g__Bacteroides.s__Bacteroides_vulgatus_CAG_6	21.5095	3.68024	6.03257	1.82826	0	0
VALSYN-PWY: L-valine biosynthesis|g__Bacteroides.s__Bacteroides_xylanisolvens	0	0	2.16276	0	9.17485	3.31785
VALSYN-PWY: L-valine biosynthesis|g__Barnesiella.s__Barnesiella_intestinihominis	0.748653	0.847466	0.385153	0.906294	21.8188	3.51241
VALSYN-PWY: L-valine biosynthesis|g__Barnesiella.s__Barnesiella_viscericola	0	0	5.05338	0	0	0
VALSYN-PWY: L-valine biosynthesis|g__Bifidobacterium.s__Bifidobacterium_adolescentis	0	2.92422	0	0	0	29.5329
VALSYN-PWY: L-valine biosynthesis|g__Bifidobacterium.s__Bifidobacterium_longum	3.98747	0.120833	12.7646	2.40465	3.0673	15.9923
VALSYN-PWY: L-valine biosynthesis|g__Bifidobacterium.s__Bifidobacterium_longum_CAG_69	4.11169	0.225338	12.5012	2.27731	2.98498	15.1537
VALSYN-PWY: L-valine biosynthesis|g__Bifidobacterium.s__Bifidobacterium_pseudocatenulatum	0	0	12.7281	2.05833	0	11.7877
VALSYN-PWY: L-valine biosynthesis|g__Bilophila.s__Bilophila_wadsworthia	0	0	0	0	2.98211	0
VALSYN-PWY: L-valine biosynthesis|g__Blautia.s__Blautia_obeum	24.0084	60.704	21.9386	0	15.3895	10.0848
VALSYN-PWY: L-valine biosynthesis|g__Blautia.s__Blautia_wexlerae	10.3294	0	0	14.3864	0	7.92324
VALSYN-PWY: L-valine biosynthesis|g__Blautia.s__Ruminococcus_torques	0	23.7296	36.4695	17.2929	10.6689	7.22573
VALSYN-PWY: L-valine biosynthesis|g__Butyrivibrio.s__Butyrivibrio_crossotus	0	0	15.8849	0	0	0
VALSYN-PWY: L-valine biosynthesis|g__Butyrivibrio.s__Butyrivibrio_crossotus_CAG_259	0	0	8.44217	0	0	0
VALSYN-PWY: L-valine biosynthesis|g__Butyrivibrio.s__Butyrivibrio_sp_CAG_318	0	3.53247	0	0	0	0
VALSYN-PWY: L-valine biosynthesis|g__Clostridium.s__Clostridium_sp_CAG_411	0	0	0.59263	0	0	0
VALSYN-PWY: L-valine biosynthesis|g__Clostridium.s__Clostridium_sp_CAG_632	0	0	6.95188	0	0	0
VALSYN-PWY: L-valine biosynthesis|g__Coprobacter.s__Coprobacter_fastidiosus	0	0	0	0	0	0.370591
VALSYN-PWY: L-valine biosynthesis|g__Coprococcus.s__Coprococcus_catus	0.810157	3.71862	2.27212	2.24548	2.56477	3.20773
VALSYN-PWY: L-valine biosynthesis|g__Coprococcus.s__Coprococcus_comes	2.57287	1.95374	3.06829	4.43067	1.0776	1.11892
VALSYN-PWY: L-valine biosynthesis|g__Coprococcus.s__Coprococcus_comes_CAG_19	1.80452	1.77059	2.47201	4.65977	1.08192	1.77566
VALSYN-PWY: L-valine biosynthesis|g__Coprococcus.s__Coprococcus_eutactus	0	0	0	8.90209	3.63776	4.94951
VALSYN-PWY: L-valine biosynthesis|g__Coprococcus.s__Coprococcus_eutactus_CAG_665	0	0	0	0.381039	0.155999	0.201707
VALSYN-PWY: L-valine biosynthesis|g__Desulfovibrio.s__Desulfovibrio_piger	0	7.83239	0	4.5949	0	0
VALSYN-PWY: L-valine biosynthesis|g__Dorea.s__Dorea_formicigenerans	0.555355	2.64472	0.553271	0	0.265946	0.846536
VALSYN-PWY: L-valine biosynthesis|g__Dorea.s__Dorea_formicigenerans_CAG_28	0.267528	1.7099	0.197075	0	0.464254	0.410827
VALSYN-PWY: L-valine biosynthesis|g__Dorea.s__Dorea_longicatena	0	13.7807	1.01096	0.851791	1.16596	1.96784
VALSYN-PWY: L-valine biosynthesis|g__Dorea.s__Dorea_longicatena_CAG_42	0	14.5362	1.26595	1.01482	2.15808	2.28125
VALSYN-PWY: L-valine biosynthesis|g__Dorea.s__Dorea_sp_CAG_317	0	1.3621	0	0	0	0
VALSYN-PWY: L-valine biosynthesis|g__Eggerthella.s__Eggerthella_lenta	0.508393	0	0	0	1.01831	0
VALSYN-PWY: L-valine biosynthesis|g__Escherichia.s__Escherichia_coli	0	0	0	56.0465	0	0
VALSYN-PWY: L-valine biosynthesis|g__Eubacterium.s__Eubacterium_eligens	3.34546	0	0.514756	3.80195	0.457059	0.177619
VALSYN-PWY: L-valine biosynthesis|g__Eubacterium.s__Eubacterium_eligens_CAG_72	4.4089	0	0.472024	0.27131	0.133261	0.279796
VALSYN-PWY: L-valine biosynthesis|g__Eubacterium.s__Eubacterium_hallii	2.7592	3.66419	4.15937	0.869155	1.42672	3.51188
VALSYN-PWY: L-valine biosynthesis|g__Eubacterium.s__Eubacterium_hallii_CAG_12	2.59529	1.93796	4.32834	0.817064	1.4935	2.6582
VALSYN-PWY: L-valine biosynthesis|g__Eubacterium.s__Eubacterium_ramulus	1.88087	0	1.93533	3.7952	0.881881	1.78757
VALSYN-PWY: L-valine biosynthesis|g__Eubacterium.s__Eubacterium_sp_CAG_180	0	0	0	20.1717	0	0
VALSYN-PWY: L-valine biosynthesis|g__Eubacterium.s__Eubacterium_sp_CAG_274	0	0	3.93615	0	0	0
VALSYN-PWY: L-valine biosynthesis|g__Eubacterium.s__Eubacterium_sp_CAG_38	0.798644	0.748404	1.96203	0	0	0.387268
VALSYN-PWY: L-valine biosynthesis|g__Eubacterium.s__Eubacterium_ventriosum	0	0	1.45009	0.641014	0	0
VALSYN-PWY: L-valine biosynthesis|g__Faecalibacterium.s__Faecalibacterium_prausnitzii	72.397	113.315	41.0183	7.50623	12.5798	12.2107
VALSYN-PWY: L-valine biosynthesis|g__Faecalitalea.s__Faecalitalea_cylindroides	0	1.19173	0	0	0	0
VALSYN-PWY: L-valine biosynthesis|g__Firmicutes_unclassified.s__Firmicutes_bacterium_CAG_95	0	1.73875	0	3.80243	0	0
VALSYN-PWY: L-valine biosynthesis|g__Flavonifractor.s__Flavonifractor_plautii	0	1.93061	0	0	0	0
VALSYN-PWY: L-valine biosynthesis|g__Fusicatenibacter.s__Fusicatenibacter_saccharivorans	6.7606	13.3409	4.07672	26.1759	10.1681	1.27536
VALSYN-PWY: L-valine biosynthesis|g__Gemmiger.s__Gemmiger_formicilis	16.7973	16.4282	7.56615	12.1954	4.98792	4.66098
VALSYN-PWY: L-valine biosynthesis|g__Intestinibacter.s__Intestinibacter_bartlettii	0	0	0	0.559018	0	0
VALSYN-PWY: L-valine biosynthesis|g__Lachnospira.s__Lachnospira_pectinoschiza	0	0	3.89258	0	0	0.827212
VALSYN-PWY: L-valine biosynthesis|g__Lachnospiraceae_unclassified.s__Eubacterium_rectale	80.7267	0	0	22.3381	2.55239	0
VALSYN-PWY: L-valine biosynthesis|g__Lawsonibacter.s__Lawsonibacter_asaccharolyticus	0	3.453	0	0	0	0
VALSYN-PWY: L-valine biosynthesis|g__Megamonas.s__Megamonas_funiformis	0	7.72707	0	0	0	0
VALSYN-PWY: L-valine biosynthesis|g__Megamonas.s__Megamonas_funiformis_CAG_377	0	11.3246	0	0	0	0
VALSYN-PWY: L-valine biosynthesis|g__Methanobrevibacter.s__Methanobrevibacter_smithii	0	1.04287	2.92998	0	3.2469	2.45914
VALSYN-PWY: L-valine biosynthesis|g__Methanobrevibacter.s__Methanobrevibacter_smithii_CAG_186	0	0.575591	2.41353	0	6.06754	2.91364
VALSYN-PWY: L-valine biosynthesis|g__Monoglobus.s__Monoglobus_pectinilyticus	0	0	0	0	0	1.97816
VALSYN-PWY: L-valine biosynthesis|g__Odoribacter.s__Odoribacter_laneus	0	0	1.45852	0	0	0
VALSYN-PWY: L-valine biosynthesis|g__Oxalobacter.s__Oxalobacter_formigenes	0	0	0	1.58445	0	0
VALSYN-PWY: L-valine biosynthesis|g__Parabacteroides.s__Parabacteroides_distasonis	4.63129	1.54634	6.1498	0.504274	15.5725	3.93144
VALSYN-PWY: L-valine biosynthesis|g__Parabacteroides.s__Parabacteroides_goldsteinii	0	0	0.848743	0	0	0
VALSYN-PWY: L-valine biosynthesis|g__Parabacteroides.s__Parabacteroides_merdae	1.70121	0.476802	2.54679	1.12841	0	0
VALSYN-PWY: L-valine biosynthesis|g__Parabacteroides.s__Parabacteroides_sp_CAG_409	0	2.86761	0	0	0	0
VALSYN-PWY: L-valine biosynthesis|g__Paraprevotella.s__Paraprevotella_clara	0	1.15771	0	0	0	0
VALSYN-PWY: L-valine biosynthesis|g__Paraprevotella.s__Paraprevotella_clara_CAG_116	0	2.18915	0	0	0	0
VALSYN-PWY: L-valine biosynthesis|g__Paraprevotella.s__Paraprevotella_xylaniphila	2.3517	0.253369	0	0	3.13609	0
VALSYN-PWY: L-valine biosynthesis|g__Parasutterella.s__Parasutterella_excrementihominis	0	0	0	0	2.66694	0.455298
VALSYN-PWY: L-valine biosynthesis|g__Phascolarctobacterium.s__Phascolarctobacterium_faecium	9.59464	0	0	0	0	0
VALSYN-PWY: L-valine biosynthesis|g__Prevotella.s__Prevotella_copri	0	2.14642	0	0	0	0
VALSYN-PWY: L-valine biosynthesis|g__Prevotella.s__Prevotella_copri_CAG_164	0	11.5189	0	0	0	0
VALSYN-PWY: L-valine biosynthesis|g__Prevotella.s__Prevotella_sp_CAG_279	0	4.37123	0	0	0	68.723
VALSYN-PWY: L-valine biosynthesis|g__Roseburia.s__Roseburia_faecis	0	1.71344	18.608	0	0	18.1338
VALSYN-PWY: L-valine biosynthesis|g__Roseburia.s__Roseburia_hominis	0	7.47044	0	3.97511	2.07921	1.56866
VALSYN-PWY: L-valine biosynthesis|g__Roseburia.s__Roseburia_intestinalis	0	1.40265	0.982844	1.47399	0	2.25161
VALSYN-PWY: L-valine biosynthesis|g__Roseburia.s__Roseburia_intestinalis_CAG_13	0	1.66363	0.588975	0.85155	0	1.8736
VALSYN-PWY: L-valine biosynthesis|g__Roseburia.s__Roseburia_inulinivorans	0.858028	3.69548	0.288162	1.97055	0	2.94249
VALSYN-PWY: L-valine biosynthesis|g__Roseburia.s__Roseburia_inulinivorans_CAG_15	0.40932	2.04981	0.293223	1.1612	0	3.54682
VALSYN-PWY: L-valine biosynthesis|g__Ruminococcaceae_unclassified.s__Eubacterium_siraeum	0	0	5.50629	2.78834	1.40485	25.795
VALSYN-PWY: L-valine biosynthesis|g__Ruminococcus.s__Ruminococcus_bicirculans	8.25276	3.0241	0	3.7829	0	1.46013
VALSYN-PWY: L-valine biosynthesis|g__Ruminococcus.s__Ruminococcus_bromii	0	116.763	46.0902	23.8244	25.026	43.6683
VALSYN-PWY: L-valine biosynthesis|g__Ruminococcus.s__Ruminococcus_callidus	0	0	0	4.03781	0	0
VALSYN-PWY: L-valine biosynthesis|g__Ruminococcus.s__Ruminococcus_lactaris	0	0	2.7776	10.5181	0.49246	0.49871
VALSYN-PWY: L-valine biosynthesis|g__Ruthenibacterium.s__Ruthenibacterium_lactatiformans	0	0.447682	0	0.582652	0.676953	0.273179
VALSYN-PWY: L-valine biosynthesis|g__Streptococcus.s__Streptococcus_salivarius	0	0	0	0.4599	0	0
VALSYN-PWY: L-valine biosynthesis|g__Streptococcus.s__Streptococcus_salivarius_CAG_79	0	0	0	0.196549	0	0
VALSYN-PWY: L-valine biosynthesis|g__Streptococcus.s__Streptococcus_thermophilus	0	0	0	0.351617	0	0
VALSYN-PWY: L-valine biosynthesis|g__Streptococcus.s__Streptococcus_thermophilus_CAG_236	0	0	0	0.295426	0	0
VALSYN-PWY: L-valine biosynthesis|unclassified	78.6116	230.968	166.08	169.247	107.491	120.134
